"기준_년분기_코드","행정동_코드","행정동_코드_명","총_직장_인구_수","남성_직장_인구_수","여성_직장_인구_수","연령대_10_직장_인구_수","연령대_20_직장_인구_수","연령대_30_직장_인구_수","연령대_40_직장_인구_수","연령대_50_직장_인구_수","연령대_60_이상_직장_인구_수","남성연령대_10_직장_인구_수","남성연령대_20_직장_인구_수","남성연령대_30_직장_인구_수","남성연령대_40_직장_인구_수","남성연령대_50_직장_인구_수","남성연령대_60_이상_직장_인구_수","여성연령대_10_직장_인구_수","여성연령대_20_직장_인구_수","여성연령대_30_직장_인구_수","여성연령대_40_직장_인구_수","여성연령대_50_직장_인구_수","여성연령대_60_이상_직장_인구_수"
"20191","11110600","가회동","22078","18464","3614","36","2844","8418","5997","4049","734","17","1767","7075","5310","3712","583","19","1077","1343","687","337","151"
"20191","11110560","평창동","2458","1110","1348","6","340","515","525","583","489","4","105","235","261","239","266","2","235","280","264","344","223"
"20191","11110650","혜화동","5330","2736","2594","20","907","1322","1338","1115","628","8","343","591","716","657","421","12","564","731","622","458","207"
"20191","11140650","신당5동","2047","908","1139","6","288","511","484","468","290","3","104","238","228","192","143","3","184","273","256","276","147"
"20191","11170660","이태원2동","2658","1434","1224","15","485","679","481","425","573","10","224","378","257","224","341","5","261","301","224","201","232"
"20191","11200660","성수1가2동","17968","10683","7285","57","4033","5782","3958","2544","1594","25","1632","3514","2633","1719","1160","32","2401","2268","1325","825","434"
"20191","11200570","행당2동","998","322","676","1","98","222","286","255","136","0","17","51","91","87","76","1","81","171","195","168","60"
"20191","11215820","자양1동","7709","4488","3221","23","1055","1592","1823","1990","1226","7","390","777","1071","1338","905","16","665","815","752","652","321"
"20191","11230610","답십리2동","4442","2564","1878","14","589","911","1132","1029","767","12","295","533","676","565","483","2","294","378","456","464","284"
"20191","11230560","전농1동","2902","1420","1482","21","471","594","719","664","433","11","213","293","368","308","227","10","258","301","351","356","206"
"20191","11230720","휘경1동","1731","909","822","6","230","320","375","350","450","4","98","176","194","160","277","2","132","144","181","190","173"
"20191","11260655","망우본동","5657","2618","3039","19","795","1145","1349","1431","918","4","240","481","596","683","614","15","555","664","753","748","304"
"20191","11260520","면목2동","2682","1319","1363","5","274","465","697","747","494","3","96","198","326","379","317","2","178","267","371","368","177"
"20191","11260550","면목5동","1090","703","387","1","84","177","238","350","240","0","37","101","148","226","191","1","47","76","90","124","49"
"20191","11260580","상봉1동","3074","1684","1390","12","384","484","674","892","628","9","123","199","299","555","499","3","261","285","375","337","129"
"20191","11290760","장위1동","1049","421","628","1","107","160","274","309","198","0","26","62","108","125","100","1","81","98","166","184","98"
"20191","11290620","정릉1동","1075","490","585","1","132","216","313","264","149","0","36","96","127","138","93","1","96","120","186","126","56"
"20191","11320511","창1동","1789","715","1074","6","267","383","471","466","196","4","77","143","177","195","119","2","190","240","294","271","77"
"20191","11350595","공릉1동","9988","4957","5031","30","1088","1696","2168","2483","2523","16","479","979","1116","1100","1267","14","609","717","1052","1383","1256"
"20191","11350621","중계1동","1574","660","914","7","223","282","442","395","225","2","76","112","157","161","152","5","147","170","285","234","73"
"20191","11380520","불광1동","3622","1459","2163","11","635","942","899","705","430","5","194","383","379","260","238","6","441","559","520","445","192"
"20191","11380590","응암2동","1268","590","678","1","133","267","323","341","203","0","35","91","122","189","153","1","98","176","201","152","50"
"20191","11440700","망원2동","2616","1381","1235","4","379","633","712","550","338","2","163","336","381","280","219","2","216","297","331","270","119"
"20191","11470550","목5동","6011","2067","3944","15","1121","1632","1519","1184","540","9","193","465","500","520","380","6","928","1167","1019","664","160"
"20191","11470680","신정7동","2037","865","1172","6","214","409","584","542","282","3","64","193","206","222","177","3","150","216","378","320","105"
"20191","11500620","공항동","42161","24496","17665","33","7889","13230","11673","7690","1646","13","2340","6248","7757","6718","1420","20","5549","6982","3916","972","226"
"20191","11500540","화곡1동","4984","2231","2753","25","634","1075","1238","1246","766","13","241","523","563","491","400","12","393","552","675","755","366"
"20191","11530550","구로4동","2607","1160","1447","4","305","539","727","593","439","4","96","213","309","265","273","0","209","326","418","328","166"
"20191","11530780","오류2동","4086","1971","2115","6","461","826","1028","1097","668","3","145","364","455","542","462","3","316","462","573","555","206"
"20191","11530800","항동","384","223","161","0","18","62","108","145","51","0","8","28","55","98","34","0","10","34","53","47","17"
"20191","11545680","시흥2동","1439","475","964","2","162","305","350","357","263","0","31","75","104","108","157","2","131","230","246","249","106"
"20191","11545700","시흥4동","878","295","583","0","72","163","245","277","121","0","24","59","68","90","54","0","48","104","177","187","67"
"20191","11560650","신길3동","1461","704","757","1","147","309","367","382","255","1","43","137","169","184","170","0","104","172","198","198","85"
"20191","11560540","여의동","289417","190843","98574","678","49595","105450","79873","42380","11441","172","23541","69517","58236","32411","6966","506","26054","35933","21637","9969","4475"
"20191","11590620","사당1동","5258","2885","2373","9","977","1285","1349","1002","636","3","381","731","806","549","415","6","596","554","543","453","221"
"20191","11590640","사당3동","2689","1357","1332","5","200","388","577","625","894","1","80","178","267","295","536","4","120","210","310","330","358"
"20191","11590650","사당4동","1038","481","557","0","127","200","253","221","237","0","33","76","106","100","166","0","94","124","147","121","71"
"20191","11590670","신대방1동","3115","1979","1136","8","503","782","845","600","377","7","296","548","533","355","240","1","207","234","312","245","137"
"20191","11620595","청룡동","8093","4454","3639","16","1055","1977","1953","1892","1200","5","458","1073","1031","1138","749","11","597","904","922","754","451"
"20191","11650651","양재1동","38208","22286","15922","179","6838","9462","8419","7196","6114","78","2939","5814","5422","4273","3760","101","3899","3648","2997","2923","2354"
"20191","11680720","일원본동","8169","2040","6129","2","2578","2852","1641","885","211","1","354","725","445","363","152","1","2224","2127","1196","522","59"
"20191","11710631","가락1동","11023","7712","3311","12","685","1954","2959","3328","2085","6","467","1550","2157","2092","1440","6","218","404","802","1236","645"
"20191","11710570","오금동","15122","9029","6093","22","1322","2319","2570","2817","6072","7","570","1425","1514","1472","4041","15","752","894","1056","1345","2031"
"20191","11710720","잠실7동","684","329","355","2","50","154","164","185","129","0","15","65","70","89","90","2","35","89","94","96","39"
"20191","11710646","장지동","8386","5437","2949","14","652","1289","1943","2390","2098","4","318","778","1178","1626","1533","10","334","511","765","764","565"
"20191","11740610","천호2동","7713","3664","4049","27","1481","1832","1800","1506","1067","8","500","913","896","685","662","19","981","919","904","821","405"
"20191","11740620","천호3동","4086","2247","1839","18","487","997","1077","844","663","7","182","577","650","416","415","11","305","420","427","428","248"
"20191","11110615","종로1?2?3?4가동","143437","86341","57096","2454","28973","42527","37608","23892","7983","1055","12493","24480","25653","17391","5269","1399","16480","18047","11955","6501","2714"
"20191","11140590","광희동","39354","20108","19246","151","7658","10321","9443","8086","3695","41","3776","6035","5209","3283","1764","110","3882","4286","4234","4803","1931"
"20191","11140520","소공동","136575","76047","60528","524","33412","44267","35458","19329","3585","141","12046","22753","23309","15111","2687","383","21366","21514","12149","4218","898"
"20191","11140645","청구동","2883","1713","1170","5","596","900","687","449","246","2","274","604","430","252","151","3","322","296","257","197","95"
"20191","11170700","보광동","1016","545","471","1","109","187","275","249","195","0","41","95","148","130","131","1","68","92","127","119","64"
"20191","11200590","금호1가동","986","403","583","1","118","247","263","211","146","0","27","94","93","92","97","1","91","153","170","119","49"
"20191","11200690","성수2가3동","50529","29087","21442","302","11234","13484","11969","9071","4469","156","5398","8565","7269","4708","2991","146","5836","4919","4700","4363","1478"
"20191","11200580","응봉동","464","196","268","1","55","95","115","115","83","1","19","33","30","46","67","0","36","62","85","69","16"
"20191","11215850","구의1동","4518","2658","1860","6","546","1134","1207","980","645","3","242","691","743","603","376","3","304","443","464","377","269"
"20191","11230750","이문2동","1548","594","954","3","125","177","283","531","429","3","37","67","114","169","204","0","88","110","169","362","225"
"20191","11230730","휘경2동","3830","1495","2335","25","743","916","951","810","385","13","177","386","424","312","183","12","566","530","527","498","202"
"20191","11260680","신내1동","6954","3730","3224","10","1041","1546","1591","1787","979","5","354","823","852","1014","682","5","687","723","739","773","297"
"20191","11290610","보문동","3524","1898","1626","8","414","591","692","694","1125","1","142","301","350","333","771","7","272","290","342","361","354"
"20191","11290555","삼선동","7575","3729","3846","19","980","1615","1871","2053","1037","10","336","694","926","1204","559","9","644","921","945","849","478"
"20191","11290810","석관동","5139","2979","2160","11","418","836","1088","1168","1618","2","139","382","569","687","1200","9","279","454","519","481","418"
"20191","11290770","장위2동","1833","884","949","4","194","299","520","517","299","1","76","148","246","231","182","3","118","151","274","286","117"
"20191","11290640","정릉3동","3018","1776","1242","1","439","573","869","793","343","1","150","283","519","553","270","0","289","290","350","240","73"
"20191","11305575","삼각산동","1370","426","944","4","185","324","448","261","148","1","38","104","119","89","75","3","147","220","329","172","73"
"20191","11320512","창2동","2302","1172","1130","9","284","397","638","644","330","3","111","187","286","346","239","6","173","210","352","298","91"
"20191","11320514","창4동","3819","2305","1514","2","410","610","929","1081","787","1","150","322","511","727","594","1","260","288","418","354","193"
"20191","11350720","상계10동","1083","444","639","2","107","223","289","315","147","1","27","72","104","144","96","1","80","151","185","171","51"
"20191","11350640","상계2동","4745","1878","2867","35","849","867","1075","1219","700","15","298","387","429","416","333","20","551","480","646","803","367"
"20191","11350570","월계2동","2194","1133","1061","11","248","419","593","618","305","7","94","167","280","356","229","4","154","252","313","262","76"
"20191","11350619","중계본동","2568","1163","1405","3","241","396","581","609","738","3","100","158","243","256","403","0","141","238","338","353","335"
"20191","11380552","갈현2동","3307","1251","2056","10","429","716","843","884","425","5","121","317","329","286","193","5","308","399","514","598","232"
"20191","11380530","불광2동","2655","1301","1354","5","315","565","757","649","364","2","132","301","375","319","172","3","183","264","382","330","192"
"20191","11380631","신사1동","2166","984","1182","1","268","427","521","541","408","1","78","214","243","229","219","0","190","213","278","312","189"
"20191","11380632","신사2동","1846","880","966","1","175","304","443","438","485","0","65","128","194","230","263","1","110","176","249","208","222"
"20191","11380580","응암1동","3923","1693","2230","18","513","794","1010","905","683","8","161","339","436","349","400","10","352","455","574","556","283"
"20191","11410700","남가좌2동","1685","790","895","4","213","342","457","422","247","2","59","143","212","203","171","2","154","199","245","219","76"
"20191","11410720","북가좌2동","2745","1397","1348","9","265","433","683","789","566","3","91","204","328","425","346","6","174","229","355","364","220"
"20191","11470580","신월3동","2650","1452","1198","1","205","426","657","790","571","0","75","192","324","447","414","1","130","234","333","343","157"
"20191","11470610","신월6동","1315","694","621","3","149","212","312","393","246","2","54","113","142","203","180","1","95","99","170","190","66"
"20191","11500530","등촌2동","2444","1255","1189","5","284","548","627","613","367","3","96","244","316","335","261","2","188","304","311","278","106"
"20191","11500641","방화3동","3434","1784","1650","6","257","615","769","960","827","3","74","214","415","624","454","3","183","401","354","336","373"
"20191","11530595","가리봉동","1646","675","971","0","198","290","344","406","408","0","82","147","132","137","177","0","116","143","212","269","231"
"20191","11530530","구로2동","26994","14447","12547","44","3910","7748","6998","5452","2842","24","1479","3721","3832","3415","1976","20","2431","4027","3166","2037","866"
"20191","11545610","독산1동","17166","11013","6153","58","2199","4026","4418","4229","2236","24","1212","2717","2800","2617","1643","34","987","1309","1618","1612","593"
"20191","11545620","독산2동","1737","798","939","3","172","302","454","472","334","2","52","135","202","204","203","1","120","167","252","268","131"
"20191","11545670","시흥1동","10095","4537","5558","45","1637","2399","2108","2189","1717","19","689","1167","906","997","759","26","948","1232","1202","1192","958"
"20191","11560560","당산2동","31654","17942","13712","149","5802","7247","7085","5472","5899","49","2312","4058","3845","3159","4519","100","3490","3189","3240","2313","1380"
"20191","11560630","신길1동","3793","1880","1913","13","521","642","769","937","911","6","152","286","401","476","559","7","369","356","368","461","352"
"20191","11590510","노량진1동","4361","2361","2000","21","563","1004","1036","1123","614","8","244","578","621","584","326","13","319","426","415","539","288"
"20191","11590630","사당2동","3878","1520","2358","22","520","729","929","1091","587","11","175","331","372","356","275","11","345","398","557","735","312"
"20191","11590651","사당5동","1018","467","551","3","151","239","276","244","105","2","62","94","116","114","79","1","89","145","160","130","26"
"20191","11620525","보라매동","5519","2385","3134","15","812","1544","1810","959","379","6","294","581","724","537","243","9","518","963","1086","422","136"
"20191","11620745","삼성동","1187","506","681","4","129","216","288","297","253","2","25","78","116","122","163","2","104","138","172","175","90"
"20191","11620605","은천동","3516","1561","1955","3","451","650","804","885","723","2","135","302","347","373","402","1","316","348","457","512","321"
"20191","11650580","반포3동","8957","3752","5205","56","1546","2181","1847","1782","1545","15","648","1012","863","588","626","41","898","1169","984","1194","919"
"20191","11650520","서초2동","59563","35587","23976","318","12002","19135","15875","8071","4162","63","5251","11380","10422","5603","2868","255","6751","7755","5453","2468","1294"
"20191","11680600","대치1동","3796","1554","2242","24","644","954","945","720","509","3","157","365","396","304","329","21","487","589","549","416","180"
"20191","11680730","일원1동","3606","1816","1790","5","409","610","833","959","790","3","214","335","416","426","422","2","195","275","417","533","368"
"20191","11710531","거여1동","3328","1844","1484","9","269","558","672","838","982","6","149","352","400","391","546","3","120","206","272","447","436"
"20191","11710690","잠실4동","1075","421","654","1","124","216","294","243","197","0","31","61","84","95","150","1","93","155","210","148","47"
"20191","11740530","명일1동","3436","1391","2045","6","383","513","740","877","917","4","124","241","307","300","415","2","259","272","433","577","502"
"20191","11740590","암사3동","1221","532","689","4","148","299","338","303","129","2","40","121","144","140","85","2","108","178","194","163","44"
"20191","11740600","천호1동","2592","1223","1369","15","306","596","669","601","405","11","120","282","293","266","251","4","186","314","376","335","154"
"20191","11110630","종로5?6가동","19684","12214","7470","404","3378","5487","5334","3550","1531","121","1541","3489","3587","2440","1036","283","1837","1998","1747","1110","495"
"20191","11110690","창신3동","448","219","229","2","42","83","108","140","73","0","11","27","55","70","56","2","31","56","53","70","17"
"20191","11170520","용산2가동","3562","1740","1822","7","293","575","1401","1006","280","2","143","284","584","567","160","5","150","291","817","439","120"
"20191","11170630","이촌1동","2103","947","1156","8","294","464","520","437","380","3","85","183","210","201","265","5","209","281","310","236","115"
"20191","11170640","이촌2동","513","294","219","2","100","132","97","88","94","2","55","86","58","49","44","0","45","46","39","39","50"
"20191","11170685","한남동","16602","8805","7797","67","4300","5482","3492","2018","1243","36","1720","3034","2137","1173","705","31","2580","2448","1355","845","538"
"20191","11200615","금호2?3가동","1252","466","786","2","190","267","285","286","222","1","46","112","108","91","108","1","144","155","177","195","114"
"20191","11200620","금호4가동","1021","359","662","7","145","254","224","236","155","3","40","91","77","71","77","4","105","163","147","165","78"
"20191","11200650","성수1가1동","8039","4769","3270","54","1607","2336","1885","1427","730","26","644","1373","1207","958","561","28","963","963","678","469","169"
"20191","11200520","왕십리2동","1218","562","656","3","158","276","339","251","191","2","52","116","153","113","126","1","106","160","186","138","65"
"20191","11200535","왕십리도선동","8357","4135","4222","29","1643","1908","1843","1709","1225","14","573","984","1008","880","676","15","1070","924","835","829","549"
"20191","11215847","자양4동","3026","1633","1393","16","520","654","734","655","447","5","231","391","389","321","296","11","289","263","345","334","151"
"20191","11215770","중곡4동","2556","1405","1151","5","289","494","642","694","432","3","108","255","334","391","314","2","181","239","308","303","118"
"20191","11215710","화양동","8389","3920","4469","42","1987","2320","1750","1467","823","16","663","1013","933","785","510","26","1324","1307","817","682","313"
"20191","11230650","장안1동","14251","8185","6066","56","1895","3112","3330","3017","2841","23","842","1744","1940","1707","1929","33","1053","1368","1390","1310","912"
"20191","11230570","전농2동","3388","1630","1758","0","389","865","886","855","393","0","117","332","429","468","284","0","272","533","457","387","109"
"20191","11260590","상봉2동","7399","4636","2763","36","1041","1736","2045","1665","876","18","515","1166","1274","1082","581","18","526","570","771","583","295"
"20191","11260610","중화2동","3128","1737","1391","6","271","488","720","734","909","5","104","251","386","366","625","1","167","237","334","368","284"
"20191","11290705","종암동","4074","1881","2193","11","608","900","1065","1012","478","3","206","466","505","478","223","8","402","434","560","534","255"
"20191","11305595","번1동","4381","2302","2079","13","571","865","963","1157","812","6","204","500","510","642","440","7","367","365","453","515","372"
"20191","11320710","방학3동","1923","801","1122","0","153","256","466","616","432","0","42","80","178","223","278","0","111","176","288","393","154"
"20191","11320515","창5동","5359","2602","2757","21","721","1290","1411","1338","578","11","229","608","707","715","332","10","492","682","704","623","246"
"20191","11350695","상계6?7동","9378","3548","5830","22","1645","2288","2358","2025","1040","7","364","772","884","992","529","15","1281","1516","1474","1033","511"
"20191","11350625","중계2?3동","2961","1191","1770","6","367","583","755","839","411","2","131","265","284","283","226","4","236","318","471","556","185"
"20191","11380551","갈현1동","2373","1022","1351","13","417","494","594","520","335","5","152","244","220","222","179","8","265","250","374","298","156"
"20191","11380690","진관동","5937","3156","2781","40","867","1139","1527","1684","680","16","366","603","766","965","440","24","501","536","761","719","240"
"20191","11410640","홍제3동","1608","605","1003","2","198","314","382","351","361","1","51","96","128","127","202","1","147","218","254","224","159"
"20191","11440600","대흥동","5999","3092","2907","24","935","1540","1460","1288","752","10","339","717","830","748","448","14","596","823","630","540","304"
"20191","11440585","도화동","15724","8694","7030","52","3083","4161","3730","3001","1697","25","1382","2390","2205","1504","1188","27","1701","1771","1525","1497","509"
"20191","11440690","망원1동","3022","1548","1474","11","578","777","742","560","354","2","258","440","414","248","186","9","320","337","328","312","168"
"20191","11440660","서교동","50731","25356","25375","357","13771","13836","10723","7072","4972","150","5374","7677","6283","3365","2507","207","8397","6159","4440","3707","2465"
"20191","11440555","아현동","17632","9938","7694","65","3237","5428","4153","3509","1240","27","1318","3200","2744","1914","735","38","1919","2228","1409","1595","505"
"20191","11470530","목3동","2635","1200","1435","8","399","596","569","556","507","3","136","297","269","243","252","5","263","299","300","313","255"
"20191","11470630","신정2동","1895","788","1107","6","231","341","518","495","304","2","72","149","207","175","183","4","159","192","311","320","121"
"20191","11500603","가양1동","30963","20293","10670","143","5663","9407","9249","4456","2045","64","2653","6135","6854","3115","1472","79","3010","3272","2395","1341","573"
"20191","11500611","발산1동","8033","4167","3866","20","980","1821","2078","2036","1098","8","295","900","1062","1125","777","12","685","921","1016","911","321"
"20191","11500560","화곡3동","2040","884","1156","7","270","363","460","511","429","3","70","165","213","218","215","4","200","198","247","293","214"
"20191","11530730","고척2동","2077","943","1134","4","201","359","561","568","384","1","85","168","207","255","227","3","116","191","354","313","157"
"20191","11530540","구로3동","81224","49147","32077","399","18112","26595","19145","10797","6176","234","8479","17533","12874","6032","3995","165","9633","9062","6271","4765","2181"
"20191","11530770","오류1동","2970","1419","1551","19","419","508","673","759","592","12","182","255","273","295","402","7","237","253","400","464","190"
"20191","11560515","영등포본동","3241","1470","1771","16","421","554","701","881","668","8","173","266","316","333","374","8","248","288","385","548","294"
"20191","11620775","난곡동","1198","464","734","2","170","269","306","308","143","1","44","89","129","132","69","1","126","180","177","176","74"
"20191","11620715","난향동","1139","474","665","0","91","172","272","286","318","0","13","48","99","96","218","0","78","124","173","190","100"
"20191","11620765","미성동","3179","1548","1631","12","311","542","766","875","673","2","111","255","356","422","402","10","200","287","410","453","271"
"20191","11620665","서림동","1704","987","717","3","141","267","418","471","404","2","69","151","212","266","287","1","72","116","206","205","117"
"20191","11620565","성현동","1764","816","948","6","226","365","485","395","287","2","101","185","196","172","160","4","125","180","289","223","127"
"20191","11620655","신원동","994","362","632","0","108","189","234","246","217","0","34","65","83","81","99","0","74","124","151","165","118"
"20191","11650560","반포1동","8562","4787","3775","37","1902","2889","1902","1129","703","10","815","1730","1176","612","444","27","1087","1159","726","517","259"
"20191","11680630","대치4동","27945","15764","12181","159","5724","9571","7266","3571","1654","24","2330","5534","4511","2257","1108","135","3394","4037","2755","1314","546"
"20191","11680580","삼성1동","95170","56571","38599","393","22596","31912","21038","11855","7376","163","9678","19363","14979","7704","4684","230","12918","12549","6059","4151","2692"
"20191","11680510","신사동","31254","14082","17172","1293","11195","8398","5274","3100","1994","492","4148","4034","2734","1435","1239","801","7047","4364","2540","1665","755"
"20191","11680650","역삼2동","50568","27234","23334","313","12803","14364","11219","7644","4225","127","5212","8159","6949","4323","2464","186","7591","6205","4270","3321","1761"
"20191","11680740","일원2동","13682","10639","3043","90","3966","3979","2515","2127","1005","66","3217","3449","1944","1431","532","24","749","530","571","696","473"
"20191","11710532","거여2동","2375","953","1422","5","239","414","613","706","398","2","79","199","274","230","169","3","160","215","339","476","229"
"20191","11710550","마천2동","3313","1911","1402","11","378","620","800","931","573","6","180","364","429","531","401","5","198","256","371","400","172"
"20191","11710562","방이2동","14630","8830","5800","46","2427","3990","3456","2794","1917","23","1193","2520","2216","1580","1298","23","1234","1470","1240","1214","619"
"20191","11710610","삼전동","8000","4843","3157","20","967","1545","1622","1759","2087","9","442","931","955","884","1622","11","525","614","667","875","465"
"20191","11710580","송파1동","6904","3934","2970","29","1123","1597","1552","1413","1190","16","559","975","922","717","745","13","564","622","630","696","445"
"20191","11710520","풍납2동","14057","4588","9469","17","3614","4500","3422","1801","703","7","650","1311","1189","902","529","10","2964","3189","2233","899","174"
"20191","11740520","상일동","3954","1538","2416","7","656","989","791","840","671","5","133","354","354","428","264","2","523","635","437","412","407"
"20191","11110530","사직동","67930","38848","29082","108","10745","20295","18734","11917","6131","48","3864","11108","12315","7925","3588","60","6881","9187","6419","3992","2543"
"20191","11110680","창신2동","650","249","401","0","69","111","159","203","108","0","20","47","73","70","39","0","49","64","86","133","69"
"20191","11110515","청운효자동","7211","4592","2619","7","1437","2226","1635","1482","424","3","864","1427","1032","1013","253","4","573","799","603","469","171"
"20191","11140665","동화동","2751","1283","1468","10","719","698","583","487","254","5","250","361","309","211","147","5","469","337","274","276","107"
"20191","11140550","명동","167717","87231","80486","790","35893","55960","42716","23967","8391","270","14352","27295","24503","15716","5095","520","21541","28665","18213","8251","3296"
"20191","11170590","용문동","1069","510","559","2","116","265","300","228","158","0","36","142","170","90","72","2","80","123","130","138","86"
"20191","11170555","청파동","6149","3330","2819","12","868","1474","1567","1325","903","6","313","706","826","785","694","6","555","768","741","540","209"
"20191","11170510","후암동","3345","1676","1669","12","470","736","794","920","413","6","154","392","467","422","235","6","316","344","327","498","178"
"20191","11200540","마장동","11601","7912","3689","19","1047","2455","2964","3393","1723","15","631","1670","2077","2301","1218","4","416","785","887","1092","505"
"20191","11200550","사근동","8063","3997","4066","8","1727","1898","2171","1657","602","6","517","885","1100","1033","456","2","1210","1013","1071","624","146"
"20191","11215840","자양3동","2999","1432","1567","17","509","736","748","585","404","11","181","366","368","247","259","6","328","370","380","338","145"
"20191","11230536","용신동","28357","14627","13730","99","4098","6904","7323","5942","3991","55","1681","3791","3761","3005","2334","44","2417","3113","3562","2937","1657"
"20191","11230660","장안2동","7012","3396","3616","37","1055","1459","1797","1663","1001","13","424","733","904","782","540","24","631","726","893","881","461"
"20191","11260540","면목4동","1827","1098","729","4","202","287","468","638","228","0","72","136","282","446","162","4","130","151","186","192","66"
"20191","11260565","면목본동","2473","944","1529","6","307","451","646","702","361","3","84","198","261","231","167","3","223","253","385","471","194"
"20191","11260630","묵2동","1956","954","1002","3","268","420","500","506","259","1","96","211","248","251","147","2","172","209","252","255","112"
"20191","11290580","돈암1동","988","358","630","0","134","223","266","243","122","0","36","73","102","77","70","0","98","150","164","166","52"
"20191","11305603","번2동","2150","1295","855","5","209","289","556","749","342","4","98","143","308","513","229","1","111","146","248","236","113"
"20191","11305534","삼양동","1509","584","925","0","186","313","384","381","245","0","37","97","127","155","168","0","149","216","257","226","77"
"20191","11305635","수유3동","5166","2673","2493","23","651","1244","1257","1295","696","14","259","605","639","727","429","9","392","639","618","568","267"
"20191","11305645","우이동","2474","1516","958","5","217","310","473","781","688","1","86","175","282","524","448","4","131","135","191","257","240"
"20191","11305660","인수동","3585","1572","2013","4","450","710","882","920","619","2","136","311","376","386","361","2","314","399","506","534","258"
"20191","11320680","쌍문3동","2285","975","1310","6","504","499","529","522","225","3","139","221","230","251","131","3","365","278","299","271","94"
"20191","11320513","창3동","941","340","601","3","94","178","251","270","145","3","19","54","92","93","79","0","75","124","159","177","66"
"20191","11350700","상계8동","1155","395","760","1","128","211","377","298","140","1","41","67","74","107","105","0","87","144","303","191","35"
"20191","11350580","월계3동","1906","881","1025","2","159","282","529","582","352","2","50","129","219","266","215","0","109","153","310","316","137"
"20191","11380560","구산동","4295","1974","2321","9","462","733","976","1394","721","3","148","280","423","743","377","6","314","453","553","651","344"
"20191","11380570","대조동","3568","1412","2156","15","423","665","930","906","629","6","139","266","380","326","295","9","284","399","550","580","334"
"20191","11410585","신촌동","20783","8296","12487","85","5706","6273","4530","3030","1159","34","1643","2372","1907","1632","708","51","4063","3901","2623","1398","451"
"20191","11440740","상암동","34934","21101","13833","53","7458","12095","9300","4306","1722","29","2830","7077","6709","3117","1339","24","4628","5018","2591","1189","383"
"20191","11440730","성산2동","9924","4717","5207","8","740","1430","1849","2915","2982","5","267","574","900","1256","1715","3","473","856","949","1659","1267"
"20191","11440610","염리동","7910","5421","2489","89","1385","2170","1977","1389","900","36","848","1595","1512","821","609","53","537","575","465","568","291"
"20191","11440680","합정동","11632","6313","5319","50","2628","3757","2980","1506","711","22","895","1997","1911","1015","473","28","1733","1760","1069","491","238"
"20191","11470600","신월5동","2709","1587","1122","2","227","367","522","570","1021","2","72","135","195","267","916","0","155","232","327","303","105"
"20191","11470611","신월7동","3534","2337","1197","2","338","529","848","1057","760","1","225","346","495","682","588","1","113","183","353","375","172"
"20191","11500591","화곡6동","10074","5950","4124","17","1192","2273","2554","2573","1465","9","536","1259","1562","1639","945","8","656","1014","992","934","520"
"20191","11530720","고척1동","6433","3720","2713","19","708","1161","1545","1604","1396","8","307","647","874","906","978","11","401","514","671","698","418"
"20191","11560670","신길5동","1325","601","724","1","149","288","297","359","231","0","73","134","129","147","118","1","76","154","168","212","113"
"20191","11560620","양평2동","34736","18830","15906","148","6297","11583","10286","4810","1612","64","2822","6496","5450","2843","1155","84","3475","5087","4836","1967","457"
"20191","11590520","노량진2동","5545","2937","2608","17","721","1405","1330","1317","755","7","368","615","687","778","482","10","353","790","643","539","273"
"20191","11590530","상도1동","4961","2415","2546","19","766","1128","1279","1073","696","7","313","516","598","572","409","12","453","612","681","501","287"
"20191","11590680","신대방2동","16509","9077","7432","63","2524","4856","4648","3253","1165","18","1048","2635","2685","1984","707","45","1476","2221","1963","1269","458"
"20191","11620630","남현동","4904","2921","1983","28","989","1157","1184","1043","503","20","495","708","765","586","347","8","494","449","419","457","156"
"20191","11620625","인헌동","2433","1157","1276","6","376","622","598","464","367","2","119","319","268","205","244","4","257","303","330","259","123"
"20191","11650510","서초1동","39718","21220","18498","202","9422","11477","9247","6208","3162","94","3989","6751","5477","2946","1963","108","5433","4726","3770","3262","1199"
"20191","11680656","도곡2동","30747","12655","18092","183","5446","7598","9009","5554","2957","83","2196","3807","3072","1892","1605","100","3250","3791","5937","3662","1352"
"20191","11710540","마천1동","1117","512","605","0","117","210","311","297","182","0","35","95","112","144","126","0","82","115","199","153","56"
"20191","11710647","위례동","2302","1327","975","23","237","445","642","750","205","3","66","199","353","547","159","20","171","246","289","203","46"
"20191","11710510","풍납1동","1433","647","786","4","152","296","361","360","260","1","48","126","153","153","166","3","104","170","208","207","94"
"20191","11740700","둔촌2동","7335","3495","3840","9","1381","1991","1593","1536","825","5","448","947","793","786","516","4","933","1044","800","750","309"
"20191","11110700","숭인1동","682","351","331","1","93","153","201","153","81","1","40","83","101","74","52","0","53","70","100","79","29"
"20191","11140625","다산동","7836","3726","4110","74","2083","1989","1534","1340","816","33","748","981","848","657","459","41","1335","1008","686","683","357"
"20191","11140570","필동","24350","12720","11630","84","4083","6125","6415","5000","2643","35","1541","3329","3635","2495","1685","49","2542","2796","2780","2505","958"
"20191","11140670","황학동","3219","1885","1334","5","602","830","742","649","391","2","290","503","469","379","242","3","312","327","273","270","149"
"20191","11140540","회현동","76685","45108","31577","363","14243","27206","22817","9742","2314","145","6949","15502","14212","6671","1629","218","7294","11704","8605","3071","685"
"20191","11170560","원효로1동","17174","8626","8548","149","4102","5899","4150","1920","954","62","1779","3149","2068","1024","544","87","2323","2750","2082","896","410"
"20191","11200670","성수2가1동","43193","19413","23780","180","7257","10311","12671","11492","1282","124","4443","7286","4750","1915","895","56","2814","3025","7921","9577","387"
"20191","11200720","송정동","1881","1116","765","6","281","496","489","360","249","5","140","306","240","236","189","1","141","190","249","124","60"
"20191","11200790","용답동","27742","22399","5343","89","3517","5161","8290","8567","2118","45","2116","3906","7089","7543","1700","44","1401","1255","1201","1024","418"
"20191","11200560","행당1동","6246","3319","2927","35","967","1426","1587","1521","710","15","341","638","855","994","476","20","626","788","732","527","234"
"20191","11215860","구의2동","3373","1729","1644","27","400","687","805","879","575","12","159","322","411","461","364","15","241","365","394","418","211"
"20191","11215730","군자동","6946","3534","3412","14","1303","1565","1730","1583","751","6","554","843","982","737","412","8","749","722","748","846","339"
"20191","11215750","중곡2동","4024","1994","2030","6","522","826","969","997","704","1","214","420","488","479","392","5","308","406","481","518","312"
"20191","11230705","청량리동","5924","3288","2636","30","1044","1490","1270","1294","796","15","481","885","733","710","464","15","563","605","537","584","332"
"20191","11260575","면목3?8동","3594","1904","1690","4","493","686","963","980","468","0","158","285","526","612","323","4","335","401","437","368","145"
"20191","11260690","신내2동","4381","2098","2283","7","506","969","1137","1147","615","3","159","404","506","654","372","4","347","565","631","493","243"
"20191","11260600","중화1동","1938","747","1191","5","226","362","552","549","244","1","68","131","225","202","120","4","158","231","327","347","124"
"20191","11290660","길음1동","2357","854","1503","14","325","466","632","539","381","8","63","170","194","200","219","6","262","296","438","339","162"
"20191","11290525","성북동","4429","2129","2300","34","809","1204","1163","766","453","14","290","606","574","391","254","20","519","598","589","375","199"
"20191","11290600","안암동","9936","4967","4969","25","1886","2994","2522","1787","722","6","550","1305","1427","1177","502","19","1336","1689","1095","610","220"
"20191","11290780","장위3동","1651","956","695","7","164","253","376","488","363","4","61","118","192","298","283","3","103","135","184","190","80"
"20191","11305545","송중동","3683","1656","2027","24","567","813","974","809","496","14","229","375","416","331","291","10","338","438","558","478","205"
"20191","11305615","수유1동","3082","1578","1504","3","266","526","833","931","523","0","77","258","430","507","306","3","189","268","403","424","217"
"20191","11320522","도봉2동","5151","2802","2349","4","375","794","1048","1094","1836","0","148","344","500","606","1204","4","227","450","548","488","632"
"20191","11320690","방학1동","5378","2908","2470","25","664","893","1152","1549","1095","9","269","459","569","847","755","16","395","434","583","702","340"
"20191","11320700","방학2동","1350","586","764","2","137","254","339","332","286","2","61","125","146","114","138","0","76","129","193","218","148"
"20191","11350630","상계1동","6272","3354","2918","16","487","903","1410","1523","1933","9","208","493","677","762","1205","7","279","410","733","761","728"
"20191","11350665","상계3?4동","2801","1683","1118","5","191","330","703","964","608","2","57","170","386","638","430","3","134","160","317","326","178"
"20191","11350670","상계5동","2568","1195","1373","4","210","312","509","679","854","1","94","176","219","270","435","3","116","136","290","409","419"
"20191","11350612","하계2동","681","247","434","3","61","108","203","211","95","2","13","32","51","68","81","1","48","76","152","143","14"
"20191","11410710","북가좌1동","2011","1197","814","11","226","336","436","527","475","7","58","150","228","347","407","4","168","186","208","180","68"
"20191","11410555","북아현동","1354","541","813","2","157","223","350","363","259","0","48","98","134","127","134","2","109","125","216","236","125"
"20191","11500550","화곡2동","1698","825","873","4","251","470","454","376","143","1","108","260","209","153","94","3","143","210","245","223","49"
"20191","11530740","개봉1동","3214","1478","1736","7","367","528","809","923","580","6","146","267","339","390","330","1","221","261","470","533","250"
"20191","11530750","개봉2동","1512","589","923","5","211","276","410","366","244","1","47","98","155","156","132","4","164","178","255","210","112"
"20191","11530520","구로1동","2474","1095","1379","11","206","504","576","460","717","1","99","282","291","195","227","10","107","222","285","265","490"
"20191","11560710","대림2동","2274","1012","1262","2","204","493","736","492","347","0","51","223","263","248","227","2","153","270","473","244","120"
"20191","11560720","대림3동","7949","4537","3412","33","976","1743","2077","1865","1255","20","461","1099","1292","992","673","13","515","644","785","873","582"
"20191","11560585","도림동","2088","1227","861","6","187","403","543","520","429","3","72","238","347","301","266","3","115","165","196","219","163"
"20191","11560680","신길6동","2862","1412","1450","7","367","584","696","656","552","3","138","289","314","309","359","4","229","295","382","347","193"
"20191","11560690","신길7동","2450","1420","1030","6","378","580","625","584","277","4","185","366","383","293","189","2","193","214","242","291","88"
"20191","11560610","양평1동","19331","10609","8722","96","3956","4592","4250","3780","2657","51","1926","2821","2366","1778","1667","45","2030","1771","1884","2002","990"
"20191","11590560","상도4동","1900","727","1173","3","275","363","498","452","309","1","83","153","191","165","134","2","192","210","307","287","175"
"20191","11620735","대학동","2498","1349","1149","11","292","492","635","708","360","5","116","248","347","406","227","6","176","244","288","302","133"
"20191","11620685","신사동","2145","1037","1108","1","281","447","537","546","333","0","91","227","280","255","184","1","190","220","257","291","149"
"20191","11650660","내곡동","6649","4265","2384","18","866","1769","1720","1510","766","9","383","1100","1175","1057","541","9","483","669","545","453","225"
"20191","11650581","반포4동","32641","13295","19346","120","8659","9816","7225","4472","2349","44","2045","3967","3498","2354","1387","76","6614","5849","3727","2118","962"
"20191","11650530","서초3동","79305","45152","34153","266","14827","23820","20852","12693","6847","87","5481","13292","13222","8187","4883","179","9346","10528","7630","4506","1964"
"20191","11650540","잠원동","20195","12226","7969","52","3999","6457","5162","2737","1788","16","1481","4020","3669","1810","1230","36","2518","2437","1493","927","558"
"20191","11680690","개포4동","10027","5731","4296","21","1227","2152","2640","2286","1701","10","549","1313","1486","1211","1162","11","678","839","1154","1075","539"
"20191","11680655","도곡1동","14354","7887","6467","78","3102","4460","3323","2061","1330","42","1300","2547","1932","1166","900","36","1802","1913","1391","895","430"
"20191","11680565","청담동","45278","21858","23420","302","13061","15152","9217","4565","2981","87","4122","7448","5590","2713","1898","215","8939","7704","3627","1852","1083"
"20191","11710620","가락본동","24896","14462","10434","62","3810","6208","6060","5420","3336","28","1653","3674","3833","3164","2110","34","2157","2534","2227","2256","1226"
"20191","11710566","오륜동","4582","2664","1918","12","562","977","952","1176","903","9","321","543","560","698","533","3","241","434","392","478","370"
"20191","11710670","잠실2동","3487","1919","1568","5","716","932","873","680","281","3","389","490","473","355","209","2","327","442","400","325","72"
"20191","11710710","잠실6동","88340","48160","40180","416","17553","27323","24041","16357","2650","215","8992","18093","13605","5620","1635","201","8561","9230","10436","10737","1015"
"20191","11740515","강일동","21228","17048","4180","12","2314","8474","5804","3634","990","8","1375","6738","4915","3170","842","4","939","1736","889","464","148"
"20191","11740650","성내2동","3709","1937","1772","18","612","835","816","791","637","9","239","446","418","409","416","9","373","389","398","382","221"
"20191","11740570","암사1동","2587","1219","1368","12","278","497","623","695","482","7","117","254","268","310","263","5","161","243","355","385","219"
"20191","11740580","암사2동","2588","1040","1548","5","239","410","614","795","525","2","83","181","229","221","324","3","156","229","385","574","201"
"20191","11110580","교남동","4263","1469","2794","3","1308","1346","811","537","258","0","262","400","350","280","177","3","1046","946","461","257","81"
"20191","11110540","삼청동","3997","2069","1928","24","696","1180","1076","752","269","10","220","606","660","437","136","14","476","574","416","315","133"
"20191","11110710","숭인2동","2862","1395","1467","9","380","577","690","647","559","4","140","302","342","309","298","5","240","275","348","338","261"
"20191","11140580","장충동","9556","5427","4129","30","2585","3045","2226","1199","471","15","1002","1700","1530","858","322","15","1583","1345","696","341","149"
"20191","11170530","남영동","34728","16369","18359","921","13344","9184","5765","3545","1969","310","3842","5308","3731","1901","1277","611","9502","3876","2034","1644","692"
"20191","11170570","원효로2동","5206","3489","1717","32","703","1432","1296","810","933","21","400","994","928","532","614","11","303","438","368","278","319"
"20191","11170650","이태원1동","5639","3148","2491","32","1362","1611","1115","966","553","15","728","887","577","605","336","17","634","724","538","361","217"
"20191","11170625","한강로동","71276","40116","31160","421","18503","23950","17099","7864","3439","174","7553","13511","11079","5428","2371","247","10950","10439","6020","2436","1068"
"20191","11170580","효창동","1878","990","888","4","235","414","524","454","247","0","82","211","298","238","161","4","153","203","226","216","86"
"20191","11230545","제기동","6219","3505","2714","15","793","1229","1528","1538","1116","9","371","689","875","846","715","6","422","540","653","692","401"
"20191","11290685","길음2동","2179","746","1433","17","347","450","562","500","303","5","96","182","203","131","129","12","251","268","359","369","174"
"20191","11290650","정릉4동","2920","1794","1126","4","287","429","740","915","545","1","73","206","478","637","399","3","214","223","262","278","146"
"20191","11320670","쌍문2동","3122","1626","1496","12","294","493","639","770","914","9","112","246","279","368","612","3","182","247","360","402","302"
"20191","11350600","공릉2동","6610","3068","3542","8","884","1398","1658","1653","1009","7","230","565","704","816","746","1","654","833","954","837","263"
"20191","11350710","상계9동","1340","493","847","2","125","271","398","375","169","0","28","86","112","152","115","2","97","185","286","223","54"
"20191","11350611","하계1동","7895","4247","3648","26","1354","1928","1887","1931","769","21","536","974","1044","1195","477","5","818","954","843","736","292"
"20191","11380650","수색동","1487","704","783","8","264","314","336","337","228","3","56","112","182","208","143","5","208","202","154","129","85"
"20191","11380625","역촌동","4272","1926","2346","10","496","834","1091","1061","780","5","179","369","501","447","425","5","317","465","590","614","355"
"20191","11380600","응암3동","2822","1135","1687","9","378","560","742","710","423","5","148","237","282","261","202","4","230","323","460","449","221"
"20191","11410615","연희동","8949","4709","4240","13","1327","2137","2163","2087","1222","3","536","1089","1097","1185","799","10","791","1048","1066","902","423"
"20191","11410520","천연동","1676","717","959","5","198","323","452","462","236","4","67","124","192","194","136","1","131","199","260","268","100"
"20191","11410660","홍은1동","1529","606","923","10","195","303","387","428","206","5","69","117","125","166","124","5","126","186","262","262","82"
"20191","11410685","홍은2동","3635","1934","1701","5","479","727","844","987","593","2","174","339","442","565","412","3","305","388","402","422","181"
"20191","11440565","공덕동","16201","9223","6978","62","3205","4070","4388","3129","1347","21","1472","2281","2601","2065","783","41","1733","1789","1787","1064","564"
"20191","11440720","성산1동","8778","5671","3107","19","1185","1774","1887","1586","2327","12","480","990","1167","1014","2008","7","705","784","720","572","319"
"20191","11440630","신수동","4623","2565","2058","21","703","1316","1288","850","445","7","280","729","748","500","301","14","423","587","540","350","144"
"20191","11440590","용강동","19285","10537","8748","113","3272","4704","4664","3895","2637","41","1368","2752","2853","1917","1606","72","1904","1952","1811","1978","1031"
"20191","11470510","목1동","14479","8570","5909","69","2584","3766","3915","2989","1156","24","1032","2131","2585","2068","730","45","1552","1635","1330","921","426"
"20191","11470520","목2동","2555","1302","1253","5","324","680","691","549","306","3","128","391","334","282","164","2","196","289","357","267","142"
"20191","11470540","목4동","2250","977","1273","3","226","393","543","611","474","3","91","159","232","230","262","0","135","234","311","381","212"
"20191","11500604","가양2동","2286","1182","1104","11","311","488","450","426","600","6","101","222","216","182","455","5","210","266","234","244","145"
"20191","11500605","가양3동","5778","3492","2286","53","1185","1567","1540","974","459","31","638","973","957","585","308","22","547","594","583","389","151"
"20191","11500640","방화2동","6166","4143","2023","18","889","1329","1536","1403","991","7","511","887","1035","970","733","11","378","442","501","433","258"
"20191","11500570","화곡4동","1932","908","1024","4","256","400","503","514","255","4","80","205","224","232","163","0","176","195","279","282","92"
"20191","11545710","시흥5동","2065","1069","996","5","146","285","548","697","384","3","40","122","286","387","231","2","106","163","262","310","153"
"20191","11560550","당산1동","18815","10258","8557","86","2855","4423","4176","4086","3189","48","1176","2406","2414","2373","1841","38","1679","2017","1762","1713","1348"
"20191","11560700","대림1동","2865","1075","1790","1","741","657","635","526","305","1","134","258","260","253","169","0","607","399","375","273","136"
"20191","11560660","신길4동","1140","533","607","1","160","294","297","241","147","1","49","147","149","118","69","0","111","147","148","123","78"
"20191","11560535","영등포동","24557","14268","10289","144","4249","6284","5666","4687","3527","58","1817","3697","3541","2863","2292","86","2432","2587","2125","1824","1235"
"20191","11590660","대방동","10304","5677","4627","58","1366","2709","2529","2151","1491","8","598","1620","1418","1144","889","50","768","1089","1111","1007","602"
"20191","11590550","상도3동","1460","572","888","13","191","295","352","397","212","5","68","125","133","138","103","8","123","170","219","259","109"
"20191","11590605","흑석동","6127","2732","3395","8","1229","1598","1467","1234","591","3","334","608","711","686","390","5","895","990","756","548","201"
"20191","11620695","신림동","2691","1275","1416","19","554","556","603","552","407","9","209","297","302","225","233","10","345","259","301","327","174"
"20191","11650570","반포2동","2034","991","1043","7","358","505","574","372","218","1","101","240","291","211","147","6","257","265","283","161","71"
"20191","11650620","방배3동","9719","5516","4203","73","1983","2528","2051","1637","1447","16","712","1379","1334","996","1079","57","1271","1149","717","641","368"
"20191","11650590","방배본동","8029","4999","3030","29","1293","2237","1839","1248","1383","19","610","1559","1235","755","821","10","683","678","604","493","562"
"20191","11650531","서초4동","26707","13059","13648","120","6912","8781","5690","3029","2175","34","2012","4449","3424","1783","1357","86","4900","4332","2266","1246","818"
"20191","11680545","압구정동","35477","14954","20523","285","11573","11085","6326","3517","2691","96","3473","5090","3312","1591","1392","189","8100","5995","3014","1926","1299"
"20191","11710632","가락2동","7212","3734","3478","26","1108","1552","1843","1592","1091","13","467","828","915","763","748","13","641","724","928","829","343"
"20191","11710642","문정2동","50601","32977","17624","242","9762","15216","12715","7886","4780","102","4895","10295","8810","5173","3702","140","4867","4921","3905","2713","1078"
"20191","11710680","잠실3동","5284","2377","2907","113","1745","1019","1069","953","385","43","716","472","450","518","178","70","1029","547","619","435","207"
"20191","11740550","고덕1동","1656","695","961","0","200","351","418","415","272","0","72","161","169","160","133","0","128","190","249","255","139"
"20191","11110670","창신1동","2983","1312","1671","13","465","754","809","526","416","5","166","350","319","223","249","8","299","404","490","303","167"
"20191","11170690","서빙고동","4606","2596","2010","12","850","1361","1221","719","443","0","306","684","747","502","357","12","544","677","474","217","86"
"20191","11215810","광장동","8564","4404","4160","72","1704","2314","2088","1540","846","39","651","1117","1212","807","578","33","1053","1197","876","733","268"
"20191","11215870","구의3동","14037","7794","6243","64","1730","2758","3436","3511","2538","36","818","1663","2004","1776","1497","28","912","1095","1432","1735","1041"
"20191","11215830","자양2동","5110","3287","1823","8","421","884","1462","1638","697","4","203","540","1014","1050","476","4","218","344","448","588","221"
"20191","11230600","답십리1동","4405","2237","2168","11","580","876","1195","1029","714","2","252","475","560","487","461","9","328","401","635","542","253"
"20191","11230740","이문1동","5566","2975","2591","10","662","1341","1668","1277","608","4","203","581","899","839","449","6","459","760","769","438","159"
"20191","11260660","망우3동","1718","789","929","6","162","286","436","489","339","2","38","121","209","226","193","4","124","165","227","263","146"
"20191","11290575","동선동","5088","2229","2859","25","1093","1117","1134","992","727","4","310","519","556","465","375","21","783","598","578","527","352"
"20191","11305535","미아동","2973","1295","1678","6","426","575","707","699","560","4","134","243","319","281","314","2","292","332","388","418","246"
"20191","11305608","번3동","1532","704","828","12","227","254","369","383","287","7","83","110","164","171","169","5","144","144","205","212","118"
"20191","11320681","쌍문4동","1231","484","747","1","152","292","323","307","156","0","33","112","109","114","116","1","119","180","214","193","40"
"20191","11380640","증산동","2322","1348","974","4","231","427","558","596","506","3","90","206","303","351","395","1","141","221","255","245","111"
"20191","11410690","남가좌1동","1319","698","621","4","216","268","332","313","186","2","63","112","186","209","126","2","153","156","146","104","60"
"20191","11410655","홍제2동","1201","563","638","4","119","170","289","377","242","4","51","74","118","180","136","0","68","96","171","197","106"
"20191","11470560","신월1동","2693","1561","1132","5","204","417","689","853","525","4","83","234","382","519","339","1","121","183","307","334","186"
"20191","11470570","신월2동","2306","1147","1159","2","227","407","592","654","424","1","97","190","245","344","270","1","130","217","347","310","154"
"20191","11470590","신월4동","2037","1166","871","7","173","312","490","578","477","4","79","170","231","327","355","3","94","142","259","251","122"
"20191","11470670","신정6동","5882","3137","2745","33","841","1507","1395","1577","529","30","436","717","677","959","318","3","405","790","718","618","211"
"20191","11500520","등촌1동","29302","11684","17618","180","3684","6809","9039","8414","1176","109","1905","4323","3282","1338","727","71","1779","2486","5757","7076","449"
"20191","11500630","방화1동","9660","5997","3663","18","1147","2245","2507","2727","1016","5","615","1508","1604","1655","610","13","532","737","903","1072","406"
"20191","11530760","개봉3동","5121","2786","2335","2","191","427","545","801","3155","1","62","218","227","338","1940","1","129","209","318","463","1215"
"20191","11530560","구로5동","20049","11755","8294","57","3303","5589","4578","3968","2554","33","1720","3300","2951","2252","1499","24","1583","2289","1627","1716","1055"
"20191","11530790","수궁동","4176","2553","1623","9","444","921","1017","1125","660","8","210","532","595","689","519","1","234","389","422","436","141"
"20191","11530510","신도림동","9597","5364","4233","47","1614","2525","2460","1866","1085","14","719","1390","1364","1119","758","33","895","1135","1096","747","327"
"20191","11545510","가산동","138188","88866","49322","650","30760","43680","34477","18759","9862","347","15489","29612","24297","12183","6938","303","15271","14068","10180","6576","2924"
"20191","11545630","독산3동","4861","2947","1914","6","395","737","913","1036","1774","3","136","334","415","513","1546","3","259","403","498","523","228"
"20191","11545640","독산4동","1791","984","807","8","251","337","462","463","270","4","122","185","248","250","175","4","129","152","214","213","95"
"20191","11560605","문래동","41842","24607","17235","163","8335","11084","10183","6831","5246","61","3910","6549","5888","4214","3985","102","4425","4535","4295","2617","1261"
"20191","11590540","상도2동","2891","1302","1589","5","328","571","767","770","450","1","109","238","360","378","216","4","219","333","407","392","234"
"20191","11620585","낙성대동","12640","6914","5726","35","2015","3618","2808","2476","1688","16","877","1675","1539","1488","1319","19","1138","1943","1269","988","369"
"20191","11620645","서원동","3687","1612","2075","20","838","740","666","734","689","8","279","320","323","291","391","12","559","420","343","443","298"
"20191","11650550","반포본동","1689","947","742","2","183","357","473","404","270","0","71","162","260","275","179","2","112","195","213","129","91"
"20191","11650600","방배1동","11191","5404","5787","35","2233","3063","2820","1854","1186","9","779","1552","1382","894","788","26","1454","1511","1438","960","398"
"20191","11650610","방배2동","15925","8199","7726","29","2556","4014","3572","3516","2238","19","987","2311","2239","1581","1062","10","1569","1703","1333","1935","1176"
"20191","11650621","방배4동","12411","6660","5751","44","2248","3182","3197","2288","1452","19","891","1754","1764","1208","1024","25","1357","1428","1433","1080","428"
"20191","11680670","개포2동","2303","1141","1162","14","257","446","564","656","366","11","110","187","279","327","227","3","147","259","285","329","139"
"20191","11680531","논현2동","67107","35453","31654","257","16017","20841","14905","8319","6768","84","5378","11118","9272","5113","4488","173","10639","9723","5633","3206","2280"
"20191","11710641","문정1동","4727","2672","2055","12","597","1048","1271","1031","768","10","274","627","740","547","474","2","323","421","531","484","294"
"20191","11710600","석촌동","9162","4747","4415","38","1578","1983","2051","1859","1653","12","547","1113","1166","899","1010","26","1031","870","885","960","643"
"20191","11740560","고덕2동","1643","855","788","1","135","267","395","542","303","0","64","146","189","292","164","1","71","121","206","250","139"
"20191","11740685","길동","10963","5081","5882","26","1675","2361","2440","2455","2006","12","583","1137","1193","996","1160","14","1092","1224","1247","1459","846"
"20191","11740690","둔촌1동","297","168","129","1","28","61","88","79","40","1","16","25","48","50","28","0","12","36","40","29","12"
"20191","11740660","성내3동","6790","3892","2898","10","898","1530","1476","1263","1613","5","411","885","860","645","1086","5","487","645","616","618","527"
"20191","11110570","무악동","875","247","628","0","200","195","199","169","112","0","29","49","59","46","64","0","171","146","140","123","48"
"20191","11110550","부암동","3206","1637","1569","5","609","827","846","609","310","5","176","426","516","343","171","0","433","401","330","266","139"
"20191","11110640","이화동","17551","6590","10961","43","4283","5921","3678","2602","1024","15","1061","1932","1596","1340","646","28","3222","3989","2082","1262","378"
"20191","11140615","신당동","14409","7658","6751","29","3094","4807","3320","2072","1087","13","1570","2498","1809","1147","621","16","1524","2309","1511","925","466"
"20191","11140635","약수동","3070","1404","1666","13","544","740","739","567","467","4","193","340","348","256","263","9","351","400","391","311","204"
"20191","11140605","을지로동","29486","16801","12685","673","6972","6924","6595","5181","3141","299","2971","3866","4191","3297","2177","374","4001","3058","2404","1884","964"
"20191","11140680","중림동","7634","3875","3759","14","1425","2123","1906","1433","733","4","489","969","1071","859","483","10","936","1154","835","574","250"
"20191","11200645","옥수동","2274","934","1340","11","468","531","542","439","283","2","154","209","207","192","170","9","314","322","335","247","113"
"20191","11215780","능동","3392","1683","1709","17","594","871","838","640","432","6","222","423","441","306","285","11","372","448","397","334","147"
"20191","11215740","중곡1동","4087","2125","1962","12","430","794","953","1031","867","6","155","456","528","514","466","6","275","338","425","517","401"
"20191","11215760","중곡3동","2383","1121","1262","3","268","555","605","587","365","1","93","233","263","290","241","2","175","322","342","297","124"
"20191","11230710","회기동","4260","1592","2668","10","993","1254","893","776","334","3","272","536","339","282","160","7","721","718","554","494","174"
"20191","11260570","면목7동","1546","728","818","5","215","283","345","412","286","1","62","112","169","190","194","4","153","171","176","222","92"
"20191","11260620","묵1동","3305","1518","1787","11","426","757","894","783","434","6","155","361","365","350","281","5","271","396","529","433","153"
"20191","11290590","돈암2동","2004","641","1363","4","187","287","288","294","944","1","32","106","90","86","326","3","155","181","198","208","618"
"20191","11290715","월곡1동","2911","1433","1478","13","449","650","752","645","402","1","166","320","381","337","228","12","283","330","371","308","174"
"20191","11290725","월곡2동","5834","3191","2643","11","1277","1553","1326","1058","609","2","562","934","757","568","368","9","715","619","569","490","241"
"20191","11290630","정릉2동","1593","755","838","10","211","330","408","397","237","3","81","140","172","205","154","7","130","190","236","192","83"
"20191","11305555","송천동","3579","1604","1975","9","351","568","750","850","1051","6","124","253","351","404","466","3","227","315","399","446","585"
"20191","11305625","수유2동","2035","819","1216","12","196","286","447","502","592","6","65","144","200","180","224","6","131","142","247","322","368"
"20191","11320521","도봉1동","3345","2042","1303","10","242","472","810","1133","678","6","99","244","466","751","476","4","143","228","344","382","202"
"20191","11320660","쌍문1동","2486","964","1522","3","418","446","594","653","372","1","93","175","231","239","225","2","325","271","363","414","147"
"20191","11350560","월계1동","2602","1424","1178","10","337","494","640","641","480","6","109","233","345","394","337","4","228","261","295","247","143"
"20191","11350624","중계4동","2235","939","1296","10","228","446","562","621","368","3","75","204","239","253","165","7","153","242","323","368","203"
"20191","11380510","녹번동","7570","3682","3888","17","875","1694","2031","1937","1016","9","336","732","977","1050","578","8","539","962","1054","887","438"
"20191","11410565","충현동","25238","15013","10225","57","4130","7928","6635","4527","1961","38","1789","4594","4219","3028","1345","19","2341","3334","2416","1499","616"
"20191","11410620","홍제1동","1840","764","1076","3","250","374","497","434","282","2","76","158","191","175","162","1","174","216","306","259","120"
"20191","11440655","서강동","10196","5675","4521","40","2162","2563","2059","1506","1866","25","908","1459","1369","924","990","15","1254","1104","690","582","876"
"20191","11440710","연남동","5184","2755","2429","23","1334","1593","1134","690","410","12","585","877","672","366","243","11","749","716","462","324","167"
"20191","11470620","신정1동","2922","1313","1609","8","337","622","795","680","480","1","128","284","354","287","259","7","209","338","441","393","221"
"20191","11470640","신정3동","5954","3236","2718","14","608","1143","1411","1611","1167","6","187","500","704","910","929","8","421","643","707","701","238"
"20191","11470650","신정4동","7695","3621","4074","22","978","1556","1923","1882","1334","11","323","734","951","852","750","11","655","822","972","1030","584"
"20191","11500535","등촌3동","19396","9906","9490","83","2931","3715","3968","5395","3304","59","1424","2201","2266","2182","1774","24","1507","1514","1702","3213","1530"
"20191","11500510","염창동","12542","7597","4945","43","1953","3394","3308","2353","1491","27","817","2028","2147","1481","1097","16","1136","1366","1161","872","394"
"20191","11500615","우장산동","4772","2056","2716","58","876","967","1173","979","719","24","293","444","526","399","370","34","583","523","647","580","349"
"20191","11500593","화곡8동","1823","656","1167","6","229","322","408","487","371","3","87","152","159","116","139","3","142","170","249","371","232"
"20191","11500590","화곡본동","2363","864","1499","4","314","522","629","531","363","1","65","200","257","185","156","3","249","322","372","346","207"
"20191","11545690","시흥3동","8869","5476","3393","12","733","1493","2681","2658","1292","2","389","928","1542","1605","1010","10","344","565","1139","1053","282"
"20191","11620725","조원동","3990","2413","1577","7","470","893","980","1052","588","3","242","585","590","604","389","4","228","308","390","448","199"
"20191","11620615","중앙동","2088","928","1160","9","337","483","501","418","340","2","93","205","256","202","170","7","244","278","245","216","170"
"20191","11620545","청림동","713","260","453","2","122","148","192","146","103","0","27","50","70","55","58","2","95","98","122","91","45"
"20191","11620575","행운동","3647","1802","1845","21","559","818","872","740","637","9","192","422","453","342","384","12","367","396","419","398","253"
"20191","11650652","양재2동","122180","100162","22018","417","14473","26886","34018","40829","5557","174","9655","21481","28244","36572","4036","243","4818","5405","5774","4257","1521"
"20191","11680660","개포1동","1153","858","295","3","73","175","258","384","260","1","35","109","194","304","215","2","38","66","64","80","45"
"20191","11680521","논현1동","43773","22633","21140","188","11803","14008","9453","5111","3210","58","3976","7598","5957","2946","2098","130","7827","6410","3496","2165","1112"
"20191","11680610","대치2동","64296","38759","25537","299","12351","20166","15712","9764","6004","82","5182","12747","10900","6062","3786","217","7169","7419","4812","3702","2218"
"20191","11680590","삼성2동","57050","27748","29302","240","16034","17414","11763","7754","3845","100","6003","9453","6341","3549","2302","140","10031","7961","5422","4205","1543"
"20191","11680700","세곡동","5358","2675","2683","8","758","1206","1357","1161","868","7","284","539","623","602","620","1","474","667","734","559","248"
"20191","11680750","수서동","15045","8047","6998","26","2011","3727","3724","3543","2014","8","995","2350","2046","1395","1253","18","1016","1377","1678","2148","761"
"20191","11680640","역삼1동","192833","108670","84163","1001","43095","60549","45356","28167","14665","390","17124","35847","30675","16304","8330","611","25971","24702","14681","11863","6335"
"20191","11710561","방이1동","6492","4027","2465","32","829","1364","1371","1243","1653","10","331","769","806","760","1351","22","498","595","565","483","302"
"20191","11710590","송파2동","5678","2479","3199","16","1362","1482","1286","1095","437","7","398","707","697","407","263","9","964","775","589","688","174"
"20191","11710650","잠실본동","13831","7832","5999","108","2372","3187","3199","2704","2261","67","925","1743","1955","1646","1496","41","1447","1444","1244","1058","765"
"20191","11740540","명일2동","2710","1379","1331","14","306","511","635","773","471","5","112","274","298","409","281","9","194","237","337","364","190"
"20191","11740640","성내1동","19234","10479","8755","54","2246","4301","4709","4700","3224","36","1062","2389","2457","2438","2097","18","1184","1912","2252","2262","1127"
"20192","11350624","중계4동","1920","1095","825","6","205","388","467","499","355","4","78","184","259","300","270","2","127","204","208","199","85"
"20192","11350665","상계3?4동","2834","1917","917","6","190","286","615","1016","721","3","60","125","371","758","600","3","130","161","244","258","121"
"20192","11260620","묵1동","3004","1494","1510","6","369","664","791","731","443","2","146","347","378","321","300","4","223","317","413","410","143"
"20192","11290705","종암동","6523","3809","2714","12","736","1620","1746","1790","619","4","317","835","1009","1263","381","8","419","785","737","527","238"
"20192","11230730","휘경2동","4680","2505","2175","8","574","992","1193","1171","742","3","167","471","652","648","564","5","407","521","541","523","178"
"20192","11200540","마장동","4105","2590","1515","3","465","862","1011","985","779","1","251","511","629","646","552","2","214","351","382","339","227"
"20192","11500603","가양1동","5891","4064","1827","5","649","1408","1512","1346","971","1","308","924","1037","982","812","4","341","484","475","364","159"
"20192","11170510","후암동","2254","1208","1046","8","341","477","541","503","384","6","113","253","310","267","259","2","228","224","231","236","125"
"20192","11680730","일원1동","2605","1494","1111","2","317","492","608","606","580","1","172","280","345","346","350","1","145","212","263","260","230"
"20192","11710570","오금동","27133","17439","9694","43","3698","6981","7614","6414","2383","27","1838","4301","4987","4541","1745","16","1860","2680","2627","1873","638"
"20192","11320710","방학3동","3168","1931","1237","11","660","707","740","661","389","9","332","437","498","349","306","2","328","270","242","312","83"
"20192","11680650","역삼2동","63309","38467","24842","186","11593","19984","17304","10613","3629","79","5238","12449","12233","6055","2413","107","6355","7535","5071","4558","1216"
"20192","11680545","압구정동","62369","40352","22017","358","11554","19826","15410","10693","4528","141","4635","13015","11482","8156","2923","217","6919","6811","3928","2537","1605"
"20192","11650520","서초2동","70276","47129","23147","124","12612","23672","18952","11187","3729","64","6719","16188","13269","8293","2596","60","5893","7484","5683","2894","1133"
"20192","11215780","능동","2697","1721","976","7","320","561","683","541","585","2","153","342","448","341","435","5","167","219","235","200","150"
"20192","11215750","중곡2동","2890","1619","1271","0","362","549","745","704","530","0","216","326","387","363","327","0","146","223","358","341","203"
"20192","11320522","도봉2동","2049","1243","806","0","116","256","390","565","722","0","40","109","198","347","549","0","76","147","192","218","173"
"20192","11110540","삼청동","6612","5018","1594","5","662","1532","1889","1651","873","2","388","1151","1576","1313","588","3","274","381","313","338","285"
"20192","11620630","남현동","4664","3146","1518","5","726","1166","1241","923","603","3","397","801","883","631","431","2","329","365","358","292","172"
"20192","11620695","신림동","2234","1274","960","4","275","366","494","452","643","1","97","200","261","250","465","3","178","166","233","202","178"
"20192","11440555","아현동","21909","13027","8882","67","3904","6802","6315","3921","900","21","1488","3770","4125","2956","667","46","2416","3032","2190","965","233"
"20192","11650621","방배4동","20636","12781","7855","51","3306","5707","4924","3984","2664","24","1408","3275","3368","2746","1960","27","1898","2432","1556","1238","704"
"20192","11440610","염리동","22624","12648","9976","80","3154","4520","4314","8393","2163","32","936","1965","1956","6116","1643","48","2218","2555","2358","2277","520"
"20192","11740700","둔촌2동","8575","4549","4026","4","1130","2314","2694","1610","823","2","379","1251","1412","998","507","2","751","1063","1282","612","316"
"20192","11380650","수색동","2055","1212","843","12","229","499","518","500","297","12","128","305","282","270","215","0","101","194","236","230","82"
"20192","11470530","목3동","2574","1416","1158","6","388","599","650","580","351","4","170","341","347","322","232","2","218","258","303","258","119"
"20192","11170560","원효로1동","5052","3464","1588","28","786","1436","1360","887","555","15","471","1045","943","613","377","13","315","391","417","274","178"
"20192","11470600","신월5동","1887","1063","824","12","218","445","486","503","223","9","125","247","278","262","142","3","93","198","208","241","81"
"20192","11560710","대림2동","3774","1936","1838","10","843","1066","912","575","368","2","359","615","405","304","251","8","484","451","507","271","117"
"20192","11650510","서초1동","31794","18508","13286","79","6261","9579","7698","5355","2822","24","2607","5764","5155","3162","1796","55","3654","3815","2543","2193","1026"
"20192","11590650","사당4동","1508","786","722","1","165","248","326","268","500","0","72","117","154","118","325","1","93","131","172","150","175"
"20192","11320512","창2동","2382","1516","866","10","252","531","650","588","351","10","147","344","390","345","280","0","105","187","260","243","71"
"20192","11500615","우장산동","6792","3558","3234","17","1711","1596","1397","1245","826","9","571","861","827","731","559","8","1140","735","570","514","267"
"20192","11350720","상계10동","1200","518","682","0","180","229","314","309","168","0","62","94","123","137","102","0","118","135","191","172","66"
"20192","11500530","등촌2동","4908","2871","2037","4","569","1018","1191","1263","863","2","247","549","728","794","551","2","322","469","463","469","312"
"20192","11620645","서원동","2569","1157","1412","6","579","595","496","473","420","2","200","255","249","185","266","4","379","340","247","288","154"
"20192","11560690","신길7동","3030","2066","964","4","311","546","678","865","626","3","195","373","449","555","491","1","116","173","229","310","135"
"20192","11545710","시흥5동","1833","1087","746","27","268","413","449","384","292","20","143","273","253","192","206","7","125","140","196","192","86"
"20192","11110700","숭인1동","485","227","258","0","72","89","124","118","82","0","12","36","59","66","54","0","60","53","65","52","28"
"20192","11590540","상도2동","1449","752","697","5","190","327","387","344","196","0","76","183","209","169","115","5","114","144","178","175","81"
"20192","11680660","개포1동","14570","9194","5376","94","2060","3594","3680","3303","1839","37","1130","2165","2465","2122","1275","57","930","1429","1215","1181","564"
"20192","11650531","서초4동","35577","20209","15368","101","6702","10780","8651","6398","2945","49","2529","6076","5527","3927","2101","52","4173","4704","3124","2471","844"
"20192","11590680","신대방2동","20920","13439","7481","30","3776","4565","3944","4672","3933","15","2819","3516","2559","2432","2098","15","957","1049","1385","2240","1835"
"20192","11410720","북가좌2동","2920","1595","1325","6","324","625","697","761","507","3","111","316","388","449","328","3","213","309","309","312","179"
"20192","11740590","암사3동","3214","2040","1174","3","321","518","605","862","905","2","168","317","353","548","652","1","153","201","252","314","253"
"20192","11410690","남가좌1동","3962","2370","1592","5","274","480","689","986","1528","3","177","327","428","517","918","2","97","153","261","469","610"
"20192","11200645","옥수동","5460","2307","3153","5","1206","1700","1245","781","523","1","308","666","599","402","331","4","898","1034","646","379","192"
"20192","11230570","전농2동","4726","2272","2454","5","523","1042","1202","1258","696","2","200","459","608","594","409","3","323","583","594","664","287"
"20192","11140665","동화동","1518","673","845","0","246","391","387","305","189","0","63","147","171","163","129","0","183","244","216","142","60"
"20192","11740560","고덕2동","2057","1403","654","0","110","237","388","729","593","0","33","117","243","519","491","0","77","120","145","210","102"
"20192","11740650","성내2동","8648","4786","3862","80","2052","2454","2640","940","482","3","899","1262","1684","625","313","77","1153","1192","956","315","169"
"20192","11215810","광장동","12642","7298","5344","78","3156","2963","2563","2555","1327","28","1407","1669","1637","1619","938","50","1749","1294","926","936","389"
"20192","11170630","이촌1동","12132","7779","4353","45","2065","3429","3241","2381","971","29","1042","2116","2280","1632","680","16","1023","1313","961","749","291"
"20192","11170555","청파동","6033","3492","2541","14","883","1560","1184","1071","1321","9","306","687","729","678","1083","5","577","873","455","393","238"
"20192","11740540","명일2동","2018","1210","808","12","220","430","418","547","391","5","97","260","242","314","292","7","123","170","176","233","99"
"20192","11290780","장위3동","1347","836","511","10","167","210","307","366","287","6","72","114","173","225","246","4","95","96","134","141","41"
"20192","11200620","금호4가동","1161","683","478","1","104","253","309","314","180","1","46","121","186","189","140","0","58","132","123","125","40"
"20192","11680750","수서동","20917","12015","8902","26","2664","5781","5957","4027","2462","16","1271","3420","3510","2270","1528","10","1393","2361","2447","1757","934"
"20192","11470610","신월6동","1180","681","499","1","124","225","252","324","254","0","48","106","136","193","198","1","76","119","116","131","56"
"20192","11290770","장위2동","2269","1480","789","2","219","388","504","554","602","2","82","204","298","395","499","0","137","184","206","159","103"
"20192","11200790","용답동","5295","3042","2253","54","1344","1422","1069","879","527","3","531","893","678","526","411","51","813","529","391","353","116"
"20192","11710631","가락1동","5812","4029","1783","2","359","1066","1597","1675","1113","1","236","814","1178","1086","714","1","123","252","419","589","399"
"20192","11320514","창4동","3166","2032","1134","3","279","578","712","915","679","1","94","299","413","655","570","2","185","279","299","260","109"
"20192","11350560","월계1동","3066","1710","1356","15","451","731","822","599","448","6","206","435","432","333","298","9","245","296","390","266","150"
"20192","11350630","상계1동","6705","4098","2607","15","634","1247","1534","1656","1619","13","334","819","998","1009","925","2","300","428","536","647","694"
"20192","11320670","쌍문2동","1763","995","768","1","182","278","394","483","425","0","51","121","200","293","330","1","131","157","194","190","95"
"20192","11290650","정릉4동","2130","1320","810","1","186","324","527","629","463","0","61","161","319","429","350","1","125","163","208","200","113"
"20192","11290580","돈암1동","2542","1100","1442","11","733","753","504","369","172","2","153","347","265","207","126","9","580","406","239","162","46"
"20192","11290630","정릉2동","2019","965","1054","2","332","479","522","439","245","1","103","234","224","224","179","1","229","245","298","215","66"
"20192","11260520","면목2동","1721","1010","711","3","164","279","391","511","373","3","63","128","210","328","278","0","101","151","181","183","95"
"20192","11470560","신월1동","2543","1539","1004","7","235","411","630","819","441","4","139","254","331","492","319","3","96","157","299","327","122"
"20192","11230560","전농1동","1796","1105","691","2","228","313","477","475","301","1","137","199","312","289","167","1","91","114","165","186","134"
"20192","11380640","증산동","3324","2055","1269","3","510","802","816","772","421","2","267","522","538","445","281","1","243","280","278","327","140"
"20192","11230650","장안1동","11042","6852","4190","30","1530","2325","2423","2439","2295","23","856","1412","1511","1474","1576","7","674","913","912","965","719"
"20192","11230660","장안2동","6869","3635","3234","10","1976","1388","1348","1334","813","5","985","808","633","644","560","5","991","580","715","690","253"
"20192","11530510","신도림동","13394","8751","4643","39","2063","4309","3297","2366","1320","17","889","2929","2338","1572","1006","22","1174","1380","959","794","314"
"20192","11110630","종로5?6가동","11334","7566","3768","16","1485","3298","3207","2367","961","4","636","2042","2333","1868","683","12","849","1256","874","499","278"
"20192","11110560","평창동","19203","12058","7145","31","2560","5160","5869","4057","1526","14","1248","2849","3829","3038","1080","17","1312","2311","2040","1019","446"
"20192","11110640","이화동","4441","2449","1992","6","748","1307","1054","749","577","3","247","636","626","511","426","3","501","671","428","238","151"
"20192","11230536","용신동","23992","11479","12513","35","3521","5921","6052","5595","2868","15","1268","3193","2995","2475","1533","20","2253","2728","3057","3120","1335"
"20192","11470650","신정4동","6789","3454","3335","15","1249","1501","1498","1431","1095","13","434","782","804","736","685","2","815","719","694","695","410"
"20192","11500590","화곡본동","3064","1708","1356","14","356","622","746","739","587","10","141","349","424","373","411","4","215","273","322","366","176"
"20192","11500560","화곡3동","5642","3436","2206","11","644","1288","1421","1352","926","6","342","861","832","753","642","5","302","427","589","599","284"
"20192","11560620","양평2동","15830","9057","6773","40","2715","4409","4337","2738","1591","19","1162","2704","2464","1568","1140","21","1553","1705","1873","1170","451"
"20192","11410700","남가좌2동","4101","1881","2220","31","1848","946","600","492","184","13","695","497","281","268","127","18","1153","449","319","224","57"
"20192","11590620","사당1동","4647","2604","2043","6","732","1128","1265","858","658","3","249","550","742","535","525","3","483","578","523","323","133"
"20192","11620625","인헌동","3372","1888","1484","5","466","792","876","650","583","4","222","459","482","319","402","1","244","333","394","331","181"
"20192","11440660","서교동","29199","15033","14166","122","5502","7961","6688","4646","4280","77","2092","4186","3971","2459","2248","45","3410","3775","2717","2187","2032"
"20192","11440690","망원1동","3386","1869","1517","8","877","966","732","513","290","3","494","544","362","295","171","5","383","422","370","218","119"
"20192","11560585","도림동","2188","1518","670","5","308","381","459","469","566","5","180","259","307","326","441","0","128","122","152","143","125"
"20192","11500510","염창동","13686","9212","4474","36","1829","3182","3362","2872","2405","25","939","1988","2206","1972","2082","11","890","1194","1156","900","323"
"20192","11470611","신월7동","3647","2160","1487","3","273","411","624","1035","1301","2","150","247","359","626","776","1","123","164","265","409","525"
"20192","11170625","한강로동","50226","26091","24135","116","10254","16662","14195","6821","2178","54","4361","8389","7463","4301","1523","62","5893","8273","6732","2520","655"
"20192","11680656","도곡2동","200585","136316","64269","469","37109","78669","57540","22141","4657","219","19408","53626","44088","15857","3118","250","17701","25043","13452","6284","1539"
"20192","11545670","시흥1동","7551","3952","3599","13","1232","1912","1676","1732","986","7","566","956","818","962","643","6","666","956","858","770","343"
"20192","11545690","시흥3동","8552","5165","3387","12","619","1281","2011","2280","2349","6","313","842","1180","1294","1530","6","306","439","831","986","819"
"20192","11380690","진관동","3410","1625","1785","4","373","775","972","869","417","2","160","439","442","353","229","2","213","336","530","516","188"
"20192","11260630","묵2동","2225","1489","736","0","286","530","527","621","261","0","154","367","356","440","172","0","132","163","171","181","89"
"20192","11545630","독산3동","4261","3026","1235","5","340","665","720","796","1735","1","186","386","385","462","1606","4","154","279","335","334","129"
"20192","11590510","노량진1동","6632","3986","2646","16","849","1466","1678","1687","936","9","475","907","1057","966","572","7","374","559","621","721","364"
"20192","11305645","우이동","3116","1860","1256","4","164","289","419","708","1532","2","56","141","224","474","963","2","108","148","195","234","569"
"20192","11560700","대림1동","2423","959","1464","0","686","589","508","415","225","0","140","214","235","213","157","0","546","375","273","202","68"
"20192","11680521","논현1동","46558","25847","20711","152","12548","14331","9700","6041","3786","74","4711","8000","6474","3902","2686","78","7837","6331","3226","2139","1100"
"20192","11470510","목1동","24428","17154","7274","45","3555","7800","6534","4600","1894","22","1709","5608","5032","3505","1278","23","1846","2192","1502","1095","616"
"20192","11215840","자양3동","3676","2417","1259","35","525","911","936","854","415","25","290","590","651","559","302","10","235","321","285","295","113"
"20192","11200720","송정동","1500","966","534","4","214","394","400","292","196","1","117","269","245","171","163","3","97","125","155","121","33"
"20192","11140540","회현동","31604","19883","11721","52","5258","10831","8436","5262","1765","12","2364","6458","5999","3807","1243","40","2894","4373","2437","1455","522"
"20192","11650652","양재2동","105408","89511","15897","85","10841","22877","28122","37973","5510","48","8016","18747","23789","34484","4427","37","2825","4130","4333","3489","1083"
"20192","11170520","용산2가동","1898","1354","544","1","148","308","680","623","138","1","72","162","528","495","96","0","76","146","152","128","42"
"20192","11140625","다산동","6731","3742","2989","11","1361","2210","1514","1078","557","2","445","1351","961","602","381","9","916","859","553","476","176"
"20192","11710540","마천1동","1047","567","480","0","97","169","280","311","190","0","44","82","140","156","145","0","53","87","140","155","45"
"20192","11260590","상봉2동","5558","3726","1832","2","617","1367","1739","1310","523","1","326","920","1169","913","397","1","291","447","570","397","126"
"20192","11260550","면목5동","1277","917","360","1","154","233","314","305","270","1","104","182","176","216","238","0","50","51","138","89","32"
"20192","11650550","반포본동","21332","10780","10552","50","3826","6672","5970","3746","1068","33","1279","3453","3124","2146","745","17","2547","3219","2846","1600","323"
"20192","11200520","왕십리2동","1256","686","570","1","177","327","337","277","137","0","76","155","189","164","102","1","101","172","148","113","35"
"20192","11305534","삼양동","1250","677","573","1","155","238","288","290","278","1","63","103","150","161","199","0","92","135","138","129","79"
"20192","11170530","남영동","21846","8918","12928","334","9538","5465","3562","2267","680","120","2177","3044","2031","1041","505","214","7361","2421","1531","1226","175"
"20192","11140570","필동","21006","9883","11123","44","2605","5604","6586","4587","1580","13","921","2776","3287","1882","1004","31","1684","2828","3299","2705","576"
"20192","11290715","월곡1동","3023","1705","1318","12","380","513","653","628","837","9","168","267","329","342","590","3","212","246","324","286","247"
"20192","11380590","응암2동","1095","633","462","1","126","153","248","326","241","1","57","74","131","174","196","0","69","79","117","152","45"
"20192","11350625","중계2?3동","2284","1287","997","4","256","589","593","587","255","3","138","350","327","309","160","1","118","239","266","278","95"
"20192","11260565","면목본동","1945","1026","919","1","213","408","498","478","347","0","76","206","266","254","224","1","137","202","232","224","123"
"20192","11410655","홍제2동","910","423","487","1","128","171","233","222","155","1","50","99","104","91","78","0","78","72","129","131","77"
"20192","11380570","대조동","2982","1373","1609","3","362","654","873","683","407","2","132","296","384","294","265","1","230","358","489","389","142"
"20192","11710632","가락2동","9018","5667","3351","46","1496","2052","2099","1919","1406","22","836","1361","1351","1087","1010","24","660","691","748","832","396"
"20192","11530750","개봉2동","7897","3940","3957","25","1315","1952","1851","1878","876","15","737","1215","852","653","468","10","578","737","999","1225","408"
"20192","11110615","종로1?2?3?4가동","90289","54177","36112","720","17140","27459","24498","15015","5457","328","7647","14737","16221","11476","3768","392","9493","12722","8277","3539","1689"
"20192","11110710","숭인2동","2261","1189","1072","5","362","485","520","515","374","3","103","232","300","312","239","2","259","253","220","203","135"
"20192","11230720","휘경1동","1570","941","629","4","151","290","408","405","312","1","71","182","258","263","166","3","80","108","150","142","146"
"20192","11380631","신사1동","2607","1446","1161","3","265","581","653","613","492","3","109","316","365","309","344","0","156","265","288","304","148"
"20192","11200535","왕십리도선동","4871","2459","2412","13","881","986","1020","1086","885","4","300","523","562","537","533","9","581","463","458","549","352"
"20192","11530730","고척2동","3210","2019","1191","11","344","704","807","898","446","8","190","452","496","524","349","3","154","252","311","374","97"
"20192","11470520","목2동","5438","2924","2514","3","752","1440","1421","1181","641","2","332","749","777","649","415","1","420","691","644","532","226"
"20192","11650570","반포2동","10467","6457","4010","16","1577","3274","2764","1824","1012","8","677","2074","1852","1131","715","8","900","1200","912","693","297"
"20192","11470540","목4동","3520","2121","1399","6","413","760","981","889","471","3","187","445","591","556","339","3","226","315","390","333","132"
"20192","11620665","서림동","1745","1061","684","2","178","305","448","425","387","2","79","160","252","280","288","0","99","145","196","145","99"
"20192","11680690","개포4동","10258","7070","3188","23","1319","2508","2767","2382","1259","14","640","1617","1990","1800","1009","9","679","891","777","582","250"
"20192","11680740","일원2동","7000","4321","2679","18","792","1839","1933","1720","698","7","352","1101","1311","1153","397","11","440","738","622","567","301"
"20192","11560560","당산2동","15189","10091","5098","44","1824","3361","3992","3724","2244","15","890","2213","2788","2515","1670","29","934","1148","1204","1209","574"
"20192","11620525","보라매동","1930","1001","929","6","205","429","497","477","316","5","82","228","272","214","200","1","123","201","225","263","116"
"20192","11380632","신사2동","2275","1455","820","6","309","497","549","513","401","4","165","315","316","320","335","2","144","182","233","193","66"
"20192","11470630","신정2동","7748","4662","3086","25","1040","2129","2160","1748","646","16","512","1344","1341","985","464","9","528","785","819","763","182"
"20192","11470640","신정3동","7772","5319","2453","5","743","1598","1941","1507","1978","2","419","1024","1282","915","1677","3","324","574","659","592","301"
"20192","11500570","화곡4동","2723","1194","1529","3","615","729","592","496","288","1","124","323","283","267","196","2","491","406","309","229","92"
"20192","11170690","서빙고동","13889","8964","4925","32","2407","4081","4191","2206","972","13","1165","2328","3008","1717","733","19","1242","1753","1183","489","239"
"20192","11710550","마천2동","2691","1622","1069","1","263","598","724","705","400","1","148","375","417","395","286","0","115","223","307","310","114"
"20192","11290600","안암동","5438","3347","2091","9","685","1268","1543","1296","637","3","293","717","969","878","487","6","392","551","574","418","150"
"20192","11305575","삼각산동","1194","695","499","1","154","313","387","233","106","0","81","185","221","121","87","1","73","128","166","112","19"
"20192","11560660","신길4동","1395","699","696","1","191","341","345","341","176","0","71","175","183","167","103","1","120","166","162","174","73"
"20192","11530530","구로2동","14768","9205","5563","37","1740","3437","3733","3597","2224","22","835","2028","2271","2442","1607","15","905","1409","1462","1155","617"
"20192","11530520","구로1동","5339","3216","2123","14","638","1408","1269","1044","966","9","319","915","885","658","430","5","319","493","384","386","536"
"20192","11140520","소공동","89990","48341","41649","264","22476","29604","22309","12360","2977","75","7158","14298","15046","9703","2061","189","15318","15306","7263","2657","916"
"20192","11470670","신정6동","20562","12331","8231","86","3458","5796","4949","4272","2001","67","1630","3505","2968","2679","1482","19","1828","2291","1981","1593","519"
"20192","11710710","잠실6동","58921","30648","28273","99","10268","15809","16515","14389","1841","34","4837","9573","9054","5832","1318","65","5431","6236","7461","8557","523"
"20192","11590640","사당3동","14525","5434","9091","0","3616","4574","3494","2099","742","0","738","1542","1300","1288","566","0","2878","3032","2194","811","176"
"20192","11140605","을지로동","14731","7619","7112","40","3615","3501","3159","2459","1957","14","945","1809","1916","1570","1365","26","2670","1692","1243","889","592"
"20192","11170580","효창동","1750","991","759","4","211","426","479","399","231","3","95","262","295","197","139","1","116","164","184","202","92"
"20192","11140645","청구동","3045","1589","1456","2","478","808","739","644","374","0","148","396","445","385","215","2","330","412","294","259","159"
"20192","11140615","신당동","3374","1801","1573","14","847","800","685","639","389","4","375","393","359","411","259","10","472","407","326","228","130"
"20192","11200660","성수1가2동","6741","4438","2303","15","1039","1515","1554","1390","1228","8","588","1010","969","925","938","7","451","505","585","465","290"
"20192","11740530","명일1동","2576","1251","1325","7","281","449","592","619","628","6","125","256","294","273","297","1","156","193","298","346","331"
"20192","11215770","중곡4동","4845","2374","2471","5","837","1107","1256","1145","495","3","242","517","615","612","385","2","595","590","641","533","110"
"20192","11740520","상일동","3078","1705","1373","2","343","648","845","847","393","2","128","367","539","416","253","0","215","281","306","431","140"
"20192","11260575","면목3?8동","3848","2281","1567","0","293","516","727","942","1370","0","100","253","393","620","915","0","193","263","334","322","455"
"20192","11305545","송중동","2430","1237","1193","5","283","450","643","599","450","5","119","238","307","263","305","0","164","212","336","336","145"
"20192","11200560","행당1동","9297","3464","5833","11","785","1510","2683","3726","582","9","484","1065","1002","623","281","2","301","445","1681","3103","301"
"20192","11710720","잠실7동","7013","4358","2655","19","1343","1855","1746","1429","621","12","529","1178","1177","982","480","7","814","677","569","447","141"
"20192","11440600","대흥동","3472","1838","1634","28","623","819","768","755","479","14","222","394","423","458","327","14","401","425","345","297","152"
"20192","11350670","상계5동","1672","907","765","4","130","210","317","386","625","1","54","126","157","178","391","3","76","84","160","208","234"
"20192","11320515","창5동","6198","3633","2565","8","638","1239","1528","1426","1359","4","269","758","964","747","891","4","369","481","564","679","468"
"20192","11380510","녹번동","5323","2927","2396","14","567","1233","1398","1403","708","7","259","643","710","839","469","7","308","590","688","564","239"
"20192","11410710","북가좌1동","3170","2670","500","0","66","179","235","484","2206","0","26","123","136","343","2042","0","40","56","99","141","164"
"20192","11710620","가락본동","29104","18430","10674","79","3258","6499","6567","5575","7126","36","1699","4282","4432","3287","4694","43","1559","2217","2135","2288","2432"
"20192","11230740","이문1동","3991","1804","2187","3","726","1056","1055","731","420","3","155","429","526","418","273","0","571","627","529","313","147"
"20192","11110580","교남동","1395","847","548","5","158","488","353","242","149","2","58","276","226","166","119","3","100","212","127","76","30"
"20192","11320513","창3동","816","411","405","2","92","177","230","207","108","0","28","93","130","92","68","2","64","84","100","115","40"
"20192","11680640","역삼1동","183132","107762","75370","326","32469","56440","47108","33657","13132","127","16110","35821","30867","17178","7659","199","16359","20619","16241","16479","5473"
"20192","11350570","월계2동","1506","771","735","3","157","296","385","427","238","1","64","121","173","235","177","2","93","175","212","192","61"
"20192","11530770","오류1동","3769","2279","1490","13","427","691","966","1199","473","7","265","428","599","666","314","6","162","263","367","533","159"
"20192","11680670","개포2동","11561","7533","4028","39","1867","3585","3007","1845","1218","16","798","2286","2274","1265","894","23","1069","1299","733","580","324"
"20192","11500540","화곡1동","5269","2973","2296","16","552","1068","1322","1421","890","15","282","590","725","845","516","1","270","478","597","576","374"
"20192","11710600","석촌동","10774","7171","3603","18","1416","2804","2494","2100","1942","11","760","1989","1705","1291","1415","7","656","815","789","809","527"
"20192","11500591","화곡6동","12767","8221","4546","20","1512","3406","3262","2960","1607","7","761","2251","2156","1905","1141","13","751","1155","1106","1055","466"
"20192","11110670","창신1동","1968","1190","778","4","234","537","582","375","236","3","163","375","293","199","157","1","71","162","289","176","79"
"20192","11410565","충현동","13824","8649","5175","21","1758","3738","3635","3155","1517","13","844","2223","2347","2116","1106","8","914","1515","1288","1039","411"
"20192","11440720","성산1동","10202","7081","3121","55","1148","1997","2270","2786","1946","40","555","1360","1638","2000","1488","15","593","637","632","786","458"
"20192","11740685","길동","9675","4880","4795","19","1328","1892","2230","2277","1929","10","466","983","1162","1019","1240","9","862","909","1068","1258","689"
"20192","11380625","역촌동","4620","2328","2292","10","733","919","1122","1060","776","4","279","434","573","523","515","6","454","485","549","537","261"
"20192","11620585","낙성대동","9604","5122","4482","12","1540","3140","2174","1525","1213","3","680","1506","1155","876","902","9","860","1634","1019","649","311"
"20192","11620775","난곡동","1615","899","716","1","176","318","378","463","279","1","68","162","190","271","207","0","108","156","188","192","72"
"20192","11710562","방이2동","20642","13148","7494","33","3581","6063","4810","3740","2415","22","2043","4041","3341","2232","1469","11","1538","2022","1469","1508","946"
"20192","11440630","신수동","5266","3083","2183","16","612","1493","1407","1220","518","14","254","749","814","846","406","2","358","744","593","374","112"
"20192","11440680","합정동","6375","3612","2763","16","1092","1871","1558","1124","714","13","424","954","975","744","502","3","668","917","583","380","212"
"20192","11710531","거여1동","4545","3119","1426","17","1156","1302","1085","627","358","14","689","901","806","448","261","3","467","401","279","179","97"
"20192","11710646","장지동","7336","5150","2186","8","575","952","1709","2111","1981","1","304","631","1171","1529","1514","7","271","321","538","582","467"
"20192","11740660","성내3동","4660","2722","1938","14","629","1148","1190","930","749","10","304","696","732","513","467","4","325","452","458","417","282"
"20192","11545620","독산2동","2436","1609","827","1","228","380","466","569","792","0","126","181","238","352","712","1","102","199","228","217","80"
"20192","11590560","상도4동","2336","1475","861","3","286","547","621","645","234","2","134","338","382","456","163","1","152","209","239","189","71"
"20192","11290525","성북동","22885","17261","5624","38","2577","5118","6370","7341","1441","11","1463","3707","5141","6159","780","27","1114","1411","1229","1182","661"
"20192","11620725","조원동","3214","2075","1139","3","373","816","829","749","444","0","190","545","553","482","305","3","183","271","276","267","139"
"20192","11500604","가양2동","3111","1685","1426","8","402","780","791","693","437","5","176","433","450","361","260","3","226","347","341","332","177"
"20192","11650580","반포3동","9082","5371","3711","12","1361","2388","2068","1772","1481","6","635","1536","1438","1044","712","6","726","852","630","728","769"
"20192","11590670","신대방1동","8132","5752","2380","28","1412","2630","2065","1307","690","17","856","1907","1571","916","485","11","556","723","494","391","205"
"20192","11740600","천호1동","3165","1737","1428","5","298","562","733","770","797","1","111","290","374","409","552","4","187","272","359","361","245"
"20192","11140590","광희동","43127","21471","21656","301","12449","11302","8820","6967","3288","116","6024","6564","5125","2443","1199","185","6425","4738","3695","4524","2089"
"20192","11170570","원효로2동","5572","3787","1785","11","666","1471","1441","969","1014","9","359","993","1053","674","699","2","307","478","388","295","315"
"20192","11215760","중곡3동","1634","1013","621","4","182","398","431","375","244","0","81","263","253","246","170","4","101","135","178","129","74"
"20192","11500641","방화3동","5253","3415","1838","6","509","1094","1303","1441","900","4","290","609","798","1001","713","2","219","485","505","440","187"
"20192","11260610","중화2동","1575","835","740","5","197","274","371","347","381","3","94","124","179","186","249","2","103","150","192","161","132"
"20192","11290620","정릉1동","1938","887","1051","3","286","344","435","448","422","1","79","142","193","204","268","2","207","202","242","244","154"
"20192","11200550","사근동","2894","1952","942","1","214","580","891","798","410","1","78","339","601","600","333","0","136","241","290","198","77"
"20192","11140670","황학동","1908","1206","702","1","295","491","483","380","258","1","182","312","298","238","175","0","113","179","185","142","83"
"20192","11620545","청림동","2579","1466","1113","7","343","768","877","426","158","6","141","439","516","250","114","1","202","329","361","176","44"
"20192","11215820","자양1동","12437","9504","2933","10","885","1793","3274","4911","1564","4","387","1124","2577","4161","1251","6","498","669","697","750","313"
"20192","11215740","중곡1동","3599","2289","1310","17","525","857","850","789","561","15","250","507","543","526","448","2","275","350","307","263","113"
"20192","11290640","정릉3동","2484","1761","723","5","378","665","608","508","320","4","209","477","449","401","221","1","169","188","159","107","99"
"20192","11380600","응암3동","2575","1147","1428","2","294","483","633","657","506","1","141","219","236","269","281","1","153","264","397","388","225"
"20192","11320690","방학1동","6413","4053","2360","10","585","1403","1497","1819","1099","8","299","791","858","1233","864","2","286","612","639","586","235"
"20192","11410620","홍제1동","2122","1129","993","5","258","396","524","651","288","2","80","192","290","368","197","3","178","204","234","283","91"
"20192","11410685","홍은2동","5179","3148","2031","8","653","1216","1272","1268","762","6","286","708","770","827","551","2","367","508","502","441","211"
"20192","11500640","방화2동","3435","2170","1265","8","391","740","804","807","685","5","221","447","513","489","495","3","170","293","291","318","190"
"20192","11410520","천연동","1853","1001","852","2","150","310","496","634","261","2","47","141","274","369","168","0","103","169","222","265","93"
"20192","11230750","이문2동","1685","1076","609","2","159","351","382","447","344","2","69","200","209","305","291","0","90","151","173","142","53"
"20192","11230545","제기동","5280","2973","2307","8","730","1315","1324","1149","754","1","303","749","801","636","483","7","427","566","523","513","271"
"20192","11380551","갈현1동","2360","1159","1201","12","365","486","571","560","366","5","131","229","261","292","241","7","234","257","310","268","125"
"20192","11650610","방배2동","17887","8849","9038","26","3030","4644","4949","3435","1803","11","1053","2121","2319","2036","1309","15","1977","2523","2630","1399","494"
"20192","11590530","상도1동","5202","2671","2531","5","863","1322","1236","1107","669","3","327","710","715","537","379","2","536","612","521","570","290"
"20192","11620615","중앙동","1340","674","666","4","164","252","336","308","276","3","57","125","184","169","136","1","107","127","152","139","140"
"20192","11620765","미성동","4154","2392","1762","26","416","799","959","1067","887","23","234","471","540","543","581","3","182","328","419","524","306"
"20192","11680580","삼성1동","128192","86151","42041","186","23508","42259","33177","20247","8815","94","11791","28210","25024","15349","5683","92","11717","14049","8153","4898","3132"
"20192","11680700","세곡동","1650","999","651","10","168","307","355","432","378","6","91","185","217","262","238","4","77","122","138","170","140"
"20192","11470580","신월3동","1608","1000","608","6","152","275","360","465","350","5","68","135","202","302","288","1","84","140","158","163","62"
"20192","11470620","신정1동","13062","7770","5292","40","2137","3558","3578","2600","1149","31","891","2211","2267","1572","798","9","1246","1347","1311","1028","351"
"20192","11200615","금호2?3가동","1099","576","523","0","149","214","255","245","236","0","43","88","141","130","174","0","106","126","114","115","62"
"20192","11740610","천호2동","5023","2507","2516","7","850","1245","1225","949","747","2","279","617","625","495","489","5","571","628","600","454","258"
"20192","11350695","상계6?7동","6455","2838","3617","8","832","1559","1675","1634","747","3","193","579","722","892","449","5","639","980","953","742","298"
"20192","11350612","하계2동","1936","1338","598","2","153","323","529","686","243","1","89","203","353","471","221","1","64","120","176","215","22"
"20192","11710566","오륜동","27044","15007","12037","40","4236","8307","7119","5307","2035","20","1556","4088","4385","3424","1534","20","2680","4219","2734","1883","501"
"20192","11620575","행운동","3817","2117","1700","13","481","952","941","853","577","6","219","549","512","437","394","7","262","403","429","416","183"
"20192","11590520","노량진2동","4245","2051","2194","11","489","1244","1072","921","508","4","197","494","464","561","331","7","292","750","608","360","177"
"20192","11650600","방배1동","15865","11351","4514","63","2907","4531","3896","3157","1311","41","1572","3118","3048","2607","965","22","1335","1413","848","550","346"
"20192","11350621","중계1동","2771","1430","1341","4","292","707","899","642","227","2","113","358","438","343","176","2","179","349","461","299","51"
"20192","11620565","성현동","6240","2153","4087","27","819","947","1307","2059","1081","21","393","538","526","443","232","6","426","409","781","1616","849"
"20192","11140550","명동","111467","60604","50863","214","15432","36770","34204","20768","4079","76","6061","17470","19284","14986","2727","138","9371","19300","14920","5782","1352"
"20192","11290555","삼선동","7165","3729","3436","13","841","1660","2187","1610","854","5","342","909","1098","906","469","8","499","751","1089","704","385"
"20192","11290590","돈암2동","2734","1550","1184","0","198","274","291","400","1571","0","84","155","153","196","962","0","114","119","138","204","609"
"20192","11260680","신내1동","4269","2061","2208","2","696","932","796","1120","723","0","173","397","374","557","560","2","523","535","422","563","163"
"20192","11710690","잠실4동","9638","7697","1941","10","1184","2981","2840","2143","480","8","842","2435","2321","1724","367","2","342","546","519","419","113"
"20192","11740620","천호3동","3865","2457","1408","5","329","694","775","691","1371","3","172","457","498","413","914","2","157","237","277","278","457"
"20192","11710642","문정2동","40535","30792","9743","103","7741","13760","9695","6704","2532","53","5139","10591","7757","5301","1951","50","2602","3169","1938","1403","581"
"20192","11290610","보문동","7119","5286","1833","4","666","2007","1465","1526","1451","3","338","1628","1163","1179","975","1","328","379","302","347","476"
"20192","11290660","길음1동","2105","993","1112","4","289","422","579","424","387","2","59","161","250","219","302","2","230","261","329","205","85"
"20192","11170590","용문동","2815","1646","1169","8","443","760","805","579","220","7","192","447","477","372","151","1","251","313","328","207","69"
"20192","11350619","중계본동","2042","978","1064","1","225","398","504","582","332","1","108","198","223","247","201","0","117","200","281","335","131"
"20192","11320521","도봉1동","2995","1487","1508","2","149","292","453","682","1417","2","55","162","217","340","711","0","94","130","236","342","706"
"20192","11350600","공릉2동","7479","3637","3842","10","953","1533","1716","1910","1357","8","331","679","804","982","833","2","622","854","912","928","524"
"20192","11350640","상계2동","2432","1114","1318","5","347","447","617","620","396","2","131","248","284","263","186","3","216","199","333","357","210"
"20192","11350710","상계9동","2489","1553","936","3","270","592","657","714","253","3","148","379","370","461","192","0","122","213","287","253","61"
"20192","11380520","불광1동","3314","1544","1770","4","359","891","909","727","424","2","131","389","454","348","220","2","228","502","455","379","204"
"20192","11410640","홍제3동","1369","604","765","1","159","221","339","428","221","1","54","93","146","181","129","0","105","128","193","247","92"
"20192","11110515","청운효자동","10997","7490","3507","34","1815","3249","3166","1926","807","3","905","2295","2393","1371","523","31","910","954","773","555","284"
"20192","11410585","신촌동","5059","2610","2449","15","727","1292","1256","1148","621","4","256","553","656","720","421","11","471","739","600","428","200"
"20192","11230600","답십리1동","7588","3893","3695","17","1035","1548","2108","1983","897","6","663","1028","924","674","598","11","372","520","1184","1309","299"
"20192","11500535","등촌3동","15034","8230","6804","42","1822","3296","3323","3827","2724","24","853","1923","2058","1767","1605","18","969","1373","1265","2060","1119"
"20192","11110600","가회동","5824","3433","2391","1","904","1937","1792","916","274","1","374","1091","1166","610","191","0","530","846","626","306","83"
"20192","11110550","부암동","4087","2302","1785","2","608","1162","1116","804","395","0","242","644","660","486","270","2","366","518","456","318","125"
"20192","11380552","갈현2동","3350","1508","1842","13","322","589","908","962","556","11","143","275","365","390","324","2","179","314","543","572","232"
"20192","11650530","서초3동","70799","41954","28845","160","11474","21511","18201","12925","6528","81","4672","12509","11679","8447","4566","79","6802","9002","6522","4478","1962"
"20192","11650540","잠원동","19981","12329","7652","61","3369","6510","5228","3181","1632","32","1449","4068","3608","2060","1112","29","1920","2442","1620","1121","520"
"20192","11650581","반포4동","30278","21096","9182","68","3346","7811","8753","7186","3114","32","1591","5085","6641","5532","2215","36","1755","2726","2112","1654","899"
"20192","11380530","불광2동","3729","1700","2029","2","331","556","664","788","1388","2","116","268","263","308","743","0","215","288","401","480","645"
"20192","11710641","문정1동","32492","24977","7515","11","2494","5703","9674","12853","1757","4","1262","3915","7439","11108","1249","7","1232","1788","2235","1745","508"
"20192","11740570","암사1동","4289","2659","1630","7","559","945","932","864","982","4","268","595","596","606","590","3","291","350","336","258","392"
"20192","11500611","발산1동","3308","1930","1378","3","264","474","872","1085","610","1","104","240","442","650","493","2","160","234","430","435","117"
"20192","11380560","구산동","4973","2614","2359","11","604","960","1052","1473","873","1","243","444","525","901","500","10","361","516","527","572","373"
"20192","11590660","대방동","11319","7475","3844","25","1856","3092","2695","2498","1153","11","984","2086","1892","1839","663","14","872","1006","803","659","490"
"20192","11620685","신사동","4451","2848","1603","4","642","1135","1284","920","466","3","285","761","929","593","277","1","357","374","355","327","189"
"20192","11620745","삼성동","1886","1099","787","6","204","394","497","506","279","2","102","219","284","281","211","4","102","175","213","225","68"
"20192","11440730","성산2동","3297","1637","1660","3","292","575","862","1004","561","3","125","289","429","459","332","0","167","286","433","545","229"
"20192","11620715","난향동","1936","939","997","1","442","489","402","297","305","0","120","242","186","143","248","1","322","247","216","154","57"
"20192","11560610","양평1동","14816","8661","6155","38","2755","3339","3197","3068","2419","18","1458","2148","1917","1548","1572","20","1297","1191","1280","1520","847"
"20192","11530780","오류2동","4719","2855","1864","2","452","989","1314","1167","795","0","182","557","767","735","614","2","270","432","547","432","181"
"20192","11590651","사당5동","1888","1159","729","1","237","498","473","396","283","1","134","310","271","225","218","0","103","188","202","171","65"
"20192","11650651","양재1동","38513","23863","14650","287","9030","11096","8569","5579","3952","136","4092","7167","6122","3629","2717","151","4938","3929","2447","1950","1235"
"20192","11470680","신정7동","6559","4447","2112","12","695","1479","1802","1590","981","5","352","972","1211","1094","813","7","343","507","591","496","168"
"20192","11710680","잠실3동","19965","13130","6835","46","4848","5416","4485","3286","1884","12","2713","3641","3227","2261","1276","34","2135","1775","1258","1025","608"
"20192","11530790","수궁동","4385","2850","1535","22","441","881","1076","1207","758","22","252","529","660","806","581","0","189","352","416","401","177"
"20192","11320681","쌍문4동","1380","736","644","0","150","332","376","355","167","0","41","172","204","193","126","0","109","160","172","162","41"
"20192","11320511","창1동","2056","1024","1032","5","263","419","575","560","234","5","100","198","301","273","147","0","163","221","274","287","87"
"20192","11350611","하계1동","4953","3032","1921","10","684","1024","1144","1361","730","8","291","566","690","958","519","2","393","458","454","403","211"
"20192","11710610","삼전동","7184","4712","2472","7","695","1393","1588","1593","1908","4","310","865","1011","966","1556","3","385","528","577","627","352"
"20192","11290810","석관동","3947","2563","1384","10","343","664","806","789","1335","5","156","398","476","505","1023","5","187","266","330","284","312"
"20192","11530760","개봉3동","2085","1188","897","7","271","475","520","457","355","7","131","267","277","254","252","0","140","208","243","203","103"
"20192","11545610","독산1동","13554","8519","5035","41","1147","2097","2513","2909","4847","37","662","1324","1570","1712","3214","4","485","773","943","1197","1633"
"20192","11590550","상도3동","1505","806","699","0","130","310","368","369","328","0","63","186","217","174","166","0","67","124","151","195","162"
"20192","11545700","시흥4동","1695","1010","685","12","260","360","487","391","185","10","154","242","288","183","133","2","106","118","199","208","52"
"20192","11740515","강일동","1630","1121","509","0","197","302","491","415","225","0","115","210","335","287","174","0","82","92","156","128","51"
"20192","11215860","구의2동","3943","2390","1553","6","396","672","1020","1158","691","3","174","357","637","745","474","3","222","315","383","413","217"
"20192","11110650","혜화동","5900","3163","2737","27","915","1569","1358","1175","856","19","342","820","802","682","498","8","573","749","556","493","358"
"20192","11170660","이태원2동","3063","1434","1629","5","557","1214","801","337","149","0","251","620","333","128","102","5","306","594","468","209","47"
"20192","11710580","송파1동","14081","8126","5955","58","2929","3567","3300","2623","1604","24","1196","2108","2239","1463","1096","34","1733","1459","1061","1160","508"
"20192","11710670","잠실2동","7776","4877","2899","12","1569","2294","2036","1424","441","8","836","1489","1324","967","253","4","733","805","712","457","188"
"20192","11740580","암사2동","2425","919","1506","4","186","389","621","818","407","4","69","175","260","223","188","0","117","214","361","595","219"
"20192","11260660","망우3동","1265","678","587","0","112","205","336","341","271","0","38","92","164","192","192","0","74","113","172","149","79"
"20192","11290760","장위1동","1301","699","602","5","192","292","295","293","224","4","88","165","142","153","147","1","104","127","153","140","77"
"20192","11290685","길음2동","434","216","218","1","56","94","134","93","56","1","17","49","76","45","28","0","39","45","58","48","28"
"20192","11410555","북아현동","1720","1236","484","0","177","405","501","494","143","0","84","305","385","375","87","0","93","100","116","119","56"
"20192","11260655","망우본동","3779","1991","1788","11","430","682","879","1096","681","2","155","282","416","617","519","9","275","400","463","479","162"
"20192","11260580","상봉1동","2436","1671","765","7","313","403","489","633","591","7","197","263","281","421","502","0","116","140","208","212","89"
"20192","11470570","신월2동","3014","1826","1188","12","291","514","794","750","653","9","155","298","414","429","521","3","136","216","380","321","132"
"20192","11680655","도곡1동","62064","45802","16262","156","10220","14129","18286","16470","2803","103","6054","9668","13862","13830","2285","53","4166","4461","4424","2640","518"
"20192","11230610","답십리2동","2613","1652","961","15","275","455","630","632","606","7","139","266","408","400","432","8","136","189","222","232","174"
"20192","11500620","공항동","33434","17874","15560","10","5345","11241","9370","6390","1078","4","1191","4641","5514","5592","932","6","4154","6600","3856","798","146"
"20192","11500630","방화1동","8317","6072","2245","12","1040","1956","1975","2211","1123","3","565","1451","1551","1772","730","9","475","505","424","439","393"
"20192","11530550","구로4동","2320","1143","1177","6","224","403","651","630","406","3","94","203","298","295","250","3","130","200","353","335","156"
"20192","11590630","사당2동","2674","1333","1341","11","437","689","748","510","279","6","167","349","382","258","171","5","270","340","366","252","108"
"20192","11710520","풍납2동","5586","3075","2511","7","786","1420","1427","1265","681","3","341","798","812","655","466","4","445","622","615","610","215"
"20192","11410660","홍은1동","2234","974","1260","0","152","227","346","402","1107","0","60","123","170","160","461","0","92","104","176","242","646"
"20192","11620605","은천동","7171","3034","4137","8","1151","1671","1508","1675","1158","1","284","684","735","713","617","7","867","987","773","962","541"
"20192","11620595","청룡동","7004","3832","3172","12","1001","2019","1689","1557","726","4","370","1037","923","1023","475","8","631","982","766","534","251"
"20192","11680590","삼성2동","50507","26684","23823","124","11788","15136","11201","7612","4646","55","4700","8600","6640","3667","3022","69","7088","6536","4561","3945","1624"
"20192","11680610","대치2동","96134","58192","37942","268","16471","26790","23274","17735","11596","135","7636","16939","15981","10741","6760","133","8835","9851","7293","6994","4836"
"20192","11530540","구로3동","55824","35933","19891","187","11294","19480","14364","6798","3701","117","5500","12810","10072","4565","2869","70","5794","6670","4292","2233","832"
"20192","11440740","상암동","16702","10428","6274","42","3945","5884","4140","1889","802","20","1687","3772","2976","1363","610","22","2258","2112","1164","526","192"
"20192","11440585","도화동","11817","7213","4604","16","1876","2707","2695","2919","1604","5","1006","1740","1780","1581","1101","11","870","967","915","1338","503"
"20192","11440565","공덕동","9196","6229","2967","13","1571","2498","2406","2115","593","7","891","1597","1597","1726","411","6","680","901","809","389","182"
"20192","11560550","당산1동","15777","9432","6345","42","2396","4149","3515","3316","2359","25","1049","2302","2173","2251","1632","17","1347","1847","1342","1065","727"
"20192","11560630","신길1동","4085","1883","2202","4","820","1159","865","702","535","0","250","615","440","323","255","4","570","544","425","379","280"
"20192","11560535","영등포동","13724","7905","5819","50","2351","3458","3391","2627","1847","15","823","1961","2169","1670","1267","35","1528","1497","1222","957","580"
"20192","11650620","방배3동","17796","11576","6220","31","2582","5271","4902","3060","1950","15","1265","3243","3465","2107","1481","16","1317","2028","1437","953","469"
"20192","11215730","군자동","2752","1434","1318","4","339","648","647","600","514","3","113","333","360","303","322","1","226","315","287","297","192"
"20192","11740550","고덕1동","1958","1091","867","0","250","531","528","477","172","0","120","312","287","264","108","0","130","219","241","213","64"
"20192","11200670","성수2가1동","9090","6247","2843","80","1535","2604","2321","1688","862","49","869","1778","1636","1231","684","31","666","826","685","457","178"
"20192","11530560","구로5동","16305","10938","5367","37","2084","4102","4158","3445","2479","26","1287","3026","2979","2117","1503","11","797","1076","1179","1328","976"
"20192","11530720","고척1동","7547","5315","2232","11","638","1588","2004","2284","1022","10","328","1048","1390","1711","828","1","310","540","614","573","194"
"20192","11230705","청량리동","5452","3054","2398","4","812","1431","1199","1154","852","3","313","812","744","706","476","1","499","619","455","448","376"
"20192","11320680","쌍문3동","1982","941","1041","6","403","440","446","476","211","5","92","200","225","274","145","1","311","240","221","202","66"
"20192","11560720","대림3동","11228","5941","5287","32","1072","2003","2682","3026","2413","16","631","1281","1457","1272","1284","16","441","722","1225","1754","1129"
"20192","11650590","방배본동","24426","12839","11587","68","4548","6574","6671","4602","1963","36","1506","3474","3812","2770","1241","32","3042","3100","2859","1832","722"
"20192","11530595","가리봉동","1027","511","516","1","99","186","239","218","284","0","42","84","118","99","168","1","57","102","121","119","116"
"20192","11545510","가산동","96686","62108","34578","954","21714","29465","23153","13256","8144","484","11237","19508","16561","8617","5701","470","10477","9957","6592","4639","2443"
"20192","11410615","연희동","14742","9698","5044","38","1760","3539","3344","4214","1847","30","950","2215","2103","3072","1328","8","810","1324","1241","1142","519"
"20192","11680600","대치1동","27322","17079","10243","33","3926","9100","7376","4679","2208","15","1660","5446","4862","3432","1664","18","2266","3654","2514","1247","544"
"20192","11200690","성수2가3동","23728","14894","8834","87","3585","5999","5884","4779","3394","57","1829","3801","3905","2945","2357","30","1756","2198","1979","1834","1037"
"20192","11650660","내곡동","5722","3480","2242","38","1056","1811","1278","971","568","30","635","1085","743","596","391","8","421","726","535","375","177"
"20192","11680531","논현2동","56782","35738","21044","118","10655","16710","13511","9340","6448","47","4360","9819","9467","7045","5000","71","6295","6891","4044","2295","1448"
"20192","11500605","가양3동","3834","2374","1460","12","589","833","998","757","645","9","374","555","653","451","332","3","215","278","345","306","313"
"20192","11170685","한남동","44552","32189","12363","153","7022","13574","11833","9899","2071","84","3340","8833","9457","8841","1634","69","3682","4741","2376","1058","437"
"20192","11545640","독산4동","1908","1266","642","5","299","471","486","366","281","4","178","327","342","225","190","1","121","144","144","141","91"
"20192","11110690","창신3동","223","103","120","1","33","54","51","60","24","1","14","21","22","28","17","0","19","33","29","32","7"
"20192","11215850","구의1동","3744","2247","1497","13","498","1003","984","825","421","12","248","613","564","512","298","1","250","390","420","313","123"
"20192","11140580","장충동","11133","5909","5224","27","2484","3058","2871","2121","572","11","871","1743","1722","1202","360","16","1613","1315","1149","919","212"
"20192","11215710","화양동","2949","1881","1068","7","393","503","709","811","526","3","163","286","465","558","406","4","230","217","244","253","120"
"20192","11140680","중림동","5275","3150","2125","7","1023","1649","1360","774","462","1","486","949","838","545","331","6","537","700","522","229","131"
"20192","11350700","상계8동","883","407","476","1","84","186","247","247","118","1","31","90","88","125","72","0","53","96","159","122","46"
"20192","11260570","면목7동","1375","775","600","0","150","240","352","347","286","0","65","118","204","200","188","0","85","122","148","147","98"
"20192","11740690","둔촌1동","1505","851","654","3","181","361","356","392","212","3","83","211","210","198","146","0","98","150","146","194","66"
"20192","11260600","중화1동","1565","770","795","1","179","331","442","395","217","0","67","145","207","190","161","1","112","186","235","205","56"
"20192","11170700","보광동","2501","1321","1180","3","259","607","660","721","251","2","62","225","352","500","180","1","197","382","308","221","71"
"20192","11200580","응봉동","1279","721","558","4","208","297","308","292","170","3","79","167","179","162","131","1","129","130","129","130","39"
"20192","11200590","금호1가동","2454","926","1528","20","288","786","973","295","92","0","105","249","383","123","66","20","183","537","590","172","26"
"20192","11440590","용강동","17027","10428","6599","17","2220","4107","3864","3903","2916","9","1152","2636","2791","2124","1716","8","1068","1471","1073","1779","1200"
"20192","11560650","신길3동","1425","937","488","0","99","241","295","362","428","0","42","150","188","236","321","0","57","91","107","126","107"
"20192","11440655","서강동","7760","4929","2831","43","1730","2096","1655","1322","914","21","880","1388","1110","860","670","22","850","708","545","462","244"
"20192","11170640","이촌2동","2199","1322","877","2","350","603","541","466","237","2","172","358","345","303","142","0","178","245","196","163","95"
"20192","11110570","무악동","759","308","451","6","156","208","216","126","47","5","38","61","112","65","27","1","118","147","104","61","20"
"20192","11710647","위례동","1470","1419","51","0","6","86","399","777","202","0","6","83","391","747","192","0","0","3","8","30","10"
"20192","11320700","방학2동","1017","513","504","0","85","219","264","217","232","0","37","116","134","108","118","0","48","103","130","109","114"
"20192","11350580","월계3동","1425","743","682","1","174","263","361","416","210","1","69","143","173","221","136","0","105","120","188","195","74"
"20192","11350595","공릉1동","7010","3942","3068","12","698","1071","1430","1839","1960","8","307","606","740","1023","1258","4","391","465","690","816","702"
"20192","11305660","인수동","3921","2076","1845","3","436","828","880","1012","762","2","164","416","459","511","524","1","272","412","421","501","238"
"20192","11380580","응암1동","2802","1628","1174","8","271","438","670","668","747","5","122","222","376","355","548","3","149","216","294","313","199"
"20192","11110530","사직동","47397","29381","18016","54","6512","14928","13541","8448","3914","22","2435","8279","9491","6424","2730","32","4077","6649","4050","2024","1184"
"20192","11710532","거여2동","2966","1666","1300","10","334","564","730","780","548","5","193","346","392","384","346","5","141","218","338","396","202"
"20192","11500550","화곡2동","1530","901","629","3","165","391","429","368","174","1","96","243","250","198","113","2","69","148","179","170","61"
"20192","11230710","회기동","849","396","453","2","112","215","203","187","130","1","34","92","92","90","87","1","78","123","111","97","43"
"20192","11680630","대치4동","36064","22115","13949","120","5714","10974","9851","6035","3370","19","2302","6527","6810","4293","2164","101","3412","4447","3041","1742","1206"
"20192","11215847","자양4동","1406","910","496","3","196","347","359","268","233","2","90","244","228","161","185","1","106","103","131","107","48"
"20192","11170650","이태원1동","12900","5799","7101","19","3632","4818","2495","1156","780","11","983","2119","1437","775","474","8","2649","2699","1058","381","306"
"20192","11305555","송천동","2164","1101","1063","3","162","370","451","545","633","3","51","175","217","309","346","0","111","195","234","236","287"
"20192","11440700","망원2동","2311","1338","973","4","333","514","635","493","332","3","130","292","376","299","238","1","203","222","259","194","94"
"20192","11620655","신원동","878","489","389","6","99","185","215","232","141","5","51","94","128","137","74","1","48","91","87","95","67"
"20192","11680565","청담동","82706","47514","35192","227","16852","25590","20951","14933","4153","79","5944","13589","13952","11009","2941","148","10908","12001","6999","3924","1212"
"20192","11560540","여의동","202668","134974","67694","349","33533","72430","54207","31349","10800","105","16066","48986","39136","23489","7192","244","17467","23444","15071","7860","3608"
"20192","11560515","영등포본동","4268","2608","1660","25","700","911","1018","895","719","9","310","558","651","546","534","16","390","353","367","349","185"
"20192","11710650","잠실본동","9918","5984","3934","31","1372","2088","2406","1907","2114","11","624","1195","1453","1150","1551","20","748","893","953","757","563"
"20192","11470590","신월4동","1749","1168","581","1","131","232","411","525","449","1","79","142","227","339","380","0","52","90","184","186","69"
"20192","11500520","등촌1동","8448","5208","3240","20","1705","2249","1900","1445","1129","11","651","1434","1324","982","806","9","1054","815","576","463","323"
"20192","11740640","성내1동","14338","9052","5286","45","1647","3441","3580","3634","1991","15","759","2017","2243","2560","1458","30","888","1424","1337","1074","533"
"20192","11710561","방이1동","9756","6489","3267","20","1201","1987","2522","2356","1670","10","441","1142","1669","1836","1391","10","760","845","853","520","279"
"20192","11530740","개봉1동","5000","2949","2051","8","435","971","1161","1337","1088","6","212","530","607","767","827","2","223","441","554","570","261"
"20192","11545680","시흥2동","3553","2039","1514","6","324","669","899","1087","568","4","174","344","498","636","383","2","150","325","401","451","185"
"20192","11320660","쌍문1동","2108","1027","1081","3","282","333","516","564","410","3","55","116","219","299","335","0","227","217","297","265","75"
"20192","11500593","화곡8동","2707","1596","1111","3","313","752","756","561","322","2","166","436","417","340","235","1","147","316","339","221","87"
"20192","11590605","흑석동","1530","906","624","1","198","322","402","333","274","1","101","198","232","189","185","0","97","124","170","144","89"
"20192","11290575","동선동","12522","6019","6503","311","2160","2671","3307","2354","1719","113","706","1246","1680","1449","825","198","1454","1425","1627","905","894"
"20192","11560605","문래동","77844","56196","21648","108","12117","26144","23968","12269","3238","45","6583","19349","19521","8297","2401","63","5534","6795","4447","3972","837"
"20192","11620735","대학동","2885","1948","937","1","420","792","809","549","314","0","233","504","591","389","231","1","187","288","218","160","83"
"20192","11650560","반포1동","7914","4706","3208","11","1367","2652","1926","1311","647","6","564","1661","1239","767","469","5","803","991","687","544","178"
"20192","11470550","목5동","32497","19240","13257","120","5214","8485","8284","6763","3631","63","2371","4994","5058","4189","2565","57","2843","3491","3226","2574","1066"
"20192","11710590","송파2동","13573","8842","4731","60","2078","3420","3716","3193","1106","48","978","2159","2779","2094","784","12","1100","1261","937","1099","322"
"20192","11710510","풍납1동","1779","987","792","1","235","394","447","472","230","1","117","213","233","238","185","0","118","181","214","234","45"
"20192","11110680","창신2동","386","129","257","0","25","47","86","129","99","0","5","15","36","43","30","0","20","32","50","86","69"
"20192","11680510","신사동","32035","18953","13082","62","6309","9838","8318","5017","2491","26","2425","5883","5473","3334","1812","36","3884","3955","2845","1683","679"
"20192","11140650","신당5동","1074","510","564","4","128","225","233","262","222","3","43","104","116","120","124","1","85","121","117","142","98"
"20192","11215870","구의3동","14433","9238","5195","18","1560","3060","3670","3590","2535","8","905","2160","2593","2041","1531","10","655","900","1077","1549","1004"
"20192","11140635","약수동","31382","12831","18551","112","4860","11179","9814","4560","857","15","1379","4080","3472","3225","660","97","3481","7099","6342","1335","197"
"20192","11200650","성수1가1동","4368","2935","1433","4","515","1043","1058","1180","568","2","302","668","699","819","445","2","213","375","359","361","123"
"20192","11215830","자양2동","5205","3180","2025","17","769","1227","1339","1252","601","11","487","766","787","695","434","6","282","461","552","557","167"
"20192","11260540","면목4동","1514","1055","459","1","112","254","411","524","212","0","47","149","278","411","170","1","65","105","133","113","42"
"20192","11305535","미아동","1916","1090","826","4","189","358","519","496","350","3","74","192","296","302","223","1","115","166","223","194","127"
"20192","11200570","행당2동","316","139","177","0","39","68","103","68","38","0","18","34","42","22","23","0","21","34","61","46","15"
"20192","11560670","신길5동","1452","713","739","1","156","310","451","357","177","0","76","145","165","184","143","1","80","165","286","173","34"
"20192","11290725","월곡2동","4859","3063","1796","6","709","1302","1181","910","751","4","355","850","705","528","621","2","354","452","476","382","130"
"20192","11440710","연남동","3228","1908","1320","6","486","861","782","686","407","3","195","467","469","453","321","3","291","394","313","233","86"
"20192","11560680","신길6동","2736","1631","1105","11","241","568","719","666","531","7","107","348","403","394","372","4","134","220","316","272","159"
"20192","11260690","신내2동","3762","2127","1635","5","444","919","928","954","512","2","188","445","475","631","386","3","256","474","453","323","126"
"20192","11680720","일원본동","38755","21448","17307","95","9420","11698","9747","6384","1411","38","3235","6257","6296","4656","966","57","6185","5441","3451","1728","445"
"20193","11350624","중계4동","1920","1095","825","6","205","388","467","499","355","4","78","184","259","300","270","2","127","204","208","199","85"
"20193","11350665","상계3?4동","2834","1917","917","6","190","286","615","1016","721","3","60","125","371","758","600","3","130","161","244","258","121"
"20193","11260620","묵1동","3004","1494","1510","6","369","664","791","731","443","2","146","347","378","321","300","4","223","317","413","410","143"
"20193","11290705","종암동","6523","3809","2714","12","736","1620","1746","1790","619","4","317","835","1009","1263","381","8","419","785","737","527","238"
"20193","11230730","휘경2동","4680","2505","2175","8","574","992","1193","1171","742","3","167","471","652","648","564","5","407","521","541","523","178"
"20193","11200540","마장동","4105","2590","1515","3","465","862","1011","985","779","1","251","511","629","646","552","2","214","351","382","339","227"
"20193","11500603","가양1동","5891","4064","1827","5","649","1408","1512","1346","971","1","308","924","1037","982","812","4","341","484","475","364","159"
"20193","11170510","후암동","2254","1208","1046","8","341","477","541","503","384","6","113","253","310","267","259","2","228","224","231","236","125"
"20193","11680730","일원1동","2605","1494","1111","2","317","492","608","606","580","1","172","280","345","346","350","1","145","212","263","260","230"
"20193","11710570","오금동","27133","17439","9694","43","3698","6981","7614","6414","2383","27","1838","4301","4987","4541","1745","16","1860","2680","2627","1873","638"
"20193","11320710","방학3동","3168","1931","1237","11","660","707","740","661","389","9","332","437","498","349","306","2","328","270","242","312","83"
"20193","11680650","역삼2동","63309","38467","24842","186","11593","19984","17304","10613","3629","79","5238","12449","12233","6055","2413","107","6355","7535","5071","4558","1216"
"20193","11680545","압구정동","62369","40352","22017","358","11554","19826","15410","10693","4528","141","4635","13015","11482","8156","2923","217","6919","6811","3928","2537","1605"
"20193","11650520","서초2동","70276","47129","23147","124","12612","23672","18952","11187","3729","64","6719","16188","13269","8293","2596","60","5893","7484","5683","2894","1133"
"20193","11215780","능동","2697","1721","976","7","320","561","683","541","585","2","153","342","448","341","435","5","167","219","235","200","150"
"20193","11215750","중곡2동","2890","1619","1271","0","362","549","745","704","530","0","216","326","387","363","327","0","146","223","358","341","203"
"20193","11320522","도봉2동","2049","1243","806","0","116","256","390","565","722","0","40","109","198","347","549","0","76","147","192","218","173"
"20193","11110540","삼청동","6612","5018","1594","5","662","1532","1889","1651","873","2","388","1151","1576","1313","588","3","274","381","313","338","285"
"20193","11620630","남현동","4664","3146","1518","5","726","1166","1241","923","603","3","397","801","883","631","431","2","329","365","358","292","172"
"20193","11620695","신림동","2234","1274","960","4","275","366","494","452","643","1","97","200","261","250","465","3","178","166","233","202","178"
"20193","11440555","아현동","21909","13027","8882","67","3904","6802","6315","3921","900","21","1488","3770","4125","2956","667","46","2416","3032","2190","965","233"
"20193","11650621","방배4동","20636","12781","7855","51","3306","5707","4924","3984","2664","24","1408","3275","3368","2746","1960","27","1898","2432","1556","1238","704"
"20193","11440610","염리동","22624","12648","9976","80","3154","4520","4314","8393","2163","32","936","1965","1956","6116","1643","48","2218","2555","2358","2277","520"
"20193","11740700","둔촌2동","8575","4549","4026","4","1130","2314","2694","1610","823","2","379","1251","1412","998","507","2","751","1063","1282","612","316"
"20193","11380650","수색동","2055","1212","843","12","229","499","518","500","297","12","128","305","282","270","215","0","101","194","236","230","82"
"20193","11470530","목3동","2574","1416","1158","6","388","599","650","580","351","4","170","341","347","322","232","2","218","258","303","258","119"
"20193","11170560","원효로1동","5052","3464","1588","28","786","1436","1360","887","555","15","471","1045","943","613","377","13","315","391","417","274","178"
"20193","11470600","신월5동","1887","1063","824","12","218","445","486","503","223","9","125","247","278","262","142","3","93","198","208","241","81"
"20193","11560710","대림2동","3774","1936","1838","10","843","1066","912","575","368","2","359","615","405","304","251","8","484","451","507","271","117"
"20193","11650510","서초1동","31794","18508","13286","79","6261","9579","7698","5355","2822","24","2607","5764","5155","3162","1796","55","3654","3815","2543","2193","1026"
"20193","11590650","사당4동","1508","786","722","1","165","248","326","268","500","0","72","117","154","118","325","1","93","131","172","150","175"
"20193","11320512","창2동","2382","1516","866","10","252","531","650","588","351","10","147","344","390","345","280","0","105","187","260","243","71"
"20193","11500615","우장산동","6792","3558","3234","17","1711","1596","1397","1245","826","9","571","861","827","731","559","8","1140","735","570","514","267"
"20193","11350720","상계10동","1200","518","682","0","180","229","314","309","168","0","62","94","123","137","102","0","118","135","191","172","66"
"20193","11500530","등촌2동","4908","2871","2037","4","569","1018","1191","1263","863","2","247","549","728","794","551","2","322","469","463","469","312"
"20193","11620645","서원동","2569","1157","1412","6","579","595","496","473","420","2","200","255","249","185","266","4","379","340","247","288","154"
"20193","11560690","신길7동","3030","2066","964","4","311","546","678","865","626","3","195","373","449","555","491","1","116","173","229","310","135"
"20193","11545710","시흥5동","1833","1087","746","27","268","413","449","384","292","20","143","273","253","192","206","7","125","140","196","192","86"
"20193","11110700","숭인1동","485","227","258","0","72","89","124","118","82","0","12","36","59","66","54","0","60","53","65","52","28"
"20193","11590540","상도2동","1449","752","697","5","190","327","387","344","196","0","76","183","209","169","115","5","114","144","178","175","81"
"20193","11680660","개포1동","14570","9194","5376","94","2060","3594","3680","3303","1839","37","1130","2165","2465","2122","1275","57","930","1429","1215","1181","564"
"20193","11650531","서초4동","35577","20209","15368","101","6702","10780","8651","6398","2945","49","2529","6076","5527","3927","2101","52","4173","4704","3124","2471","844"
"20193","11590680","신대방2동","20920","13439","7481","30","3776","4565","3944","4672","3933","15","2819","3516","2559","2432","2098","15","957","1049","1385","2240","1835"
"20193","11410720","북가좌2동","2920","1595","1325","6","324","625","697","761","507","3","111","316","388","449","328","3","213","309","309","312","179"
"20193","11740590","암사3동","3214","2040","1174","3","321","518","605","862","905","2","168","317","353","548","652","1","153","201","252","314","253"
"20193","11410690","남가좌1동","3962","2370","1592","5","274","480","689","986","1528","3","177","327","428","517","918","2","97","153","261","469","610"
"20193","11200645","옥수동","5460","2307","3153","5","1206","1700","1245","781","523","1","308","666","599","402","331","4","898","1034","646","379","192"
"20193","11230570","전농2동","4726","2272","2454","5","523","1042","1202","1258","696","2","200","459","608","594","409","3","323","583","594","664","287"
"20193","11140665","동화동","1518","673","845","0","246","391","387","305","189","0","63","147","171","163","129","0","183","244","216","142","60"
"20193","11740560","고덕2동","2057","1403","654","0","110","237","388","729","593","0","33","117","243","519","491","0","77","120","145","210","102"
"20193","11740650","성내2동","8648","4786","3862","80","2052","2454","2640","940","482","3","899","1262","1684","625","313","77","1153","1192","956","315","169"
"20193","11215810","광장동","12642","7298","5344","78","3156","2963","2563","2555","1327","28","1407","1669","1637","1619","938","50","1749","1294","926","936","389"
"20193","11170630","이촌1동","12132","7779","4353","45","2065","3429","3241","2381","971","29","1042","2116","2280","1632","680","16","1023","1313","961","749","291"
"20193","11170555","청파동","6033","3492","2541","14","883","1560","1184","1071","1321","9","306","687","729","678","1083","5","577","873","455","393","238"
"20193","11740540","명일2동","2018","1210","808","12","220","430","418","547","391","5","97","260","242","314","292","7","123","170","176","233","99"
"20193","11290780","장위3동","1347","836","511","10","167","210","307","366","287","6","72","114","173","225","246","4","95","96","134","141","41"
"20193","11200620","금호4가동","1161","683","478","1","104","253","309","314","180","1","46","121","186","189","140","0","58","132","123","125","40"
"20193","11680750","수서동","20917","12015","8902","26","2664","5781","5957","4027","2462","16","1271","3420","3510","2270","1528","10","1393","2361","2447","1757","934"
"20193","11470610","신월6동","1180","681","499","1","124","225","252","324","254","0","48","106","136","193","198","1","76","119","116","131","56"
"20193","11290770","장위2동","2269","1480","789","2","219","388","504","554","602","2","82","204","298","395","499","0","137","184","206","159","103"
"20193","11200790","용답동","5295","3042","2253","54","1344","1422","1069","879","527","3","531","893","678","526","411","51","813","529","391","353","116"
"20193","11710631","가락1동","5812","4029","1783","2","359","1066","1597","1675","1113","1","236","814","1178","1086","714","1","123","252","419","589","399"
"20193","11320514","창4동","3166","2032","1134","3","279","578","712","915","679","1","94","299","413","655","570","2","185","279","299","260","109"
"20193","11350560","월계1동","3066","1710","1356","15","451","731","822","599","448","6","206","435","432","333","298","9","245","296","390","266","150"
"20193","11350630","상계1동","6705","4098","2607","15","634","1247","1534","1656","1619","13","334","819","998","1009","925","2","300","428","536","647","694"
"20193","11320670","쌍문2동","1763","995","768","1","182","278","394","483","425","0","51","121","200","293","330","1","131","157","194","190","95"
"20193","11290650","정릉4동","2130","1320","810","1","186","324","527","629","463","0","61","161","319","429","350","1","125","163","208","200","113"
"20193","11290580","돈암1동","2542","1100","1442","11","733","753","504","369","172","2","153","347","265","207","126","9","580","406","239","162","46"
"20193","11290630","정릉2동","2019","965","1054","2","332","479","522","439","245","1","103","234","224","224","179","1","229","245","298","215","66"
"20193","11260520","면목2동","1721","1010","711","3","164","279","391","511","373","3","63","128","210","328","278","0","101","151","181","183","95"
"20193","11470560","신월1동","2543","1539","1004","7","235","411","630","819","441","4","139","254","331","492","319","3","96","157","299","327","122"
"20193","11230560","전농1동","1796","1105","691","2","228","313","477","475","301","1","137","199","312","289","167","1","91","114","165","186","134"
"20193","11380640","증산동","3324","2055","1269","3","510","802","816","772","421","2","267","522","538","445","281","1","243","280","278","327","140"
"20193","11230650","장안1동","11042","6852","4190","30","1530","2325","2423","2439","2295","23","856","1412","1511","1474","1576","7","674","913","912","965","719"
"20193","11230660","장안2동","6869","3635","3234","10","1976","1388","1348","1334","813","5","985","808","633","644","560","5","991","580","715","690","253"
"20193","11530510","신도림동","13394","8751","4643","39","2063","4309","3297","2366","1320","17","889","2929","2338","1572","1006","22","1174","1380","959","794","314"
"20193","11110630","종로5?6가동","11334","7566","3768","16","1485","3298","3207","2367","961","4","636","2042","2333","1868","683","12","849","1256","874","499","278"
"20193","11110560","평창동","19203","12058","7145","31","2560","5160","5869","4057","1526","14","1248","2849","3829","3038","1080","17","1312","2311","2040","1019","446"
"20193","11110640","이화동","4441","2449","1992","6","748","1307","1054","749","577","3","247","636","626","511","426","3","501","671","428","238","151"
"20193","11230536","용신동","23992","11479","12513","35","3521","5921","6052","5595","2868","15","1268","3193","2995","2475","1533","20","2253","2728","3057","3120","1335"
"20193","11470650","신정4동","6789","3454","3335","15","1249","1501","1498","1431","1095","13","434","782","804","736","685","2","815","719","694","695","410"
"20193","11500590","화곡본동","3064","1708","1356","14","356","622","746","739","587","10","141","349","424","373","411","4","215","273","322","366","176"
"20193","11500560","화곡3동","5642","3436","2206","11","644","1288","1421","1352","926","6","342","861","832","753","642","5","302","427","589","599","284"
"20193","11560620","양평2동","15830","9057","6773","40","2715","4409","4337","2738","1591","19","1162","2704","2464","1568","1140","21","1553","1705","1873","1170","451"
"20193","11410700","남가좌2동","4101","1881","2220","31","1848","946","600","492","184","13","695","497","281","268","127","18","1153","449","319","224","57"
"20193","11590620","사당1동","4647","2604","2043","6","732","1128","1265","858","658","3","249","550","742","535","525","3","483","578","523","323","133"
"20193","11620625","인헌동","3372","1888","1484","5","466","792","876","650","583","4","222","459","482","319","402","1","244","333","394","331","181"
"20193","11440660","서교동","29199","15033","14166","122","5502","7961","6688","4646","4280","77","2092","4186","3971","2459","2248","45","3410","3775","2717","2187","2032"
"20193","11440690","망원1동","3386","1869","1517","8","877","966","732","513","290","3","494","544","362","295","171","5","383","422","370","218","119"
"20193","11560585","도림동","2188","1518","670","5","308","381","459","469","566","5","180","259","307","326","441","0","128","122","152","143","125"
"20193","11500510","염창동","13686","9212","4474","36","1829","3182","3362","2872","2405","25","939","1988","2206","1972","2082","11","890","1194","1156","900","323"
"20193","11470611","신월7동","3647","2160","1487","3","273","411","624","1035","1301","2","150","247","359","626","776","1","123","164","265","409","525"
"20193","11170625","한강로동","50226","26091","24135","116","10254","16662","14195","6821","2178","54","4361","8389","7463","4301","1523","62","5893","8273","6732","2520","655"
"20193","11680656","도곡2동","200585","136316","64269","469","37109","78669","57540","22141","4657","219","19408","53626","44088","15857","3118","250","17701","25043","13452","6284","1539"
"20193","11545670","시흥1동","7551","3952","3599","13","1232","1912","1676","1732","986","7","566","956","818","962","643","6","666","956","858","770","343"
"20193","11545690","시흥3동","8552","5165","3387","12","619","1281","2011","2280","2349","6","313","842","1180","1294","1530","6","306","439","831","986","819"
"20193","11380690","진관동","3410","1625","1785","4","373","775","972","869","417","2","160","439","442","353","229","2","213","336","530","516","188"
"20193","11260630","묵2동","2225","1489","736","0","286","530","527","621","261","0","154","367","356","440","172","0","132","163","171","181","89"
"20193","11545630","독산3동","4261","3026","1235","5","340","665","720","796","1735","1","186","386","385","462","1606","4","154","279","335","334","129"
"20193","11590510","노량진1동","6632","3986","2646","16","849","1466","1678","1687","936","9","475","907","1057","966","572","7","374","559","621","721","364"
"20193","11305645","우이동","3116","1860","1256","4","164","289","419","708","1532","2","56","141","224","474","963","2","108","148","195","234","569"
"20193","11560700","대림1동","2423","959","1464","0","686","589","508","415","225","0","140","214","235","213","157","0","546","375","273","202","68"
"20193","11680521","논현1동","46558","25847","20711","152","12548","14331","9700","6041","3786","74","4711","8000","6474","3902","2686","78","7837","6331","3226","2139","1100"
"20193","11470510","목1동","24428","17154","7274","45","3555","7800","6534","4600","1894","22","1709","5608","5032","3505","1278","23","1846","2192","1502","1095","616"
"20193","11215840","자양3동","3676","2417","1259","35","525","911","936","854","415","25","290","590","651","559","302","10","235","321","285","295","113"
"20193","11200720","송정동","1500","966","534","4","214","394","400","292","196","1","117","269","245","171","163","3","97","125","155","121","33"
"20193","11140540","회현동","31604","19883","11721","52","5258","10831","8436","5262","1765","12","2364","6458","5999","3807","1243","40","2894","4373","2437","1455","522"
"20193","11650652","양재2동","105408","89511","15897","85","10841","22877","28122","37973","5510","48","8016","18747","23789","34484","4427","37","2825","4130","4333","3489","1083"
"20193","11170520","용산2가동","1898","1354","544","1","148","308","680","623","138","1","72","162","528","495","96","0","76","146","152","128","42"
"20193","11140625","다산동","6731","3742","2989","11","1361","2210","1514","1078","557","2","445","1351","961","602","381","9","916","859","553","476","176"
"20193","11710540","마천1동","1047","567","480","0","97","169","280","311","190","0","44","82","140","156","145","0","53","87","140","155","45"
"20193","11260590","상봉2동","5558","3726","1832","2","617","1367","1739","1310","523","1","326","920","1169","913","397","1","291","447","570","397","126"
"20193","11260550","면목5동","1277","917","360","1","154","233","314","305","270","1","104","182","176","216","238","0","50","51","138","89","32"
"20193","11650550","반포본동","21332","10780","10552","50","3826","6672","5970","3746","1068","33","1279","3453","3124","2146","745","17","2547","3219","2846","1600","323"
"20193","11200520","왕십리2동","1256","686","570","1","177","327","337","277","137","0","76","155","189","164","102","1","101","172","148","113","35"
"20193","11305534","삼양동","1250","677","573","1","155","238","288","290","278","1","63","103","150","161","199","0","92","135","138","129","79"
"20193","11170530","남영동","21846","8918","12928","334","9538","5465","3562","2267","680","120","2177","3044","2031","1041","505","214","7361","2421","1531","1226","175"
"20193","11140570","필동","21006","9883","11123","44","2605","5604","6586","4587","1580","13","921","2776","3287","1882","1004","31","1684","2828","3299","2705","576"
"20193","11290715","월곡1동","3023","1705","1318","12","380","513","653","628","837","9","168","267","329","342","590","3","212","246","324","286","247"
"20193","11380590","응암2동","1095","633","462","1","126","153","248","326","241","1","57","74","131","174","196","0","69","79","117","152","45"
"20193","11350625","중계2?3동","2284","1287","997","4","256","589","593","587","255","3","138","350","327","309","160","1","118","239","266","278","95"
"20193","11260565","면목본동","1945","1026","919","1","213","408","498","478","347","0","76","206","266","254","224","1","137","202","232","224","123"
"20193","11410655","홍제2동","910","423","487","1","128","171","233","222","155","1","50","99","104","91","78","0","78","72","129","131","77"
"20193","11380570","대조동","2982","1373","1609","3","362","654","873","683","407","2","132","296","384","294","265","1","230","358","489","389","142"
"20193","11710632","가락2동","9018","5667","3351","46","1496","2052","2099","1919","1406","22","836","1361","1351","1087","1010","24","660","691","748","832","396"
"20193","11530750","개봉2동","7897","3940","3957","25","1315","1952","1851","1878","876","15","737","1215","852","653","468","10","578","737","999","1225","408"
"20193","11110615","종로1?2?3?4가동","90289","54177","36112","720","17140","27459","24498","15015","5457","328","7647","14737","16221","11476","3768","392","9493","12722","8277","3539","1689"
"20193","11110710","숭인2동","2261","1189","1072","5","362","485","520","515","374","3","103","232","300","312","239","2","259","253","220","203","135"
"20193","11230720","휘경1동","1570","941","629","4","151","290","408","405","312","1","71","182","258","263","166","3","80","108","150","142","146"
"20193","11380631","신사1동","2607","1446","1161","3","265","581","653","613","492","3","109","316","365","309","344","0","156","265","288","304","148"
"20193","11200535","왕십리도선동","4871","2459","2412","13","881","986","1020","1086","885","4","300","523","562","537","533","9","581","463","458","549","352"
"20193","11530730","고척2동","3210","2019","1191","11","344","704","807","898","446","8","190","452","496","524","349","3","154","252","311","374","97"
"20193","11470520","목2동","5438","2924","2514","3","752","1440","1421","1181","641","2","332","749","777","649","415","1","420","691","644","532","226"
"20193","11650570","반포2동","10467","6457","4010","16","1577","3274","2764","1824","1012","8","677","2074","1852","1131","715","8","900","1200","912","693","297"
"20193","11470540","목4동","3520","2121","1399","6","413","760","981","889","471","3","187","445","591","556","339","3","226","315","390","333","132"
"20193","11620665","서림동","1745","1061","684","2","178","305","448","425","387","2","79","160","252","280","288","0","99","145","196","145","99"
"20193","11680690","개포4동","10258","7070","3188","23","1319","2508","2767","2382","1259","14","640","1617","1990","1800","1009","9","679","891","777","582","250"
"20193","11680740","일원2동","7000","4321","2679","18","792","1839","1933","1720","698","7","352","1101","1311","1153","397","11","440","738","622","567","301"
"20193","11560560","당산2동","15189","10091","5098","44","1824","3361","3992","3724","2244","15","890","2213","2788","2515","1670","29","934","1148","1204","1209","574"
"20193","11620525","보라매동","1930","1001","929","6","205","429","497","477","316","5","82","228","272","214","200","1","123","201","225","263","116"
"20193","11380632","신사2동","2275","1455","820","6","309","497","549","513","401","4","165","315","316","320","335","2","144","182","233","193","66"
"20193","11470630","신정2동","7748","4662","3086","25","1040","2129","2160","1748","646","16","512","1344","1341","985","464","9","528","785","819","763","182"
"20193","11470640","신정3동","7772","5319","2453","5","743","1598","1941","1507","1978","2","419","1024","1282","915","1677","3","324","574","659","592","301"
"20193","11500570","화곡4동","2723","1194","1529","3","615","729","592","496","288","1","124","323","283","267","196","2","491","406","309","229","92"
"20193","11170690","서빙고동","13889","8964","4925","32","2407","4081","4191","2206","972","13","1165","2328","3008","1717","733","19","1242","1753","1183","489","239"
"20193","11710550","마천2동","2691","1622","1069","1","263","598","724","705","400","1","148","375","417","395","286","0","115","223","307","310","114"
"20193","11290600","안암동","5438","3347","2091","9","685","1268","1543","1296","637","3","293","717","969","878","487","6","392","551","574","418","150"
"20193","11305575","삼각산동","1194","695","499","1","154","313","387","233","106","0","81","185","221","121","87","1","73","128","166","112","19"
"20193","11560660","신길4동","1395","699","696","1","191","341","345","341","176","0","71","175","183","167","103","1","120","166","162","174","73"
"20193","11530530","구로2동","14768","9205","5563","37","1740","3437","3733","3597","2224","22","835","2028","2271","2442","1607","15","905","1409","1462","1155","617"
"20193","11530520","구로1동","5339","3216","2123","14","638","1408","1269","1044","966","9","319","915","885","658","430","5","319","493","384","386","536"
"20193","11140520","소공동","89990","48341","41649","264","22476","29604","22309","12360","2977","75","7158","14298","15046","9703","2061","189","15318","15306","7263","2657","916"
"20193","11470670","신정6동","20562","12331","8231","86","3458","5796","4949","4272","2001","67","1630","3505","2968","2679","1482","19","1828","2291","1981","1593","519"
"20193","11710710","잠실6동","58921","30648","28273","99","10268","15809","16515","14389","1841","34","4837","9573","9054","5832","1318","65","5431","6236","7461","8557","523"
"20193","11590640","사당3동","14525","5434","9091","0","3616","4574","3494","2099","742","0","738","1542","1300","1288","566","0","2878","3032","2194","811","176"
"20193","11140605","을지로동","14731","7619","7112","40","3615","3501","3159","2459","1957","14","945","1809","1916","1570","1365","26","2670","1692","1243","889","592"
"20193","11170580","효창동","1750","991","759","4","211","426","479","399","231","3","95","262","295","197","139","1","116","164","184","202","92"
"20193","11140645","청구동","3045","1589","1456","2","478","808","739","644","374","0","148","396","445","385","215","2","330","412","294","259","159"
"20193","11140615","신당동","3374","1801","1573","14","847","800","685","639","389","4","375","393","359","411","259","10","472","407","326","228","130"
"20193","11200660","성수1가2동","6741","4438","2303","15","1039","1515","1554","1390","1228","8","588","1010","969","925","938","7","451","505","585","465","290"
"20193","11740530","명일1동","2576","1251","1325","7","281","449","592","619","628","6","125","256","294","273","297","1","156","193","298","346","331"
"20193","11215770","중곡4동","4845","2374","2471","5","837","1107","1256","1145","495","3","242","517","615","612","385","2","595","590","641","533","110"
"20193","11740520","상일동","3078","1705","1373","2","343","648","845","847","393","2","128","367","539","416","253","0","215","281","306","431","140"
"20193","11260575","면목3?8동","3848","2281","1567","0","293","516","727","942","1370","0","100","253","393","620","915","0","193","263","334","322","455"
"20193","11305545","송중동","2430","1237","1193","5","283","450","643","599","450","5","119","238","307","263","305","0","164","212","336","336","145"
"20193","11200560","행당1동","9297","3464","5833","11","785","1510","2683","3726","582","9","484","1065","1002","623","281","2","301","445","1681","3103","301"
"20193","11710720","잠실7동","7013","4358","2655","19","1343","1855","1746","1429","621","12","529","1178","1177","982","480","7","814","677","569","447","141"
"20193","11440600","대흥동","3472","1838","1634","28","623","819","768","755","479","14","222","394","423","458","327","14","401","425","345","297","152"
"20193","11350670","상계5동","1672","907","765","4","130","210","317","386","625","1","54","126","157","178","391","3","76","84","160","208","234"
"20193","11320515","창5동","6198","3633","2565","8","638","1239","1528","1426","1359","4","269","758","964","747","891","4","369","481","564","679","468"
"20193","11380510","녹번동","5323","2927","2396","14","567","1233","1398","1403","708","7","259","643","710","839","469","7","308","590","688","564","239"
"20193","11410710","북가좌1동","3170","2670","500","0","66","179","235","484","2206","0","26","123","136","343","2042","0","40","56","99","141","164"
"20193","11710620","가락본동","29104","18430","10674","79","3258","6499","6567","5575","7126","36","1699","4282","4432","3287","4694","43","1559","2217","2135","2288","2432"
"20193","11230740","이문1동","3991","1804","2187","3","726","1056","1055","731","420","3","155","429","526","418","273","0","571","627","529","313","147"
"20193","11110580","교남동","1395","847","548","5","158","488","353","242","149","2","58","276","226","166","119","3","100","212","127","76","30"
"20193","11320513","창3동","816","411","405","2","92","177","230","207","108","0","28","93","130","92","68","2","64","84","100","115","40"
"20193","11680640","역삼1동","183132","107762","75370","326","32469","56440","47108","33657","13132","127","16110","35821","30867","17178","7659","199","16359","20619","16241","16479","5473"
"20193","11350570","월계2동","1506","771","735","3","157","296","385","427","238","1","64","121","173","235","177","2","93","175","212","192","61"
"20193","11530770","오류1동","3769","2279","1490","13","427","691","966","1199","473","7","265","428","599","666","314","6","162","263","367","533","159"
"20193","11680670","개포2동","11561","7533","4028","39","1867","3585","3007","1845","1218","16","798","2286","2274","1265","894","23","1069","1299","733","580","324"
"20193","11500540","화곡1동","5269","2973","2296","16","552","1068","1322","1421","890","15","282","590","725","845","516","1","270","478","597","576","374"
"20193","11710600","석촌동","10774","7171","3603","18","1416","2804","2494","2100","1942","11","760","1989","1705","1291","1415","7","656","815","789","809","527"
"20193","11500591","화곡6동","12767","8221","4546","20","1512","3406","3262","2960","1607","7","761","2251","2156","1905","1141","13","751","1155","1106","1055","466"
"20193","11110670","창신1동","1968","1190","778","4","234","537","582","375","236","3","163","375","293","199","157","1","71","162","289","176","79"
"20193","11410565","충현동","13824","8649","5175","21","1758","3738","3635","3155","1517","13","844","2223","2347","2116","1106","8","914","1515","1288","1039","411"
"20193","11440720","성산1동","10202","7081","3121","55","1148","1997","2270","2786","1946","40","555","1360","1638","2000","1488","15","593","637","632","786","458"
"20193","11740685","길동","9675","4880","4795","19","1328","1892","2230","2277","1929","10","466","983","1162","1019","1240","9","862","909","1068","1258","689"
"20193","11380625","역촌동","4620","2328","2292","10","733","919","1122","1060","776","4","279","434","573","523","515","6","454","485","549","537","261"
"20193","11620585","낙성대동","9604","5122","4482","12","1540","3140","2174","1525","1213","3","680","1506","1155","876","902","9","860","1634","1019","649","311"
"20193","11620775","난곡동","1615","899","716","1","176","318","378","463","279","1","68","162","190","271","207","0","108","156","188","192","72"
"20193","11710562","방이2동","20642","13148","7494","33","3581","6063","4810","3740","2415","22","2043","4041","3341","2232","1469","11","1538","2022","1469","1508","946"
"20193","11440630","신수동","5266","3083","2183","16","612","1493","1407","1220","518","14","254","749","814","846","406","2","358","744","593","374","112"
"20193","11440680","합정동","6375","3612","2763","16","1092","1871","1558","1124","714","13","424","954","975","744","502","3","668","917","583","380","212"
"20193","11710531","거여1동","4545","3119","1426","17","1156","1302","1085","627","358","14","689","901","806","448","261","3","467","401","279","179","97"
"20193","11710646","장지동","7336","5150","2186","8","575","952","1709","2111","1981","1","304","631","1171","1529","1514","7","271","321","538","582","467"
"20193","11740660","성내3동","4660","2722","1938","14","629","1148","1190","930","749","10","304","696","732","513","467","4","325","452","458","417","282"
"20193","11545620","독산2동","2436","1609","827","1","228","380","466","569","792","0","126","181","238","352","712","1","102","199","228","217","80"
"20193","11590560","상도4동","2336","1475","861","3","286","547","621","645","234","2","134","338","382","456","163","1","152","209","239","189","71"
"20193","11290525","성북동","22885","17261","5624","38","2577","5118","6370","7341","1441","11","1463","3707","5141","6159","780","27","1114","1411","1229","1182","661"
"20193","11620725","조원동","3214","2075","1139","3","373","816","829","749","444","0","190","545","553","482","305","3","183","271","276","267","139"
"20193","11500604","가양2동","3111","1685","1426","8","402","780","791","693","437","5","176","433","450","361","260","3","226","347","341","332","177"
"20193","11650580","반포3동","9082","5371","3711","12","1361","2388","2068","1772","1481","6","635","1536","1438","1044","712","6","726","852","630","728","769"
"20193","11590670","신대방1동","8132","5752","2380","28","1412","2630","2065","1307","690","17","856","1907","1571","916","485","11","556","723","494","391","205"
"20193","11740600","천호1동","3165","1737","1428","5","298","562","733","770","797","1","111","290","374","409","552","4","187","272","359","361","245"
"20193","11140590","광희동","43127","21471","21656","301","12449","11302","8820","6967","3288","116","6024","6564","5125","2443","1199","185","6425","4738","3695","4524","2089"
"20193","11170570","원효로2동","5572","3787","1785","11","666","1471","1441","969","1014","9","359","993","1053","674","699","2","307","478","388","295","315"
"20193","11215760","중곡3동","1634","1013","621","4","182","398","431","375","244","0","81","263","253","246","170","4","101","135","178","129","74"
"20193","11500641","방화3동","5253","3415","1838","6","509","1094","1303","1441","900","4","290","609","798","1001","713","2","219","485","505","440","187"
"20193","11260610","중화2동","1575","835","740","5","197","274","371","347","381","3","94","124","179","186","249","2","103","150","192","161","132"
"20193","11290620","정릉1동","1938","887","1051","3","286","344","435","448","422","1","79","142","193","204","268","2","207","202","242","244","154"
"20193","11200550","사근동","2894","1952","942","1","214","580","891","798","410","1","78","339","601","600","333","0","136","241","290","198","77"
"20193","11140670","황학동","1908","1206","702","1","295","491","483","380","258","1","182","312","298","238","175","0","113","179","185","142","83"
"20193","11620545","청림동","2579","1466","1113","7","343","768","877","426","158","6","141","439","516","250","114","1","202","329","361","176","44"
"20193","11215820","자양1동","12437","9504","2933","10","885","1793","3274","4911","1564","4","387","1124","2577","4161","1251","6","498","669","697","750","313"
"20193","11215740","중곡1동","3599","2289","1310","17","525","857","850","789","561","15","250","507","543","526","448","2","275","350","307","263","113"
"20193","11290640","정릉3동","2484","1761","723","5","378","665","608","508","320","4","209","477","449","401","221","1","169","188","159","107","99"
"20193","11380600","응암3동","2575","1147","1428","2","294","483","633","657","506","1","141","219","236","269","281","1","153","264","397","388","225"
"20193","11320690","방학1동","6413","4053","2360","10","585","1403","1497","1819","1099","8","299","791","858","1233","864","2","286","612","639","586","235"
"20193","11410620","홍제1동","2122","1129","993","5","258","396","524","651","288","2","80","192","290","368","197","3","178","204","234","283","91"
"20193","11410685","홍은2동","5179","3148","2031","8","653","1216","1272","1268","762","6","286","708","770","827","551","2","367","508","502","441","211"
"20193","11500640","방화2동","3435","2170","1265","8","391","740","804","807","685","5","221","447","513","489","495","3","170","293","291","318","190"
"20193","11410520","천연동","1853","1001","852","2","150","310","496","634","261","2","47","141","274","369","168","0","103","169","222","265","93"
"20193","11230750","이문2동","1685","1076","609","2","159","351","382","447","344","2","69","200","209","305","291","0","90","151","173","142","53"
"20193","11230545","제기동","5280","2973","2307","8","730","1315","1324","1149","754","1","303","749","801","636","483","7","427","566","523","513","271"
"20193","11380551","갈현1동","2360","1159","1201","12","365","486","571","560","366","5","131","229","261","292","241","7","234","257","310","268","125"
"20193","11650610","방배2동","17887","8849","9038","26","3030","4644","4949","3435","1803","11","1053","2121","2319","2036","1309","15","1977","2523","2630","1399","494"
"20193","11590530","상도1동","5202","2671","2531","5","863","1322","1236","1107","669","3","327","710","715","537","379","2","536","612","521","570","290"
"20193","11620615","중앙동","1340","674","666","4","164","252","336","308","276","3","57","125","184","169","136","1","107","127","152","139","140"
"20193","11620765","미성동","4154","2392","1762","26","416","799","959","1067","887","23","234","471","540","543","581","3","182","328","419","524","306"
"20193","11680580","삼성1동","128192","86151","42041","186","23508","42259","33177","20247","8815","94","11791","28210","25024","15349","5683","92","11717","14049","8153","4898","3132"
"20193","11680700","세곡동","1650","999","651","10","168","307","355","432","378","6","91","185","217","262","238","4","77","122","138","170","140"
"20193","11470580","신월3동","1608","1000","608","6","152","275","360","465","350","5","68","135","202","302","288","1","84","140","158","163","62"
"20193","11470620","신정1동","13062","7770","5292","40","2137","3558","3578","2600","1149","31","891","2211","2267","1572","798","9","1246","1347","1311","1028","351"
"20193","11200615","금호2?3가동","1099","576","523","0","149","214","255","245","236","0","43","88","141","130","174","0","106","126","114","115","62"
"20193","11740610","천호2동","5023","2507","2516","7","850","1245","1225","949","747","2","279","617","625","495","489","5","571","628","600","454","258"
"20193","11350695","상계6?7동","6455","2838","3617","8","832","1559","1675","1634","747","3","193","579","722","892","449","5","639","980","953","742","298"
"20193","11350612","하계2동","1936","1338","598","2","153","323","529","686","243","1","89","203","353","471","221","1","64","120","176","215","22"
"20193","11710566","오륜동","27044","15007","12037","40","4236","8307","7119","5307","2035","20","1556","4088","4385","3424","1534","20","2680","4219","2734","1883","501"
"20193","11620575","행운동","3817","2117","1700","13","481","952","941","853","577","6","219","549","512","437","394","7","262","403","429","416","183"
"20193","11590520","노량진2동","4245","2051","2194","11","489","1244","1072","921","508","4","197","494","464","561","331","7","292","750","608","360","177"
"20193","11650600","방배1동","15865","11351","4514","63","2907","4531","3896","3157","1311","41","1572","3118","3048","2607","965","22","1335","1413","848","550","346"
"20193","11350621","중계1동","2771","1430","1341","4","292","707","899","642","227","2","113","358","438","343","176","2","179","349","461","299","51"
"20193","11620565","성현동","6240","2153","4087","27","819","947","1307","2059","1081","21","393","538","526","443","232","6","426","409","781","1616","849"
"20193","11140550","명동","111467","60604","50863","214","15432","36770","34204","20768","4079","76","6061","17470","19284","14986","2727","138","9371","19300","14920","5782","1352"
"20193","11290555","삼선동","7165","3729","3436","13","841","1660","2187","1610","854","5","342","909","1098","906","469","8","499","751","1089","704","385"
"20193","11290590","돈암2동","2734","1550","1184","0","198","274","291","400","1571","0","84","155","153","196","962","0","114","119","138","204","609"
"20193","11260680","신내1동","4269","2061","2208","2","696","932","796","1120","723","0","173","397","374","557","560","2","523","535","422","563","163"
"20193","11710690","잠실4동","9638","7697","1941","10","1184","2981","2840","2143","480","8","842","2435","2321","1724","367","2","342","546","519","419","113"
"20193","11740620","천호3동","3865","2457","1408","5","329","694","775","691","1371","3","172","457","498","413","914","2","157","237","277","278","457"
"20193","11710642","문정2동","40535","30792","9743","103","7741","13760","9695","6704","2532","53","5139","10591","7757","5301","1951","50","2602","3169","1938","1403","581"
"20193","11290610","보문동","7119","5286","1833","4","666","2007","1465","1526","1451","3","338","1628","1163","1179","975","1","328","379","302","347","476"
"20193","11290660","길음1동","2105","993","1112","4","289","422","579","424","387","2","59","161","250","219","302","2","230","261","329","205","85"
"20193","11170590","용문동","2815","1646","1169","8","443","760","805","579","220","7","192","447","477","372","151","1","251","313","328","207","69"
"20193","11350619","중계본동","2042","978","1064","1","225","398","504","582","332","1","108","198","223","247","201","0","117","200","281","335","131"
"20193","11320521","도봉1동","2995","1487","1508","2","149","292","453","682","1417","2","55","162","217","340","711","0","94","130","236","342","706"
"20193","11350600","공릉2동","7479","3637","3842","10","953","1533","1716","1910","1357","8","331","679","804","982","833","2","622","854","912","928","524"
"20193","11350640","상계2동","2432","1114","1318","5","347","447","617","620","396","2","131","248","284","263","186","3","216","199","333","357","210"
"20193","11350710","상계9동","2489","1553","936","3","270","592","657","714","253","3","148","379","370","461","192","0","122","213","287","253","61"
"20193","11380520","불광1동","3314","1544","1770","4","359","891","909","727","424","2","131","389","454","348","220","2","228","502","455","379","204"
"20193","11410640","홍제3동","1369","604","765","1","159","221","339","428","221","1","54","93","146","181","129","0","105","128","193","247","92"
"20193","11110515","청운효자동","10997","7490","3507","34","1815","3249","3166","1926","807","3","905","2295","2393","1371","523","31","910","954","773","555","284"
"20193","11410585","신촌동","5059","2610","2449","15","727","1292","1256","1148","621","4","256","553","656","720","421","11","471","739","600","428","200"
"20193","11230600","답십리1동","7588","3893","3695","17","1035","1548","2108","1983","897","6","663","1028","924","674","598","11","372","520","1184","1309","299"
"20193","11500535","등촌3동","15034","8230","6804","42","1822","3296","3323","3827","2724","24","853","1923","2058","1767","1605","18","969","1373","1265","2060","1119"
"20193","11110600","가회동","5824","3433","2391","1","904","1937","1792","916","274","1","374","1091","1166","610","191","0","530","846","626","306","83"
"20193","11110550","부암동","4087","2302","1785","2","608","1162","1116","804","395","0","242","644","660","486","270","2","366","518","456","318","125"
"20193","11380552","갈현2동","3350","1508","1842","13","322","589","908","962","556","11","143","275","365","390","324","2","179","314","543","572","232"
"20193","11650530","서초3동","70799","41954","28845","160","11474","21511","18201","12925","6528","81","4672","12509","11679","8447","4566","79","6802","9002","6522","4478","1962"
"20193","11650540","잠원동","19981","12329","7652","61","3369","6510","5228","3181","1632","32","1449","4068","3608","2060","1112","29","1920","2442","1620","1121","520"
"20193","11650581","반포4동","30278","21096","9182","68","3346","7811","8753","7186","3114","32","1591","5085","6641","5532","2215","36","1755","2726","2112","1654","899"
"20193","11380530","불광2동","3729","1700","2029","2","331","556","664","788","1388","2","116","268","263","308","743","0","215","288","401","480","645"
"20193","11710641","문정1동","32492","24977","7515","11","2494","5703","9674","12853","1757","4","1262","3915","7439","11108","1249","7","1232","1788","2235","1745","508"
"20193","11740570","암사1동","4289","2659","1630","7","559","945","932","864","982","4","268","595","596","606","590","3","291","350","336","258","392"
"20193","11500611","발산1동","3308","1930","1378","3","264","474","872","1085","610","1","104","240","442","650","493","2","160","234","430","435","117"
"20193","11380560","구산동","4973","2614","2359","11","604","960","1052","1473","873","1","243","444","525","901","500","10","361","516","527","572","373"
"20193","11590660","대방동","11319","7475","3844","25","1856","3092","2695","2498","1153","11","984","2086","1892","1839","663","14","872","1006","803","659","490"
"20193","11620685","신사동","4451","2848","1603","4","642","1135","1284","920","466","3","285","761","929","593","277","1","357","374","355","327","189"
"20193","11620745","삼성동","1886","1099","787","6","204","394","497","506","279","2","102","219","284","281","211","4","102","175","213","225","68"
"20193","11440730","성산2동","3297","1637","1660","3","292","575","862","1004","561","3","125","289","429","459","332","0","167","286","433","545","229"
"20193","11620715","난향동","1936","939","997","1","442","489","402","297","305","0","120","242","186","143","248","1","322","247","216","154","57"
"20193","11560610","양평1동","14816","8661","6155","38","2755","3339","3197","3068","2419","18","1458","2148","1917","1548","1572","20","1297","1191","1280","1520","847"
"20193","11530780","오류2동","4719","2855","1864","2","452","989","1314","1167","795","0","182","557","767","735","614","2","270","432","547","432","181"
"20193","11590651","사당5동","1888","1159","729","1","237","498","473","396","283","1","134","310","271","225","218","0","103","188","202","171","65"
"20193","11650651","양재1동","38513","23863","14650","287","9030","11096","8569","5579","3952","136","4092","7167","6122","3629","2717","151","4938","3929","2447","1950","1235"
"20193","11470680","신정7동","6559","4447","2112","12","695","1479","1802","1590","981","5","352","972","1211","1094","813","7","343","507","591","496","168"
"20193","11710680","잠실3동","19965","13130","6835","46","4848","5416","4485","3286","1884","12","2713","3641","3227","2261","1276","34","2135","1775","1258","1025","608"
"20193","11530790","수궁동","4385","2850","1535","22","441","881","1076","1207","758","22","252","529","660","806","581","0","189","352","416","401","177"
"20193","11320681","쌍문4동","1380","736","644","0","150","332","376","355","167","0","41","172","204","193","126","0","109","160","172","162","41"
"20193","11320511","창1동","2056","1024","1032","5","263","419","575","560","234","5","100","198","301","273","147","0","163","221","274","287","87"
"20193","11350611","하계1동","4953","3032","1921","10","684","1024","1144","1361","730","8","291","566","690","958","519","2","393","458","454","403","211"
"20193","11710610","삼전동","7184","4712","2472","7","695","1393","1588","1593","1908","4","310","865","1011","966","1556","3","385","528","577","627","352"
"20193","11290810","석관동","3947","2563","1384","10","343","664","806","789","1335","5","156","398","476","505","1023","5","187","266","330","284","312"
"20193","11530760","개봉3동","2085","1188","897","7","271","475","520","457","355","7","131","267","277","254","252","0","140","208","243","203","103"
"20193","11545610","독산1동","13554","8519","5035","41","1147","2097","2513","2909","4847","37","662","1324","1570","1712","3214","4","485","773","943","1197","1633"
"20193","11590550","상도3동","1505","806","699","0","130","310","368","369","328","0","63","186","217","174","166","0","67","124","151","195","162"
"20193","11545700","시흥4동","1695","1010","685","12","260","360","487","391","185","10","154","242","288","183","133","2","106","118","199","208","52"
"20193","11740515","강일동","1630","1121","509","0","197","302","491","415","225","0","115","210","335","287","174","0","82","92","156","128","51"
"20193","11215860","구의2동","3943","2390","1553","6","396","672","1020","1158","691","3","174","357","637","745","474","3","222","315","383","413","217"
"20193","11110650","혜화동","5900","3163","2737","27","915","1569","1358","1175","856","19","342","820","802","682","498","8","573","749","556","493","358"
"20193","11170660","이태원2동","3063","1434","1629","5","557","1214","801","337","149","0","251","620","333","128","102","5","306","594","468","209","47"
"20193","11710580","송파1동","14081","8126","5955","58","2929","3567","3300","2623","1604","24","1196","2108","2239","1463","1096","34","1733","1459","1061","1160","508"
"20193","11710670","잠실2동","7776","4877","2899","12","1569","2294","2036","1424","441","8","836","1489","1324","967","253","4","733","805","712","457","188"
"20193","11740580","암사2동","2425","919","1506","4","186","389","621","818","407","4","69","175","260","223","188","0","117","214","361","595","219"
"20193","11260660","망우3동","1265","678","587","0","112","205","336","341","271","0","38","92","164","192","192","0","74","113","172","149","79"
"20193","11290760","장위1동","1301","699","602","5","192","292","295","293","224","4","88","165","142","153","147","1","104","127","153","140","77"
"20193","11290685","길음2동","434","216","218","1","56","94","134","93","56","1","17","49","76","45","28","0","39","45","58","48","28"
"20193","11410555","북아현동","1720","1236","484","0","177","405","501","494","143","0","84","305","385","375","87","0","93","100","116","119","56"
"20193","11260655","망우본동","3779","1991","1788","11","430","682","879","1096","681","2","155","282","416","617","519","9","275","400","463","479","162"
"20193","11260580","상봉1동","2436","1671","765","7","313","403","489","633","591","7","197","263","281","421","502","0","116","140","208","212","89"
"20193","11470570","신월2동","3014","1826","1188","12","291","514","794","750","653","9","155","298","414","429","521","3","136","216","380","321","132"
"20193","11680655","도곡1동","62064","45802","16262","156","10220","14129","18286","16470","2803","103","6054","9668","13862","13830","2285","53","4166","4461","4424","2640","518"
"20193","11230610","답십리2동","2613","1652","961","15","275","455","630","632","606","7","139","266","408","400","432","8","136","189","222","232","174"
"20193","11500620","공항동","33434","17874","15560","10","5345","11241","9370","6390","1078","4","1191","4641","5514","5592","932","6","4154","6600","3856","798","146"
"20193","11500630","방화1동","8317","6072","2245","12","1040","1956","1975","2211","1123","3","565","1451","1551","1772","730","9","475","505","424","439","393"
"20193","11530550","구로4동","2320","1143","1177","6","224","403","651","630","406","3","94","203","298","295","250","3","130","200","353","335","156"
"20193","11590630","사당2동","2674","1333","1341","11","437","689","748","510","279","6","167","349","382","258","171","5","270","340","366","252","108"
"20193","11710520","풍납2동","5586","3075","2511","7","786","1420","1427","1265","681","3","341","798","812","655","466","4","445","622","615","610","215"
"20193","11410660","홍은1동","2234","974","1260","0","152","227","346","402","1107","0","60","123","170","160","461","0","92","104","176","242","646"
"20193","11620605","은천동","7171","3034","4137","8","1151","1671","1508","1675","1158","1","284","684","735","713","617","7","867","987","773","962","541"
"20193","11620595","청룡동","7004","3832","3172","12","1001","2019","1689","1557","726","4","370","1037","923","1023","475","8","631","982","766","534","251"
"20193","11680590","삼성2동","50507","26684","23823","124","11788","15136","11201","7612","4646","55","4700","8600","6640","3667","3022","69","7088","6536","4561","3945","1624"
"20193","11680610","대치2동","96134","58192","37942","268","16471","26790","23274","17735","11596","135","7636","16939","15981","10741","6760","133","8835","9851","7293","6994","4836"
"20193","11530540","구로3동","55824","35933","19891","187","11294","19480","14364","6798","3701","117","5500","12810","10072","4565","2869","70","5794","6670","4292","2233","832"
"20193","11440740","상암동","16702","10428","6274","42","3945","5884","4140","1889","802","20","1687","3772","2976","1363","610","22","2258","2112","1164","526","192"
"20193","11440585","도화동","11817","7213","4604","16","1876","2707","2695","2919","1604","5","1006","1740","1780","1581","1101","11","870","967","915","1338","503"
"20193","11440565","공덕동","9196","6229","2967","13","1571","2498","2406","2115","593","7","891","1597","1597","1726","411","6","680","901","809","389","182"
"20193","11560550","당산1동","15777","9432","6345","42","2396","4149","3515","3316","2359","25","1049","2302","2173","2251","1632","17","1347","1847","1342","1065","727"
"20193","11560630","신길1동","4085","1883","2202","4","820","1159","865","702","535","0","250","615","440","323","255","4","570","544","425","379","280"
"20193","11560535","영등포동","13724","7905","5819","50","2351","3458","3391","2627","1847","15","823","1961","2169","1670","1267","35","1528","1497","1222","957","580"
"20193","11650620","방배3동","17796","11576","6220","31","2582","5271","4902","3060","1950","15","1265","3243","3465","2107","1481","16","1317","2028","1437","953","469"
"20193","11215730","군자동","2752","1434","1318","4","339","648","647","600","514","3","113","333","360","303","322","1","226","315","287","297","192"
"20193","11740550","고덕1동","1958","1091","867","0","250","531","528","477","172","0","120","312","287","264","108","0","130","219","241","213","64"
"20193","11200670","성수2가1동","9090","6247","2843","80","1535","2604","2321","1688","862","49","869","1778","1636","1231","684","31","666","826","685","457","178"
"20193","11530560","구로5동","16305","10938","5367","37","2084","4102","4158","3445","2479","26","1287","3026","2979","2117","1503","11","797","1076","1179","1328","976"
"20193","11530720","고척1동","7547","5315","2232","11","638","1588","2004","2284","1022","10","328","1048","1390","1711","828","1","310","540","614","573","194"
"20193","11230705","청량리동","5452","3054","2398","4","812","1431","1199","1154","852","3","313","812","744","706","476","1","499","619","455","448","376"
"20193","11320680","쌍문3동","1982","941","1041","6","403","440","446","476","211","5","92","200","225","274","145","1","311","240","221","202","66"
"20193","11560720","대림3동","11228","5941","5287","32","1072","2003","2682","3026","2413","16","631","1281","1457","1272","1284","16","441","722","1225","1754","1129"
"20193","11650590","방배본동","24426","12839","11587","68","4548","6574","6671","4602","1963","36","1506","3474","3812","2770","1241","32","3042","3100","2859","1832","722"
"20193","11530595","가리봉동","1027","511","516","1","99","186","239","218","284","0","42","84","118","99","168","1","57","102","121","119","116"
"20193","11545510","가산동","96686","62108","34578","954","21714","29465","23153","13256","8144","484","11237","19508","16561","8617","5701","470","10477","9957","6592","4639","2443"
"20193","11410615","연희동","14742","9698","5044","38","1760","3539","3344","4214","1847","30","950","2215","2103","3072","1328","8","810","1324","1241","1142","519"
"20193","11680600","대치1동","27322","17079","10243","33","3926","9100","7376","4679","2208","15","1660","5446","4862","3432","1664","18","2266","3654","2514","1247","544"
"20193","11200690","성수2가3동","23728","14894","8834","87","3585","5999","5884","4779","3394","57","1829","3801","3905","2945","2357","30","1756","2198","1979","1834","1037"
"20193","11650660","내곡동","5722","3480","2242","38","1056","1811","1278","971","568","30","635","1085","743","596","391","8","421","726","535","375","177"
"20193","11680531","논현2동","56782","35738","21044","118","10655","16710","13511","9340","6448","47","4360","9819","9467","7045","5000","71","6295","6891","4044","2295","1448"
"20193","11500605","가양3동","3834","2374","1460","12","589","833","998","757","645","9","374","555","653","451","332","3","215","278","345","306","313"
"20193","11170685","한남동","44552","32189","12363","153","7022","13574","11833","9899","2071","84","3340","8833","9457","8841","1634","69","3682","4741","2376","1058","437"
"20193","11545640","독산4동","1908","1266","642","5","299","471","486","366","281","4","178","327","342","225","190","1","121","144","144","141","91"
"20193","11110690","창신3동","223","103","120","1","33","54","51","60","24","1","14","21","22","28","17","0","19","33","29","32","7"
"20193","11215850","구의1동","3744","2247","1497","13","498","1003","984","825","421","12","248","613","564","512","298","1","250","390","420","313","123"
"20193","11140580","장충동","11133","5909","5224","27","2484","3058","2871","2121","572","11","871","1743","1722","1202","360","16","1613","1315","1149","919","212"
"20193","11215710","화양동","2949","1881","1068","7","393","503","709","811","526","3","163","286","465","558","406","4","230","217","244","253","120"
"20193","11140680","중림동","5275","3150","2125","7","1023","1649","1360","774","462","1","486","949","838","545","331","6","537","700","522","229","131"
"20193","11350700","상계8동","883","407","476","1","84","186","247","247","118","1","31","90","88","125","72","0","53","96","159","122","46"
"20193","11260570","면목7동","1375","775","600","0","150","240","352","347","286","0","65","118","204","200","188","0","85","122","148","147","98"
"20193","11740690","둔촌1동","1505","851","654","3","181","361","356","392","212","3","83","211","210","198","146","0","98","150","146","194","66"
"20193","11260600","중화1동","1565","770","795","1","179","331","442","395","217","0","67","145","207","190","161","1","112","186","235","205","56"
"20193","11170700","보광동","2501","1321","1180","3","259","607","660","721","251","2","62","225","352","500","180","1","197","382","308","221","71"
"20193","11200580","응봉동","1279","721","558","4","208","297","308","292","170","3","79","167","179","162","131","1","129","130","129","130","39"
"20193","11200590","금호1가동","2454","926","1528","20","288","786","973","295","92","0","105","249","383","123","66","20","183","537","590","172","26"
"20193","11440590","용강동","17027","10428","6599","17","2220","4107","3864","3903","2916","9","1152","2636","2791","2124","1716","8","1068","1471","1073","1779","1200"
"20193","11560650","신길3동","1425","937","488","0","99","241","295","362","428","0","42","150","188","236","321","0","57","91","107","126","107"
"20193","11440655","서강동","7760","4929","2831","43","1730","2096","1655","1322","914","21","880","1388","1110","860","670","22","850","708","545","462","244"
"20193","11170640","이촌2동","2199","1322","877","2","350","603","541","466","237","2","172","358","345","303","142","0","178","245","196","163","95"
"20193","11110570","무악동","759","308","451","6","156","208","216","126","47","5","38","61","112","65","27","1","118","147","104","61","20"
"20193","11710647","위례동","1470","1419","51","0","6","86","399","777","202","0","6","83","391","747","192","0","0","3","8","30","10"
"20193","11320700","방학2동","1017","513","504","0","85","219","264","217","232","0","37","116","134","108","118","0","48","103","130","109","114"
"20193","11350580","월계3동","1425","743","682","1","174","263","361","416","210","1","69","143","173","221","136","0","105","120","188","195","74"
"20193","11350595","공릉1동","7010","3942","3068","12","698","1071","1430","1839","1960","8","307","606","740","1023","1258","4","391","465","690","816","702"
"20193","11305660","인수동","3921","2076","1845","3","436","828","880","1012","762","2","164","416","459","511","524","1","272","412","421","501","238"
"20193","11380580","응암1동","2802","1628","1174","8","271","438","670","668","747","5","122","222","376","355","548","3","149","216","294","313","199"
"20193","11110530","사직동","47397","29381","18016","54","6512","14928","13541","8448","3914","22","2435","8279","9491","6424","2730","32","4077","6649","4050","2024","1184"
"20193","11710532","거여2동","2966","1666","1300","10","334","564","730","780","548","5","193","346","392","384","346","5","141","218","338","396","202"
"20193","11500550","화곡2동","1530","901","629","3","165","391","429","368","174","1","96","243","250","198","113","2","69","148","179","170","61"
"20193","11230710","회기동","849","396","453","2","112","215","203","187","130","1","34","92","92","90","87","1","78","123","111","97","43"
"20193","11680630","대치4동","36064","22115","13949","120","5714","10974","9851","6035","3370","19","2302","6527","6810","4293","2164","101","3412","4447","3041","1742","1206"
"20193","11215847","자양4동","1406","910","496","3","196","347","359","268","233","2","90","244","228","161","185","1","106","103","131","107","48"
"20193","11170650","이태원1동","12900","5799","7101","19","3632","4818","2495","1156","780","11","983","2119","1437","775","474","8","2649","2699","1058","381","306"
"20193","11305555","송천동","2164","1101","1063","3","162","370","451","545","633","3","51","175","217","309","346","0","111","195","234","236","287"
"20193","11440700","망원2동","2311","1338","973","4","333","514","635","493","332","3","130","292","376","299","238","1","203","222","259","194","94"
"20193","11620655","신원동","878","489","389","6","99","185","215","232","141","5","51","94","128","137","74","1","48","91","87","95","67"
"20193","11680565","청담동","82706","47514","35192","227","16852","25590","20951","14933","4153","79","5944","13589","13952","11009","2941","148","10908","12001","6999","3924","1212"
"20193","11560540","여의동","202668","134974","67694","349","33533","72430","54207","31349","10800","105","16066","48986","39136","23489","7192","244","17467","23444","15071","7860","3608"
"20193","11560515","영등포본동","4268","2608","1660","25","700","911","1018","895","719","9","310","558","651","546","534","16","390","353","367","349","185"
"20193","11710650","잠실본동","9918","5984","3934","31","1372","2088","2406","1907","2114","11","624","1195","1453","1150","1551","20","748","893","953","757","563"
"20193","11470590","신월4동","1749","1168","581","1","131","232","411","525","449","1","79","142","227","339","380","0","52","90","184","186","69"
"20193","11500520","등촌1동","8448","5208","3240","20","1705","2249","1900","1445","1129","11","651","1434","1324","982","806","9","1054","815","576","463","323"
"20193","11740640","성내1동","14338","9052","5286","45","1647","3441","3580","3634","1991","15","759","2017","2243","2560","1458","30","888","1424","1337","1074","533"
"20193","11710561","방이1동","9756","6489","3267","20","1201","1987","2522","2356","1670","10","441","1142","1669","1836","1391","10","760","845","853","520","279"
"20193","11530740","개봉1동","5000","2949","2051","8","435","971","1161","1337","1088","6","212","530","607","767","827","2","223","441","554","570","261"
"20193","11545680","시흥2동","3553","2039","1514","6","324","669","899","1087","568","4","174","344","498","636","383","2","150","325","401","451","185"
"20193","11320660","쌍문1동","2108","1027","1081","3","282","333","516","564","410","3","55","116","219","299","335","0","227","217","297","265","75"
"20193","11500593","화곡8동","2707","1596","1111","3","313","752","756","561","322","2","166","436","417","340","235","1","147","316","339","221","87"
"20193","11590605","흑석동","1530","906","624","1","198","322","402","333","274","1","101","198","232","189","185","0","97","124","170","144","89"
"20193","11290575","동선동","12522","6019","6503","311","2160","2671","3307","2354","1719","113","706","1246","1680","1449","825","198","1454","1425","1627","905","894"
"20193","11560605","문래동","77844","56196","21648","108","12117","26144","23968","12269","3238","45","6583","19349","19521","8297","2401","63","5534","6795","4447","3972","837"
"20193","11620735","대학동","2885","1948","937","1","420","792","809","549","314","0","233","504","591","389","231","1","187","288","218","160","83"
"20193","11650560","반포1동","7914","4706","3208","11","1367","2652","1926","1311","647","6","564","1661","1239","767","469","5","803","991","687","544","178"
"20193","11470550","목5동","32497","19240","13257","120","5214","8485","8284","6763","3631","63","2371","4994","5058","4189","2565","57","2843","3491","3226","2574","1066"
"20193","11710590","송파2동","13573","8842","4731","60","2078","3420","3716","3193","1106","48","978","2159","2779","2094","784","12","1100","1261","937","1099","322"
"20193","11710510","풍납1동","1779","987","792","1","235","394","447","472","230","1","117","213","233","238","185","0","118","181","214","234","45"
"20193","11110680","창신2동","386","129","257","0","25","47","86","129","99","0","5","15","36","43","30","0","20","32","50","86","69"
"20193","11680510","신사동","32035","18953","13082","62","6309","9838","8318","5017","2491","26","2425","5883","5473","3334","1812","36","3884","3955","2845","1683","679"
"20193","11140650","신당5동","1074","510","564","4","128","225","233","262","222","3","43","104","116","120","124","1","85","121","117","142","98"
"20193","11215870","구의3동","14433","9238","5195","18","1560","3060","3670","3590","2535","8","905","2160","2593","2041","1531","10","655","900","1077","1549","1004"
"20193","11140635","약수동","31382","12831","18551","112","4860","11179","9814","4560","857","15","1379","4080","3472","3225","660","97","3481","7099","6342","1335","197"
"20193","11200650","성수1가1동","4368","2935","1433","4","515","1043","1058","1180","568","2","302","668","699","819","445","2","213","375","359","361","123"
"20193","11215830","자양2동","5205","3180","2025","17","769","1227","1339","1252","601","11","487","766","787","695","434","6","282","461","552","557","167"
"20193","11260540","면목4동","1514","1055","459","1","112","254","411","524","212","0","47","149","278","411","170","1","65","105","133","113","42"
"20193","11305535","미아동","1916","1090","826","4","189","358","519","496","350","3","74","192","296","302","223","1","115","166","223","194","127"
"20193","11200570","행당2동","316","139","177","0","39","68","103","68","38","0","18","34","42","22","23","0","21","34","61","46","15"
"20193","11560670","신길5동","1452","713","739","1","156","310","451","357","177","0","76","145","165","184","143","1","80","165","286","173","34"
"20193","11290725","월곡2동","4859","3063","1796","6","709","1302","1181","910","751","4","355","850","705","528","621","2","354","452","476","382","130"
"20193","11440710","연남동","3228","1908","1320","6","486","861","782","686","407","3","195","467","469","453","321","3","291","394","313","233","86"
"20193","11560680","신길6동","2736","1631","1105","11","241","568","719","666","531","7","107","348","403","394","372","4","134","220","316","272","159"
"20193","11260690","신내2동","3762","2127","1635","5","444","919","928","954","512","2","188","445","475","631","386","3","256","474","453","323","126"
"20193","11680720","일원본동","38755","21448","17307","95","9420","11698","9747","6384","1411","38","3235","6257","6296","4656","966","57","6185","5441","3451","1728","445"
"20194","11110530","사직동","47822","29932","17890","53","6303","13536","14415","9470","4045","14","2635","8315","9863","6619","2486","39","3668","5221","4552","2851","1559"
"20194","11170700","보광동","1059","532","527","1","137","225","268","258","170","1","26","109","139","145","112","0","111","116","129","113","58"
"20194","11170520","용산2가동","1795","1266","529","0","150","298","628","603","116","0","59","164","490","472","81","0","91","134","138","131","35"
"20194","11170640","이촌2동","2906","1976","930","8","411","803","858","630","196","3","184","508","647","491","143","5","227","295","211","139","53"
"20194","11200615","금호2?3가동","697","365","332","0","81","125","162","160","169","0","19","50","81","89","126","0","62","75","81","71","43"
"20194","11200645","옥수동","4791","1847","2944","5","1224","1430","1086","718","328","0","306","528","505","336","172","5","918","902","581","382","156"
"20194","11215810","광장동","16633","10092","6541","181","5160","4368","3223","2556","1145","56","2475","2824","2177","1712","848","125","2685","1544","1046","844","297"
"20194","11215830","자양2동","5005","3083","1922","20","716","1123","1284","1268","594","12","473","710","764","692","432","8","243","413","520","576","162"
"20194","11215847","자양4동","1152","729","423","6","101","178","269","290","308","5","46","95","157","184","242","1","55","83","112","106","66"
"20194","11215740","중곡1동","5496","2668","2828","82","1416","1044","1099","1287","568","28","605","563","545","517","410","54","811","481","554","770","158"
"20194","11230536","용신동","23899","12377","11522","56","2872","5303","5905","5893","3870","28","1358","3033","3112","2709","2137","28","1514","2270","2793","3184","1733"
"20194","11230720","휘경1동","1421","830","591","5","153","273","354","367","269","1","58","153","224","248","146","4","95","120","130","119","123"
"20194","11230730","휘경2동","4402","2273","2129","7","589","968","1138","1052","648","4","174","461","596","562","476","3","415","507","542","490","172"
"20194","11260655","망우본동","3417","1787","1630","14","378","624","763","1020","618","1","129","239","359","562","497","13","249","385","404","458","121"
"20194","11260570","면목7동","1410","772","638","2","173","268","338","383","246","2","59","120","177","222","192","0","114","148","161","161","54"
"20194","11260630","묵2동","2062","1388","674","1","299","504","494","556","208","1","171","341","326","406","143","0","128","163","168","150","65"
"20194","11260680","신내1동","4245","2030","2215","1","751","928","780","1114","671","1","204","390","376","549","510","0","547","538","404","565","161"
"20194","11290685","길음2동","722","307","415","3","80","138","190","198","113","2","35","58","87","70","55","1","45","80","103","128","58"
"20194","11290525","성북동","23717","18050","5667","44","3093","5817","6878","6849","1036","13","1710","4056","5451","6104","716","31","1383","1761","1427","745","320"
"20194","11290780","장위3동","1195","728","467","6","175","228","252","297","237","2","65","121","143","188","209","4","110","107","109","109","28"
"20194","11290705","종암동","22158","11647","10511","63","1867","5592","7813","6324","499","13","799","2048","3570","4921","296","50","1068","3544","4243","1403","203"
"20194","11305535","미아동","1850","1039","811","2","199","342","519","499","289","2","86","168","289","302","192","0","113","174","230","197","97"
"20194","11305608","번3동","1263","689","574","11","130","211","308","355","248","7","51","100","168","196","167","4","79","111","140","159","81"
"20194","11305660","인수동","4298","2498","1800","5","441","856","1098","1224","674","3","164","453","662","728","488","2","277","403","436","496","186"
"20194","11320690","방학1동","6582","3804","2778","14","664","1442","1618","1954","890","11","355","839","836","1104","659","3","309","603","782","850","231"
"20194","11320670","쌍문2동","1469","825","644","1","171","253","341","415","288","0","53","115","179","260","218","1","118","138","162","155","70"
"20194","11350720","상계10동","1064","449","615","0","164","226","285","302","87","0","35","95","112","144","63","0","129","131","173","158","24"
"20194","11350570","월계2동","1268","617","651","8","146","281","342","348","143","6","54","111","154","182","110","2","92","170","188","166","33"
"20194","11410710","북가좌1동","1739","1357","382","0","49","113","193","345","1039","0","16","52","88","234","967","0","33","61","105","111","72"
"20194","11410655","홍제2동","739","379","360","0","113","162","187","163","114","0","40","107","95","79","58","0","73","55","92","84","56"
"20194","11440585","도화동","13141","7986","5155","24","2416","3200","3302","2929","1270","12","1264","2199","2176","1526","809","12","1152","1001","1126","1403","461"
"20194","11440740","상암동","15320","9403","5917","39","3231","5547","4162","1731","610","17","1420","3496","2771","1209","490","22","1811","2051","1391","522","120"
"20194","11440660","서교동","26960","13797","13163","135","5627","7574","6249","4402","2973","88","2301","3787","3449","2331","1841","47","3326","3787","2800","2071","1132"
"20194","11440710","연남동","3213","1975","1238","4","517","760","777","678","477","4","232","412","461","463","403","0","285","348","316","215","74"
"20194","11500535","등촌3동","15368","8147","7221","44","1901","3264","3431","3801","2927","22","831","1785","2013","1850","1646","22","1070","1479","1418","1951","1281"
"20194","11500640","방화2동","3390","2190","1200","9","367","654","764","880","716","8","200","392","490","561","539","1","167","262","274","319","177"
"20194","11500641","방화3동","5011","3236","1775","7","488","1063","1262","1375","816","5","248","561","780","968","674","2","240","502","482","407","142"
"20194","11500570","화곡4동","2710","1207","1503","3","637","730","552","506","282","2","151","317","267","269","201","1","486","413","285","237","81"
"20194","11500590","화곡본동","2983","1681","1302","13","337","586","716","710","621","11","127","318","406","374","445","2","210","268","310","336","176"
"20194","11530595","가리봉동","972","454","518","1","95","161","224","209","282","0","42","74","102","83","153","1","53","87","122","126","129"
"20194","11530520","구로1동","4769","2813","1956","5","551","1184","1128","986","915","3","307","754","763","603","383","2","244","430","365","383","532"
"20194","11530770","오류1동","4294","2719","1575","14","556","798","1050","1234","642","7","393","537","636","709","437","7","163","261","414","525","205"
"20194","11560650","신길3동","1332","863","469","2","100","223","302","327","378","2","41","133","192","209","286","0","59","90","110","118","92"
"20194","11560690","신길7동","2693","1837","856","6","318","515","610","768","476","4","198","350","406","493","386","2","120","165","204","275","90"
"20194","11590530","상도1동","6189","3568","2621","10","958","1525","1507","1366","823","2","406","854","904","844","558","8","552","671","603","522","265"
"20194","11620525","보라매동","1838","943","895","8","253","408","426","448","295","3","107","206","219","212","196","5","146","202","207","236","99"
"20194","11620695","신림동","1946","1168","778","4","173","275","462","443","589","1","63","144","255","257","448","3","110","131","207","186","141"
"20194","11620615","중앙동","1420","666","754","3","174","256","327","381","279","2","71","125","154","182","132","1","103","131","173","199","147"
"20194","11620545","청림동","2705","1543","1162","4","408","900","885","393","115","3","178","504","529","253","76","1","230","396","356","140","39"
"20194","11650600","방배1동","19003","12553","6450","92","3748","5826","4604","3465","1268","61","1778","3553","3393","2828","940","31","1970","2273","1211","637","328"
"20194","11650531","서초4동","37488","21433","16055","138","7320","11471","9418","6641","2500","63","2783","6553","6110","4162","1762","75","4537","4918","3308","2479","738"
"20194","11680531","논현2동","55372","35328","20044","151","10602","16012","13330","8967","6310","47","4602","9575","9465","6803","4836","104","6000","6437","3865","2164","1474"
"20194","11680580","삼성1동","130157","87840","42317","310","26223","39031","34864","23107","6622","153","14094","25801","25719","18114","3959","157","12129","13230","9145","4993","2663"
"20194","11710631","가락1동","5913","4134","1779","0","404","1101","1627","1695","1086","0","271","843","1198","1111","711","0","133","258","429","584","375"
"20194","11710540","마천1동","955","471","484","2","112","201","273","249","118","1","46","98","129","118","79","1","66","103","144","131","39"
"20194","11710510","풍납1동","1718","964","754","1","228","386","435","451","217","1","120","208","229","240","166","0","108","178","206","211","51"
"20194","11710520","풍납2동","23596","11568","12028","3","5113","8054","5886","3553","987","0","1384","4183","3091","2173","737","3","3729","3871","2795","1380","250"
"20194","11740640","성내1동","17072","11605","5467","42","2020","3567","3667","4407","3369","17","1169","2225","2403","3188","2603","25","851","1342","1264","1219","766"
"20194","11110570","무악동","608","169","439","7","168","169","147","80","37","6","35","32","47","26","23","1","133","137","100","54","14"
"20194","11140665","동화동","1504","682","822","2","239","362","395","319","187","1","62","126","191","176","126","1","177","236","204","143","61"
"20194","11140635","약수동","17658","6830","10828","51","2837","6596","4891","2424","859","11","862","2322","1622","1389","624","40","1975","4274","3269","1035","235"
"20194","11140605","을지로동","15914","8662","7252","70","3844","3863","3457","2755","1925","17","1005","2127","2244","1916","1353","53","2839","1736","1213","839","572"
"20194","11170530","남영동","21173","8924","12249","187","8038","5217","4031","2705","995","22","1507","2802","2399","1454","740","165","6531","2415","1632","1251","255"
"20194","11170685","한남동","41934","30661","11273","135","6886","12388","11000","9625","1900","89","3268","8250","8923","8616","1515","46","3618","4138","2077","1009","385"
"20194","11200650","성수1가1동","3550","2228","1322","3","452","745","793","940","617","1","207","466","510","640","404","2","245","279","283","300","213"
"20194","11200520","왕십리2동","1259","746","513","2","175","319","360","269","134","2","85","169","221","170","99","0","90","150","139","99","35"
"20194","11200580","응봉동","1688","695","993","12","400","449","373","285","169","2","89","156","175","146","127","10","311","293","198","139","42"
"20194","11200560","행당1동","2359","1588","771","1","298","491","600","671","298","0","148","303","414","507","216","1","150","188","186","164","82"
"20194","11215870","구의3동","12940","7885","5055","27","1521","2728","3129","3229","2306","8","873","1900","2126","1661","1317","19","648","828","1003","1568","989"
"20194","11230660","장안2동","6304","3377","2927","46","1936","1218","1256","1163","685","27","1005","698","580","567","500","19","931","520","676","596","185"
"20194","11290715","월곡1동","2594","1577","1017","4","204","338","530","555","963","4","76","163","278","360","696","0","128","175","252","195","267"
"20194","11290770","장위2동","1746","1050","696","3","158","292","415","420","458","2","57","144","233","260","354","1","101","148","182","160","104"
"20194","11290640","정릉3동","2441","1649","792","15","383","695","593","440","315","14","207","494","418","314","202","1","176","201","175","126","113"
"20194","11305595","번1동","2555","1499","1056","2","322","516","510","657","548","0","139","316","307","420","317","2","183","200","203","237","231"
"20194","11305575","삼각산동","1296","708","588","1","227","343","406","210","109","0","93","192","227","105","91","1","134","151","179","105","18"
"20194","11305625","수유2동","2222","1180","1042","1","105","171","422","658","865","0","30","90","266","448","346","1","75","81","156","210","519"
"20194","11305645","우이동","2841","1745","1096","4","171","263","394","669","1340","3","51","126","214","460","891","1","120","137","180","209","449"
"20194","11320515","창5동","7114","4495","2619","9","821","1589","1757","1497","1441","7","428","1090","1177","820","973","2","393","499","580","677","468"
"20194","11350595","공릉1동","6301","3404","2897","8","659","982","1376","1729","1547","4","299","541","682","893","985","4","360","441","694","836","562"
"20194","11350700","상계8동","1180","616","564","3","167","344","290","263","113","1","59","215","121","143","77","2","108","129","169","120","36"
"20194","11410690","남가좌1동","3997","2401","1596","11","278","509","695","992","1512","8","190","341","440","522","900","3","88","168","255","470","612"
"20194","11440565","공덕동","14467","8329","6138","84","3210","3917","3860","2545","851","33","1283","2076","2451","1878","608","51","1927","1841","1409","667","243"
"20194","11440610","염리동","3956","2587","1369","75","736","884","795","861","605","27","372","596","586","593","413","48","364","288","209","268","192"
"20194","11470550","목5동","31153","18954","12199","114","5058","8049","7547","6516","3869","55","2331","4850","4764","4269","2685","59","2727","3199","2783","2247","1184"
"20194","11470570","신월2동","2996","1737","1259","12","259","472","804","817","632","9","142","279","419","437","451","3","117","193","385","380","181"
"20194","11470670","신정6동","18155","11030","7125","92","3488","5238","4247","3672","1418","74","1698","3218","2712","2347","981","18","1790","2020","1535","1325","437"
"20194","11500540","화곡1동","5031","2822","2209","21","535","1016","1247","1402","810","17","249","591","676","789","500","4","286","425","571","613","310"
"20194","11530750","개봉2동","8038","3972","4066","37","1415","1946","1909","1903","828","17","804","1236","844","639","432","20","611","710","1065","1264","396"
"20194","11530730","고척2동","3143","1958","1185","10","356","698","794","841","444","7","220","440","469","485","337","3","136","258","325","356","107"
"20194","11530560","구로5동","14392","9095","5297","44","2014","3370","3745","3190","2029","33","1138","2322","2481","1889","1232","11","876","1048","1264","1301","797"
"20194","11560620","양평2동","14774","8451","6323","38","2693","4021","4060","2540","1422","15","1180","2429","2300","1491","1036","23","1513","1592","1760","1049","386"
"20194","11560535","영등포동","14217","7943","6274","48","2615","3539","3349","2794","1872","14","977","1979","2088","1652","1233","34","1638","1560","1261","1142","639"
"20194","11590670","신대방1동","7418","4694","2724","24","1422","2370","1722","1183","697","14","724","1528","1188","772","468","10","698","842","534","411","229"
"20194","11620645","서원동","2912","1206","1706","5","563","630","529","646","539","2","143","260","265","235","301","3","420","370","264","411","238"
"20194","11620625","인헌동","3435","1976","1459","13","701","985","867","536","333","5","324","608","515","277","247","8","377","377","352","259","86"
"20194","11620595","청룡동","6665","3660","3005","8","1087","1894","1590","1510","576","3","433","957","884","988","395","5","654","937","706","522","181"
"20194","11650570","반포2동","9861","5872","3989","18","1652","3059","2563","1656","913","10","723","1849","1650","999","641","8","929","1210","913","657","272"
"20194","11650520","서초2동","67858","45080","22778","159","14201","22383","16994","10387","3734","54","7752","15121","11691","7781","2681","105","6449","7262","5303","2606","1053"
"20194","11650652","양재2동","43401","32515","10886","106","5761","10598","12175","11422","3339","59","3488","7792","9341","9309","2526","47","2273","2806","2834","2113","813"
"20194","11680740","일원2동","5600","3682","1918","17","832","1447","1587","1319","398","5","407","891","1091","992","296","12","425","556","496","327","102"
"20194","11710620","가락본동","27955","16882","11073","89","3790","6716","6396","5452","5512","37","1813","4194","4281","3158","3399","52","1977","2522","2115","2294","2113"
"20194","11710562","방이2동","24911","14324","10587","53","4019","6387","5622","5295","3535","37","2261","4157","3442","2476","1951","16","1758","2230","2180","2819","1584"
"20194","11710670","잠실2동","7793","5196","2597","10","1494","2265","2042","1556","426","9","938","1589","1387","1026","247","1","556","676","655","530","179"
"20194","11740600","천호1동","2450","1407","1043","6","246","461","597","573","567","1","100","239","304","336","427","5","146","222","293","237","140"
"20194","11110540","삼청동","5862","4751","1111","3","726","1549","1817","1381","386","0","460","1187","1543","1230","331","3","266","362","274","151","55"
"20194","11110630","종로5?6가동","15588","9737","5851","407","3613","4484","3824","2369","891","114","1498","2891","2796","1819","619","293","2115","1593","1028","550","272"
"20194","11110670","창신1동","1307","566","741","1","117","231","397","315","246","0","47","88","128","140","163","1","70","143","269","175","83"
"20194","11110650","혜화동","6669","3263","3406","30","1094","1790","1598","1324","833","22","380","867","848","687","459","8","714","923","750","637","374"
"20194","11170690","서빙고동","14416","9448","4968","37","2566","4289","4433","2273","818","15","1228","2510","3241","1816","638","22","1338","1779","1192","457","180"
"20194","11170590","용문동","2710","1570","1140","11","527","732","741","503","196","7","221","430","439","338","135","4","306","302","302","165","61"
"20194","11170560","원효로1동","4677","3188","1489","21","727","1266","1220","852","591","12","430","908","848","583","407","9","297","358","372","269","184"
"20194","11170630","이촌1동","10866","6950","3916","53","1764","2919","3039","2219","872","34","876","1798","2142","1493","607","19","888","1121","897","726","265"
"20194","11170555","청파동","4834","2581","2253","14","753","1213","1147","1014","693","8","264","562","606","621","520","6","489","651","541","393","173"
"20194","11200590","금호1가동","2304","858","1446","15","272","750","937","260","70","0","88","248","371","102","49","15","184","502","566","158","21"
"20194","11200720","송정동","1247","754","493","1","181","290","313","250","212","0","88","178","172","148","168","1","93","112","141","102","44"
"20194","11215770","중곡4동","5044","2482","2562","6","871","1221","1285","1169","492","4","254","568","628","634","394","2","617","653","657","535","98"
"20194","11215710","화양동","2662","1687","975","9","348","425","650","775","455","4","133","230","426","533","361","5","215","195","224","242","94"
"20194","11230610","답십리2동","4215","3060","1155","32","687","954","962","850","730","28","504","727","697","583","521","4","183","227","265","267","209"
"20194","11230750","이문2동","2210","1168","1042","2","268","474","498","560","408","1","93","229","233","307","305","1","175","245","265","253","103"
"20194","11230650","장안1동","10768","6778","3990","34","1470","2114","2327","2359","2464","26","880","1351","1448","1427","1646","8","590","763","879","932","818"
"20194","11260540","면목4동","1624","1162","462","2","121","264","432","588","217","1","55","160","292","481","173","1","66","104","140","107","44"
"20194","11290660","길음1동","6329","3095","3234","419","2211","1546","1057","690","406","176","957","813","522","320","307","243","1254","733","535","370","99"
"20194","11290610","보문동","6952","5271","1681","6","667","2047","1463","1460","1309","2","365","1644","1172","1170","918","4","302","403","291","290","391"
"20194","11290555","삼선동","6459","3237","3222","8","699","1546","1938","1603","665","4","247","667","937","1001","381","4","452","879","1001","602","284"
"20194","11290760","장위1동","1324","690","634","2","238","278","309","277","220","1","110","154","156","135","134","1","128","124","153","142","86"
"20194","11290630","정릉2동","1757","773","984","0","286","418","473","380","200","0","74","179","186","185","149","0","212","239","287","195","51"
"20194","11305603","번2동","1380","655","725","1","201","205","357","391","225","0","85","107","157","187","119","1","116","98","200","204","106"
"20194","11350630","상계1동","5569","3527","2042","23","644","1148","1345","1414","995","18","369","775","875","881","609","5","275","373","470","533","386"
"20194","11350670","상계5동","1861","927","934","5","128","213","314","464","737","2","52","114","139","210","410","3","76","99","175","254","327"
"20194","11350695","상계6?7동","6346","2810","3536","19","890","1498","1624","1611","704","11","233","564","725","883","394","8","657","934","899","728","310"
"20194","11350560","월계1동","2778","1511","1267","13","430","656","717","544","418","5","200","395","362","278","271","8","230","261","355","266","147"
"20194","11350624","중계4동","2064","1128","936","12","201","421","483","539","408","7","75","203","253","283","307","5","126","218","230","256","101"
"20194","11350612","하계2동","1414","910","504","2","145","263","384","465","155","0","82","161","240","294","133","2","63","102","144","171","22"
"20194","11380570","대조동","2617","1284","1333","5","323","553","704","596","436","4","119","269","331","267","294","1","204","284","373","329","142"
"20194","11380640","증산동","2848","1844","1004","2","364","748","783","642","309","2","169","501","515","424","233","0","195","247","268","218","76"
"20194","11410585","신촌동","5047","2648","2399","12","786","1329","1274","1079","567","7","305","582","652","701","401","5","481","747","622","378","166"
"20194","11410620","홍제1동","2477","1275","1202","5","265","373","628","847","359","2","77","175","328","475","218","3","188","198","300","372","141"
"20194","11440690","망원1동","3153","1750","1403","10","855","862","647","467","312","3","496","462","313","276","200","7","359","400","334","191","112"
"20194","11440730","성산2동","2757","1239","1518","5","275","511","724","838","404","3","99","251","327","330","229","2","176","260","397","508","175"
"20194","11470510","목1동","17427","11303","6124","49","3004","4738","4346","3560","1730","31","1399","3112","3084","2553","1124","18","1605","1626","1262","1007","606"
"20194","11470600","신월5동","2190","1209","981","8","278","535","546","550","273","5","127","267","283","322","205","3","151","268","263","228","68"
"20194","11470610","신월6동","1115","652","463","1","118","205","253","306","232","0","45","105","138","173","191","1","73","100","115","133","41"
"20194","11470680","신정7동","5753","3432","2321","14","656","1376","1762","1305","640","8","306","770","1070","807","471","6","350","606","692","498","169"
"20194","11500620","공항동","33826","17706","16120","10","5671","11101","9233","6573","1238","2","1358","4648","5380","5415","903","8","4313","6453","3853","1158","335"
"20194","11500530","등촌2동","4992","2944","2048","6","614","985","1193","1272","922","2","259","533","721","804","625","4","355","452","472","468","297"
"20194","11500615","우장산동","6277","3448","2829","6","1358","1416","1329","1316","852","4","515","819","782","778","550","2","843","597","547","538","302"
"20194","11500550","화곡2동","1532","914","618","6","188","416","397","369","156","3","108","271","238","193","101","3","80","145","159","176","55"
"20194","11500591","화곡6동","10754","6820","3934","35","1515","2863","2741","2431","1169","9","750","1821","1754","1606","880","26","765","1042","987","825","289"
"20194","11530760","개봉3동","1995","1198","797","5","278","485","501","427","299","5","136","299","299","240","219","0","142","186","202","187","80"
"20194","11560630","신길1동","3535","1563","1972","4","633","842","785","696","575","0","202","405","373","294","289","4","431","437","412","402","286"
"20194","11560670","신길5동","1404","679","725","2","140","296","455","347","164","1","69","136","164","177","132","1","71","160","291","170","32"
"20194","11560540","여의동","217817","154569","63248","520","40050","78066","55998","33396","9787","195","22109","55804","43252","26581","6628","325","17941","22262","12746","6815","3159"
"20194","11620585","낙성대동","10344","5721","4623","20","1677","3541","2220","1585","1301","10","761","1862","1167","922","999","10","916","1679","1053","663","302"
"20194","11620685","신사동","4234","2870","1364","2","678","1206","1226","768","354","2","298","818","953","572","227","0","380","388","273","196","127"
"20194","11620605","은천동","4644","2204","2440","12","629","867","980","1276","880","1","210","402","501","575","515","11","419","465","479","701","365"
"20194","11650590","방배본동","28234","15628","12606","120","5284","7281","7505","5047","2997","82","1798","3804","4370","3275","2299","38","3486","3477","3135","1772","698"
"20194","11680610","대치2동","92377","51697","40680","530","16781","25425","21288","17434","10919","232","7729","15578","13694","8997","5467","298","9052","9847","7594","8437","5452"
"20194","11680590","삼성2동","62165","35711","26454","150","12530","20151","15787","8793","4754","61","5197","11854","10528","4946","3125","89","7333","8297","5259","3847","1629"
"20194","11680700","세곡동","1534","879","655","10","124","276","310","436","378","5","55","140","178","256","245","5","69","136","132","180","133"
"20194","11680650","역삼2동","51209","30365","20844","208","11790","14220","12162","9047","3782","85","5685","9112","8095","4730","2658","123","6105","5108","4067","4317","1124"
"20194","11680730","일원1동","2518","1370","1148","4","343","476","566","543","586","2","149","251","293","284","391","2","194","225","273","259","195"
"20194","11680565","청담동","57122","32691","24431","172","11877","18886","14178","8558","3451","72","4465","10782","9320","5650","2402","100","7412","8104","4858","2908","1049"
"20194","11710531","거여1동","3835","2832","1003","11","951","1067","919","530","357","9","659","841","701","364","258","2","292","226","218","166","99"
"20194","11710647","위례동","1268","1216","52","0","4","80","347","681","156","0","4","78","336","650","148","0","0","2","11","31","8"
"20194","11710690","잠실4동","9652","7756","1896","42","1285","3032","2803","2051","439","18","925","2493","2310","1675","335","24","360","539","493","376","104"
"20194","11710710","잠실6동","46691","24881","21810","93","7429","12391","13316","11902","1560","29","3439","7617","7686","4936","1174","64","3990","4774","5630","6966","386"
"20194","11710650","잠실본동","9422","6016","3406","45","1284","1797","2201","2088","2007","4","575","1097","1382","1438","1520","41","709","700","819","650","487"
"20194","11710646","장지동","6769","4617","2152","13","730","1085","1597","1784","1560","4","406","721","1070","1256","1160","9","324","364","527","528","400"
"20194","11740590","암사3동","3192","1912","1280","6","286","449","571","829","1051","3","146","269","312","478","704","3","140","180","259","351","347"
"20194","11140670","황학동","1714","1102","612","1","271","455","422","342","223","1","157","285","265","225","169","0","114","170","157","117","54"
"20194","11140540","회현동","58705","36279","22426","199","10994","20696","16047","8525","2244","68","5132","12355","10455","6703","1566","131","5862","8341","5592","1822","678"
"20194","11200690","성수2가3동","23863","15312","8551","83","3917","6067","5966","4768","3062","63","2176","4061","4011","2880","2121","20","1741","2006","1955","1888","941"
"20194","11215840","자양3동","3370","2410","960","8","406","863","937","843","313","3","252","605","689","618","243","5","154","258","248","225","70"
"20194","11260580","상봉1동","2499","1715","784","14","303","440","514","655","573","11","193","268","289","450","504","3","110","172","225","205","69"
"20194","11260590","상봉2동","5328","3673","1655","17","631","1376","1754","1205","345","13","369","964","1173","877","277","4","262","412","581","328","68"
"20194","11290600","안암동","4686","3030","1656","8","655","1203","1295","1013","512","3","333","745","832","715","402","5","322","458","463","298","110"
"20194","11320710","방학3동","3005","1804","1201","10","510","688","696","694","407","9","324","395","438","336","302","1","186","293","258","358","105"
"20194","11320680","쌍문3동","2022","963","1059","4","437","452","474","472","183","3","113","208","246","266","127","1","324","244","228","206","56"
"20194","11350710","상계9동","2626","1662","964","2","339","658","654","741","232","2","184","418","385","493","180","0","155","240","269","248","52"
"20194","11350580","월계3동","1502","756","746","1","166","265","395","434","241","1","63","137","182","228","145","0","103","128","213","206","96"
"20194","11350625","중계2?3동","2225","1256","969","5","288","582","570","571","209","4","170","349","294","305","134","1","118","233","276","266","75"
"20194","11380580","응암1동","2895","1605","1290","7","306","489","680","669","744","5","141","230","355","339","535","2","165","259","325","330","209"
"20194","11410615","연희동","14856","9739","5117","82","2345","3661","3196","4080","1492","43","1297","2440","1997","2924","1038","39","1048","1221","1199","1156","454"
"20194","11410660","홍은1동","7584","1500","6084","3","262","551","2062","3659","1047","1","98","189","374","439","399","2","164","362","1688","3220","648"
"20194","11440600","대흥동","5628","2774","2854","65","2228","1272","827","772","464","22","867","656","452","470","307","43","1361","616","375","302","157"
"20194","11440700","망원2동","5201","3099","2102","17","652","971","1126","1574","861","10","356","715","787","730","501","7","296","256","339","844","360"
"20194","11470611","신월7동","4357","2856","1501","4","467","719","894","1036","1237","3","345","547","587","630","744","1","122","172","307","406","493"
"20194","11470630","신정2동","13985","8015","5970","66","2513","4519","3729","2456","702","30","1020","2487","2309","1628","541","36","1493","2032","1420","828","161"
"20194","11530550","구로4동","2159","1229","930","5","243","425","532","527","427","3","112","228","294","293","299","2","131","197","238","234","128"
"20194","11545510","가산동","84451","55529","28922","300","16641","26228","20890","12369","8023","193","8827","17613","15063","8220","5613","107","7814","8615","5827","4149","2410"
"20194","11545620","독산2동","1789","993","796","1","230","372","417","495","274","0","125","176","207","282","203","1","105","196","210","213","71"
"20194","11545680","시흥2동","3435","2024","1411","4","342","681","873","1027","508","3","199","387","492","597","346","1","143","294","381","430","162"
"20194","11560585","도림동","1619","1028","591","12","144","272","393","413","385","10","65","165","247","262","279","2","79","107","146","151","106"
"20194","11560605","문래동","81647","59216","22431","162","12600","26629","25117","12877","4262","62","7033","20252","20512","8694","2663","100","5567","6377","4605","4183","1599"
"20194","11590660","대방동","11271","7474","3797","22","1880","3051","2637","2515","1166","7","998","2084","1836","1812","737","15","882","967","801","703","429"
"20194","11590560","상도4동","2530","1503","1027","3","355","559","610","636","367","2","174","328","367","445","187","1","181","231","243","191","180"
"20194","11620735","대학동","3077","2250","827","3","433","739","863","742","297","1","256","500","673","587","233","2","177","239","190","155","64"
"20194","11620665","서림동","1808","1022","786","8","273","316","451","387","373","2","137","168","241","231","243","6","136","148","210","156","130"
"20194","11650621","방배4동","21837","13492","8345","61","3771","6017","5424","4166","2398","27","1599","3546","3678","2918","1724","34","2172","2471","1746","1248","674"
"20194","11650651","양재1동","33395","21554","11841","445","7793","9217","7561","4987","3392","215","3960","6187","5334","3319","2539","230","3833","3030","2227","1668","853"
"20194","11680660","개포1동","18376","11295","7081","74","2873","4869","4780","3809","1971","30","1298","2691","3296","2574","1406","44","1575","2178","1484","1235","565"
"20194","11680656","도곡2동","192577","131699","60878","923","36796","75687","55314","19948","3909","583","19659","51843","42526","14511","2577","340","17137","23844","12788","5437","1332"
"20194","11680640","역삼1동","170825","101049","69776","494","34443","51961","43997","29792","10138","189","16474","32429","28719","16126","7112","305","17969","19532","15278","13666","3026"
"20194","11680720","일원본동","36779","20548","16231","181","9454","10978","8976","5878","1312","82","3541","6120","5771","4133","901","99","5913","4858","3205","1745","411"
"20194","11710550","마천2동","2599","1634","965","1","266","601","708","658","365","0","158","375","403","395","303","1","108","226","305","263","62"
"20194","11710561","방이1동","9129","6671","2458","30","952","1771","2392","2432","1552","19","450","1125","1786","1953","1338","11","502","646","606","479","214"
"20194","11710580","송파1동","8660","5413","3247","19","1228","1938","2145","1877","1453","8","530","1150","1399","1255","1071","11","698","788","746","622","382"
"20194","11740690","둔촌1동","1519","845","674","2","191","367","379","391","189","2","92","205","217","206","123","0","99","162","162","185","66"
"20194","11740520","상일동","3611","1827","1784","6","521","804","899","953","428","2","177","402","542","432","272","4","344","402","357","521","156"
"20194","11110640","이화동","5235","2876","2359","13","804","1303","1339","1082","694","6","257","600","777","725","511","7","547","703","562","357","183"
"20194","11110680","창신2동","344","116","228","0","22","40","89","116","77","0","4","11","32","39","30","0","18","29","57","77","47"
"20194","11110560","평창동","23179","12994","10185","45","2878","6197","7579","5016","1464","18","1373","3171","4476","3013","943","27","1505","3026","3103","2003","521"
"20194","11140590","광희동","42508","21177","21331","438","12207","11215","8725","6715","3208","189","5936","6526","5053","2274","1199","249","6271","4689","3672","4441","2009"
"20194","11140680","중림동","4348","2429","1919","3","913","1392","1134","599","307","2","420","754","630","399","224","1","493","638","504","200","83"
"20194","11170650","이태원1동","13034","5712","7322","26","3821","5020","2528","1242","397","14","981","2109","1400","906","302","12","2840","2911","1128","336","95"
"20194","11170625","한강로동","47142","23273","23869","183","9616","14692","13436","6917","2298","87","3914","6875","6681","4207","1509","96","5702","7817","6755","2710","789"
"20194","11215860","구의2동","4204","2612","1592","56","598","727","1055","1126","642","24","306","400","689","739","454","32","292","327","366","387","188"
"20194","11215760","중곡3동","1489","932","557","4","181","361","396","333","214","0","97","252","232","209","142","4","84","109","164","124","72"
"20194","11230560","전농1동","1537","956","581","2","180","270","401","417","267","0","113","170","263","260","150","2","67","100","138","157","117"
"20194","11230570","전농2동","4013","2089","1924","4","468","848","1061","1068","564","1","193","397","571","552","375","3","275","451","490","516","189"
"20194","11260550","면목5동","1080","728","352","1","105","184","287","266","237","1","67","138","140","175","207","0","38","46","147","91","30"
"20194","11260565","면목본동","1764","942","822","1","239","402","450","411","261","0","88","202","232","232","188","1","151","200","218","179","73"
"20194","11290810","석관동","3732","2418","1314","15","344","584","700","754","1335","8","170","353","396","466","1025","7","174","231","304","288","310"
"20194","11290620","정릉1동","1152","621","531","6","149","206","258","298","235","1","41","74","129","183","193","5","108","132","129","115","42"
"20194","11305615","수유1동","1920","874","1046","2","205","347","488","555","323","0","58","142","208","241","225","2","147","205","280","314","98"
"20194","11320522","도봉2동","2128","1350","778","1","113","274","364","537","839","0","39","137","202","352","620","1","74","137","162","185","219"
"20194","11320511","창1동","1790","815","975","6","246","361","472","484","221","3","96","141","213","228","134","3","150","220","259","256","87"
"20194","11350600","공릉2동","7078","3252","3826","29","1186","1746","1707","1652","758","3","368","800","796","808","477","26","818","946","911","844","281"
"20194","11350640","상계2동","2484","1209","1275","6","342","425","617","634","460","3","127","236","291","302","250","3","215","189","326","332","210"
"20194","11350621","중계1동","2169","1191","978","4","284","476","650","541","214","3","119","259","345","297","168","1","165","217","305","244","46"
"20194","11380552","갈현2동","3915","2012","1903","9","404","778","1023","1035","666","7","187","434","483","463","438","2","217","344","540","572","228"
"20194","11380560","구산동","4328","2305","2023","11","537","811","958","1354","657","1","205","363","455","843","438","10","332","448","503","511","219"
"20194","11380530","불광2동","3113","1510","1603","2","194","431","503","653","1330","1","68","222","203","273","743","1","126","209","300","380","587"
"20194","11380590","응암2동","1048","669","379","1","133","138","236","299","241","1","75","75","138","179","201","0","58","63","98","120","40"
"20194","11410700","남가좌2동","1792","933","859","1","205","375","486","493","232","0","73","179","233","280","168","1","132","196","253","213","64"
"20194","11410720","북가좌2동","3057","1561","1496","8","472","602","675","756","544","4","143","304","374","410","326","4","329","298","301","346","218"
"20194","11440655","서강동","6283","3927","2356","43","1080","1516","1510","1228","906","27","531","894","993","811","671","16","549","622","517","417","235"
"20194","11440720","성산1동","5829","3864","1965","19","753","1219","1334","1134","1370","15","369","757","847","790","1086","4","384","462","487","344","284"
"20194","11440590","용강동","13701","8118","5583","13","2008","3377","3238","2712","2353","9","969","1995","2139","1574","1432","4","1039","1382","1099","1138","921"
"20194","11470580","신월3동","1679","963","716","2","177","310","382","494","314","0","66","132","204","310","251","2","111","178","178","184","63"
"20194","11470590","신월4동","1813","1221","592","1","108","222","423","574","485","1","50","117","246","383","424","0","58","105","177","191","61"
"20194","11500604","가양2동","2849","1494","1355","9","375","668","690","678","429","6","175","360","369","336","248","3","200","308","321","342","181"
"20194","11500630","방화1동","7575","5922","1653","10","805","1601","1852","2167","1140","7","575","1308","1478","1793","761","3","230","293","374","374","379"
"20194","11500560","화곡3동","5333","3288","2045","10","724","1292","1364","1226","717","7","390","860","825","689","517","3","334","432","539","537","200"
"20194","11545610","독산1동","12850","8228","4622","40","1027","1759","2150","2804","5070","34","604","1165","1369","1723","3333","6","423","594","781","1081","1737"
"20194","11545630","독산3동","4188","2958","1230","10","366","639","730","800","1643","2","195","372","390","474","1525","8","171","267","340","326","118"
"20194","11560550","당산1동","9078","5438","3640","15","1539","2557","2014","1676","1277","8","613","1428","1263","1168","958","7","926","1129","751","508","319"
"20194","11560660","신길4동","1248","617","631","2","211","297","315","295","128","0","75","138","153","159","92","2","136","159","162","136","36"
"20194","11560680","신길6동","2634","1646","988","10","289","619","687","570","459","7","144","384","416","357","338","3","145","235","271","213","121"
"20194","11590510","노량진1동","5875","3297","2578","18","766","1395","1471","1398","827","12","329","798","898","755","505","6","437","597","573","643","322"
"20194","11590540","상도2동","1732","887","845","6","212","400","459","414","241","0","94","212","243","207","131","6","118","188","216","207","110"
"20194","11620630","남현동","3714","2442","1272","5","617","926","1001","721","444","3","338","621","701","472","307","2","279","305","300","249","137"
"20194","11620575","행운동","4257","2373","1884","15","636","1035","1002","964","605","8","316","584","534","500","431","7","320","451","468","464","174"
"20194","11650581","반포4동","94714","83567","11147","80","9480","20099","25531","35193","4331","34","7191","16727","22658","33449","3508","46","2289","3372","2873","1744","823"
"20194","11650610","방배2동","16805","8184","8621","37","2831","4294","4601","3237","1805","8","985","1931","2132","1909","1219","29","1846","2363","2469","1328","586"
"20194","11650510","서초1동","47386","26528","20858","101","9928","12282","10432","11564","3079","39","3558","6616","6055","8015","2245","62","6370","5666","4377","3549","834"
"20194","11650540","잠원동","16302","9442","6860","68","3397","4796","4022","2503","1516","36","1340","2803","2667","1569","1027","32","2057","1993","1355","934","489"
"20194","11680750","수서동","18037","9516","8521","27","2570","4859","4850","3583","2148","15","1151","2611","2544","1902","1293","12","1419","2248","2306","1681","855"
"20194","11710632","가락2동","10171","6862","3309","22","1354","2162","2015","1893","2725","16","801","1478","1339","1132","2096","6","553","684","676","761","629"
"20194","11710720","잠실7동","14130","6338","7792","52","1984","2775","3999","4487","833","31","995","1820","1888","1074","530","21","989","955","2111","3413","303"
"20194","11740700","둔촌2동","4961","2239","2722","4","946","1293","1058","1026","634","2","281","537","526","489","404","2","665","756","532","537","230"
"20194","11110615","종로1?2?3?4가동","97451","53687","43764","1427","19755","29598","26670","15288","4713","620","8610","14862","15621","10763","3211","807","11145","14736","11049","4525","1502"
"20194","11140650","신당5동","871","462","409","5","105","184","211","191","175","5","47","83","108","101","118","0","58","101","103","90","57"
"20194","11140645","청구동","3104","1714","1390","6","455","830","727","664","422","3","157","432","465","413","244","3","298","398","262","251","178"
"20194","11170580","효창동","1644","932","712","3","218","412","462","363","186","2","103","243","275","183","126","1","115","169","187","180","60"
"20194","11200620","금호4가동","1331","791","540","1","151","308","365","323","183","1","56","159","235","202","138","0","95","149","130","121","45"
"20194","11200670","성수2가1동","10042","6355","3687","107","2280","2880","2284","1625","866","57","1033","1862","1557","1147","699","50","1247","1018","727","478","167"
"20194","11200790","용답동","4708","2845","1863","30","1172","1311","961","753","481","2","511","843","633","476","380","28","661","468","328","277","101"
"20194","11200570","행당2동","268","104","164","0","31","57","76","66","38","0","14","23","24","16","27","0","17","34","52","50","11"
"20194","11215780","능동","2288","1405","883","7","330","533","589","459","370","3","160","314","371","276","281","4","170","219","218","183","89"
"20194","11230545","제기동","5479","3268","2211","10","735","1334","1323","1152","925","3","312","789","843","680","641","7","423","545","480","472","284"
"20194","11230710","회기동","784","371","413","1","93","180","195","178","137","1","28","71","89","84","98","0","65","109","106","94","39"
"20194","11260660","망우3동","1076","573","503","1","96","157","257","314","251","1","35","66","120","172","179","0","61","91","137","142","72"
"20194","11260620","묵1동","2604","1240","1364","4","285","604","740","629","342","1","102","281","337","286","233","3","183","323","403","343","109"
"20194","11260610","중화2동","1532","868","664","9","181","236","386","343","377","7","89","111","195","197","269","2","92","125","191","146","108"
"20194","11290725","월곡2동","4825","3059","1766","6","757","1363","1166","854","679","1","379","896","712","512","559","5","378","467","454","342","120"
"20194","11290650","정릉4동","2401","1467","934","2","203","363","582","760","491","0","64","182","369","511","341","2","139","181","213","249","150"
"20194","11305555","송천동","1900","953","947","3","145","324","405","482","541","2","42","149","190","273","297","1","103","175","215","209","244"
"20194","11320521","도봉1동","2162","1429","733","1","104","246","486","761","564","1","26","129","286","544","443","0","78","117","200","217","121"
"20194","11320660","쌍문1동","1769","844","925","0","216","280","472","488","313","0","56","101","185","251","251","0","160","179","287","237","62"
"20194","11350611","하계1동","4631","2934","1697","10","541","947","1177","1316","640","7","252","547","704","929","495","3","289","400","473","387","145"
"20194","11380551","갈현1동","2607","1348","1259","11","445","605","620","564","362","7","183","321","312","288","237","4","262","284","308","276","125"
"20194","11380510","녹번동","5199","2759","2440","14","602","1221","1380","1375","607","9","291","593","665","805","396","5","311","628","715","570","211"
"20194","11380650","수색동","1766","1115","651","0","231","468","426","349","292","0","114","299","263","220","219","0","117","169","163","129","73"
"20194","11380600","응암3동","2243","1094","1149","1","246","524","620","544","308","0","93","261","288","251","201","1","153","263","332","293","107"
"20194","11380690","진관동","3595","1885","1710","4","367","871","969","867","517","2","170","543","543","367","260","2","197","328","426","500","257"
"20194","11410555","북아현동","1845","1353","492","0","191","416","503","517","218","0","82","314","396","401","160","0","109","102","107","116","58"
"20194","11410565","충현동","14173","8784","5389","22","1788","3587","3729","3349","1698","13","845","2173","2366","2194","1193","9","943","1414","1363","1155","505"
"20194","11440630","신수동","5675","3230","2445","14","686","1567","1578","1378","452","12","255","740","902","974","347","2","431","827","676","404","105"
"20194","11470540","목4동","2879","1741","1138","7","354","627","828","712","351","4","144","373","493","453","274","3","210","254","335","259","77"
"20194","11470640","신정3동","7022","4988","2034","7","565","1340","1751","1490","1869","1","271","806","1186","1041","1683","6","294","534","565","449","186"
"20194","11500520","등촌1동","8609","5163","3446","22","1724","2223","1900","1545","1195","13","636","1404","1311","1008","791","9","1088","819","589","537","404"
"20194","11500510","염창동","19659","9116","10543","50","3048","5769","5855","3303","1634","29","1102","2522","2356","1821","1286","21","1946","3247","3499","1482","348"
"20194","11530740","개봉1동","4844","2808","2036","9","463","1029","1149","1259","935","7","239","570","592","717","683","2","224","459","557","542","252"
"20194","11530530","구로2동","13937","8549","5388","41","1703","3217","3450","3483","2043","20","796","1900","2064","2280","1489","21","907","1317","1386","1203","554"
"20194","11530540","구로3동","52394","34315","18079","202","10890","17618","13256","6528","3900","132","5505","11682","9334","4548","3114","70","5385","5936","3922","1980","786"
"20194","11530800","항동","1601","998","603","2","147","323","512","371","246","1","53","172","316","264","192","1","94","151","196","107","54"
"20194","11545670","시흥1동","6679","3563","3116","15","926","1606","1587","1664","881","10","425","798","798","941","591","5","501","808","789","723","290"
"20194","11560560","당산2동","14108","9461","4647","48","2208","3163","3415","3108","2166","22","1130","1980","2383","2282","1664","26","1078","1183","1032","826","502"
"20194","11590630","사당2동","2674","1472","1202","15","427","777","722","492","241","6","208","472","426","226","134","9","219","305","296","266","107"
"20194","11590640","사당3동","3596","2099","1497","3","446","802","955","838","552","0","176","433","585","500","405","3","270","369","370","338","147"
"20194","11590605","흑석동","1446","824","622","2","197","319","389","321","218","1","100","177","223","176","147","1","97","142","166","145","71"
"20194","11620715","난향동","1315","649","666","1","151","289","365","283","226","0","41","132","152","144","180","1","110","157","213","139","46"
"20194","11620655","신원동","1011","576","435","5","113","213","247","244","189","3","60","118","146","143","106","2","53","95","101","101","83"
"20194","11620725","조원동","3254","2026","1228","7","613","788","789","699","358","2","285","513","503","469","254","5","328","275","286","230","104"
"20194","11650550","반포본동","24429","13311","11118","37","4041","8064","6985","4177","1125","22","1479","4403","3916","2614","877","15","2562","3661","3069","1563","248"
"20194","11650530","서초3동","68236","40512","27724","193","11708","20440","17471","12437","5987","88","4953","11908","11177","8110","4276","105","6755","8532","6294","4327","1711"
"20194","11680690","개포4동","8809","6333","2476","21","1063","1992","2481","2105","1147","9","526","1333","1880","1637","948","12","537","659","601","468","199"
"20194","11680510","신사동","27942","16647","11295","98","5802","8429","7084","4252","2277","41","2251","5152","4743","2778","1682","57","3551","3277","2341","1474","595"
"20194","11710642","문정2동","41453","26054","15399","81","5936","12616","12707","7337","2776","36","2842","7120","8712","5617","1727","45","3094","5496","3995","1720","1049"
"20194","11710610","삼전동","7762","5230","2532","5","936","1763","1740","1549","1769","5","530","1154","1145","951","1445","0","406","609","595","598","324"
"20194","11710600","석촌동","8870","5856","3014","20","1074","2021","2072","1815","1868","12","607","1458","1402","1073","1304","8","467","563","670","742","564"
"20194","11710590","송파2동","14196","8974","5222","63","2237","3514","3721","3393","1268","47","1080","2233","2681","2128","805","16","1157","1281","1040","1265","463"
"20194","11740560","고덕2동","1985","1260","725","0","118","259","426","694","488","0","27","115","243","481","394","0","91","144","183","213","94"
"20194","11740650","성내2동","2304","1410","894","7","391","474","511","467","454","3","252","290","298","287","280","4","139","184","213","180","174"
"20194","11740580","암사2동","2638","964","1674","3","269","441","620","793","512","3","97","204","251","229","180","0","172","237","369","564","332"
"20194","11110580","교남동","847","498","349","3","100","217","222","173","132","1","35","111","132","116","103","2","65","106","90","57","29"
"20194","11110550","부암동","4115","2286","1829","8","695","1179","1099","798","336","3","287","651","630","483","232","5","408","528","469","315","104"
"20194","11110700","숭인1동","460","210","250","1","87","99","102","101","70","0","16","42","51","53","48","1","71","57","51","48","22"
"20194","11110710","숭인2동","1942","998","944","9","288","341","456","464","384","5","89","162","255","278","209","4","199","179","201","186","175"
"20194","11110515","청운효자동","10628","6827","3801","65","1929","3064","2954","1874","742","7","842","1921","2196","1349","512","58","1087","1143","758","525","230"
"20194","11140625","다산동","6567","4125","2442","12","1165","2090","1574","1149","577","3","481","1432","1099","702","408","9","684","658","475","447","169"
"20194","11140520","소공동","77533","41196","36337","404","22441","24493","17068","10242","2885","116","7294","12188","12180","7491","1927","288","15147","12305","4888","2751","958"
"20194","11140615","신당동","3199","1726","1473","33","894","680","608","585","399","13","401","354","314","373","271","20","493","326","294","212","128"
"20194","11140580","장충동","10396","5498","4898","51","2383","2853","2688","1978","443","13","839","1601","1603","1139","303","38","1544","1252","1085","839","140"
"20194","11170660","이태원2동","1258","696","562","5","213","404","318","198","120","2","96","223","170","110","95","3","117","181","148","88","25"
"20194","11200660","성수1가2동","6301","4314","1987","24","1008","1280","1327","1359","1303","15","599","850","854","963","1033","9","409","430","473","396","270"
"20194","11215730","군자동","2363","1289","1074","5","295","494","527","536","506","2","119","258","304","283","323","3","176","236","223","253","183"
"20194","11215820","자양1동","12355","9722","2633","5","841","1746","3348","5029","1386","5","376","1117","2681","4367","1176","0","465","629","667","662","210"
"20194","11215750","중곡2동","2814","1604","1210","4","390","568","717","661","474","1","239","330","379","348","307","3","151","238","338","313","167"
"20194","11230600","답십리1동","6333","3031","3302","9","924","1297","1755","1680","668","4","626","866","637","452","446","5","298","431","1118","1228","222"
"20194","11260520","면목2동","1492","821","671","4","152","249","327","436","324","2","51","112","171","247","238","2","101","137","156","189","86"
"20194","11290575","동선동","2511","1246","1265","27","334","520","566","624","440","16","114","226","274","337","279","11","220","294","292","287","161"
"20194","11305534","삼양동","1087","628","459","5","145","205","255","257","220","3","60","98","133","160","174","2","85","107","122","97","46"
"20194","11305635","수유3동","3385","1724","1661","10","367","814","869","876","449","8","144","349","405","534","284","2","223","465","464","342","165"
"20194","11320700","방학2동","1017","474","543","0","95","205","247","208","262","0","40","102","115","103","114","0","55","103","132","105","148"
"20194","11320681","쌍문4동","1365","711","654","0","144","324","378","347","172","0","43","156","192","184","136","0","101","168","186","163","36"
"20194","11320512","창2동","2466","1391","1075","11","299","549","665","571","371","10","137","321","363","293","267","1","162","228","302","278","104"
"20194","11320514","창4동","2724","1708","1016","2","286","524","672","743","497","1","127","277","399","498","406","1","159","247","273","245","91"
"20194","11350619","중계본동","1798","881","917","8","209","368","445","499","269","6","100","188","195","227","165","2","109","180","250","272","104"
"20194","11380520","불광1동","3646","1607","2039","6","523","861","954","838","464","2","193","377","428","368","239","4","330","484","526","470","225"
"20194","11470530","목3동","2504","1376","1128","3","327","551","660","602","361","2","163","320","355","306","230","1","164","231","305","296","131"
"20194","11470560","신월1동","2247","1444","803","6","213","373","517","727","411","3","111","232","314","480","304","3","102","141","203","247","107"
"20194","11470620","신정1동","11571","6760","4811","51","2043","2900","2904","2459","1214","46","852","1805","1741","1428","888","5","1191","1095","1163","1031","326"
"20194","11470650","신정4동","7226","3988","3238","16","1221","1286","1376","1506","1821","8","376","629","698","817","1460","8","845","657","678","689","361"
"20194","11500611","발산1동","3230","1862","1368","4","229","472","852","1035","638","2","103","237","408","598","514","2","126","235","444","437","124"
"20194","11500593","화곡8동","2037","1114","923","7","298","523","565","373","271","6","135","286","282","223","182","1","163","237","283","150","89"
"20194","11530790","수궁동","3693","2490","1203","23","382","709","841","1029","709","20","234","445","526","700","565","3","148","264","315","329","144"
"20194","11530510","신도림동","13037","8565","4472","38","2126","4038","3175","2358","1302","18","890","2755","2286","1629","987","20","1236","1283","889","729","315"
"20194","11530780","오류2동","2785","1685","1100","4","281","624","732","696","448","1","120","353","422","440","349","3","161","271","310","256","99"
"20194","11545690","시흥3동","7990","4735","3255","17","592","1163","1847","2084","2287","8","314","754","1071","1135","1453","9","278","409","776","949","834"
"20194","11545700","시흥4동","1558","936","622","16","243","318","440","378","163","12","148","218","263","176","119","4","95","100","177","202","44"
"20194","11545710","시흥5동","1721","1012","709","21","247","398","427","359","269","15","130","260","249","185","173","6","117","138","178","174","96"
"20194","11560700","대림1동","2425","937","1488","0","785","549","491","412","188","0","166","197","240","208","126","0","619","352","251","204","62"
"20194","11560610","양평1동","12821","7428","5393","53","2537","2953","2834","2570","1874","22","1298","1886","1691","1321","1210","31","1239","1067","1143","1249","664"
"20194","11590650","사당4동","1399","726","673","5","155","229","303","271","436","4","59","115","137","126","285","1","96","114","166","145","151"
"20194","11590651","사당5동","1931","1038","893","2","242","468","579","457","183","1","112","219","297","257","152","1","130","249","282","200","31"
"20194","11620745","삼성동","1795","991","804","9","195","365","476","476","274","2","83","180","251","260","215","7","112","185","225","216","59"
"20194","11620565","성현동","7335","2785","4550","55","1046","1290","1680","2205","1059","31","479","676","763","595","241","24","567","614","917","1610","818"
"20194","11650660","내곡동","14211","9232","4979","62","2050","2934","2992","3044","3129","53","1454","2116","2049","1745","1815","9","596","818","943","1299","1314"
"20194","11650560","반포1동","7332","4498","2834","9","1338","2420","1829","1125","611","2","633","1581","1213","625","444","7","705","839","616","500","167"
"20194","11650580","반포3동","8637","4815","3822","20","1367","2193","1912","1729","1416","7","578","1294","1265","1001","670","13","789","899","647","728","746"
"20194","11680521","논현1동","41576","24313","17263","162","10856","12491","8831","5739","3497","68","4624","7421","5950","3705","2545","94","6232","5070","2881","2034","952"
"20194","11680600","대치1동","20053","10683","9370","37","3668","6545","4998","3118","1687","15","1378","3248","2827","1994","1221","22","2290","3297","2171","1124","466"
"20194","11680545","압구정동","44490","25047","19443","256","9903","13905","10212","6655","3559","102","3671","7810","6873","4381","2210","154","6232","6095","3339","2274","1349"
"20194","11710570","오금동","27438","19217","8221","45","3630","6522","6925","6613","3703","29","2126","4408","5118","5012","2524","16","1504","2114","1807","1601","1179"
"20194","11710566","오륜동","25084","14536","10548","45","4062","7583","6511","5022","1861","14","1636","3946","4187","3325","1428","31","2426","3637","2324","1697","433"
"20194","11710680","잠실3동","21831","14806","7025","108","3990","5469","5434","4132","2698","48","2079","3783","4024","2965","1907","60","1911","1686","1410","1167","791"
"20194","11740515","강일동","1357","886","471","0","196","292","374","333","162","0","98","199","237","215","137","0","98","93","137","118","25"
"20194","11740550","고덕1동","2188","1136","1052","0","240","487","569","526","366","0","108","271","280","241","236","0","132","216","289","285","130"
"20194","11740685","길동","9468","4805","4663","25","1369","1886","2128","2298","1762","15","541","1001","1136","1055","1057","10","828","885","992","1243","705"
"20194","11740530","명일1동","4220","2357","1863","9","623","1131","1061","762","634","4","293","679","693","390","298","5","330","452","368","372","336"
"20194","11740570","암사1동","3940","2413","1527","6","504","843","830","791","966","2","246","550","529","537","549","4","258","293","301","254","417"
"20194","11110600","가회동","11728","8729","2999","7","1263","4028","3519","2201","710","6","655","2966","2750","1810","542","1","608","1062","769","391","168"
"20194","11110690","창신3동","300","142","158","1","38","80","74","78","29","0","14","34","35","41","18","1","24","46","39","37","11"
"20194","11140550","명동","72930","42220","30710","107","11914","24562","19786","12954","3607","41","4764","12669","12754","9554","2438","66","7150","11893","7032","3400","1169"
"20194","11140570","필동","17346","8148","9198","41","2497","4384","5350","3789","1285","16","843","2169","2511","1781","828","25","1654","2215","2839","2008","457"
"20194","11170570","원효로2동","4609","3303","1306","17","726","1387","1277","740","462","7","416","989","980","547","364","10","310","398","297","193","98"
"20194","11170510","후암동","2324","1371","953","9","361","509","641","516","288","7","137","304","418","306","199","2","224","205","223","210","89"
"20194","11200540","마장동","7683","5451","2232","32","651","1345","1769","2510","1376","28","387","920","1288","1803","1025","4","264","425","481","707","351"
"20194","11200550","사근동","2650","1837","813","2","159","472","841","788","388","2","59","297","569","596","314","0","100","175","272","192","74"
"20194","11200535","왕십리도선동","5949","2726","3223","23","982","1143","1247","1456","1098","4","341","631","669","614","467","19","641","512","578","842","631"
"20194","11215850","구의1동","3628","2155","1473","9","515","899","1000","818","387","8","269","519","553","530","276","1","246","380","447","288","111"
"20194","11230740","이문1동","4076","1851","2225","3","781","1042","1081","784","385","2","164","402","537","471","275","1","617","640","544","313","110"
"20194","11230705","청량리동","4909","2614","2295","7","873","1407","941","916","765","5","334","799","527","516","433","2","539","608","414","400","332"
"20194","11260575","면목3?8동","3459","2159","1300","7","341","614","876","936","685","2","118","323","518","673","525","5","223","291","358","263","160"
"20194","11260690","신내2동","3776","2095","1681","8","503","948","927","926","464","5","209","446","476","601","358","3","294","502","451","325","106"
"20194","11260600","중화1동","1955","1034","921","0","231","422","496","461","345","0","87","173","241","257","276","0","144","249","255","204","69"
"20194","11290580","돈암1동","2329","1067","1262","9","677","705","484","321","133","0","162","352","257","181","115","9","515","353","227","140","18"
"20194","11290590","돈암2동","11726","7090","4636","44","1806","2813","3721","2083","1259","13","834","1672","2483","1535","553","31","972","1141","1238","548","706"
"20194","11305545","송중동","2249","1126","1123","13","239","363","636","577","421","11","98","158","279","282","298","2","141","205","357","295","123"
"20194","11320513","창3동","775","403","372","1","82","159","233","192","108","0","23","87","136","93","64","1","59","72","97","99","44"
"20194","11350665","상계3?4동","2343","1623","720","1","143","225","563","854","557","0","53","113","356","647","454","1","90","112","207","207","103"
"20194","11380631","신사1동","2475","1318","1157","2","267","513","566","607","520","0","108","252","308","291","359","2","159","261","258","316","161"
"20194","11380632","신사2동","1918","1332","586","5","228","379","473","475","358","5","169","255","279","313","311","0","59","124","194","162","47"
"20194","11380625","역촌동","4694","2257","2437","13","779","952","1204","1060","686","3","282","432","566","512","462","10","497","520","638","548","224"
"20194","11410520","천연동","1823","985","838","2","163","301","468","629","260","2","55","136","264","369","159","0","108","165","204","260","101"
"20194","11410685","홍은2동","5835","3769","2066","38","926","1570","1420","1250","631","32","524","1029","916","820","448","6","402","541","504","430","183"
"20194","11410640","홍제3동","1201","596","605","4","116","149","247","307","378","1","41","59","115","157","223","3","75","90","132","150","155"
"20194","11440555","아현동","11780","6477","5303","23","2240","3776","3328","2004","409","9","975","2113","1872","1217","291","14","1265","1663","1456","787","118"
"20194","11440680","합정동","5738","3211","2527","14","955","1644","1487","1049","589","11","379","809","935","673","404","3","576","835","552","376","185"
"20194","11470520","목2동","5530","3082","2448","4","766","1343","1466","1257","694","3","362","729","810","727","451","1","404","614","656","530","243"
"20194","11500603","가양1동","5337","3304","2033","4","589","1111","1212","1288","1133","2","247","674","720","830","831","2","342","437","492","458","302"
"20194","11500605","가양3동","3216","2060","1156","13","542","708","898","664","391","7","352","475","573","394","259","6","190","233","325","270","132"
"20194","11530720","고척1동","7767","5490","2277","7","690","1575","2040","2362","1093","5","361","1045","1423","1771","885","2","329","530","617","591","208"
"20194","11545640","독산4동","1765","991","774","2","225","303","376","416","443","1","128","180","220","205","257","1","97","123","156","211","186"
"20194","11560710","대림2동","4606","2336","2270","27","855","1092","1021","707","904","8","328","577","443","397","583","19","527","515","578","310","321"
"20194","11560720","대림3동","6057","3897","2160","17","635","1258","1552","1442","1153","5","328","877","1105","901","681","12","307","381","447","541","472"
"20194","11560515","영등포본동","5708","3229","2479","36","808","1406","1461","1375","622","15","347","711","835","853","468","21","461","695","626","522","154"
"20194","11590520","노량진2동","4687","2431","2256","11","746","1363","1135","951","481","3","389","592","527","608","312","8","357","771","608","343","169"
"20194","11590620","사당1동","3916","2054","1862","9","659","963","1044","718","523","4","217","469","523","427","414","5","442","494","521","291","109"
"20194","11590550","상도3동","1371","776","595","1","119","278","361","320","292","1","68","182","212","159","154","0","51","96","149","161","138"
"20194","11590680","신대방2동","22031","14020","8011","54","4027","4597","4124","5144","4085","30","3041","3521","2633","2623","2172","24","986","1076","1491","2521","1913"
"20194","11620775","난곡동","1481","807","674","0","165","296","361","425","234","0","68","153","180","237","169","0","97","143","181","188","65"
"20194","11620765","미성동","3689","2177","1512","28","364","650","866","953","828","22","226","379","483","494","573","6","138","271","383","459","255"
"20194","11650620","방배3동","17809","11648","6161","114","2781","5297","4805","2896","1916","37","1413","3322","3453","1995","1428","77","1368","1975","1352","901","488"
"20194","11680670","개포2동","9490","6220","3270","35","1658","2701","2271","1757","1068","14","884","1810","1564","1122","826","21","774","891","707","635","242"
"20194","11680630","대치4동","33305","20468","12837","149","5336","9904","9047","5656","3213","21","2296","5995","6187","3965","2004","128","3040","3909","2860","1691","1209"
"20194","11680655","도곡1동","40888","28978","11910","97","6985","9515","11398","10350","2543","71","3545","6237","8574","8481","2070","26","3440","3278","2824","1869","473"
"20194","11710532","거여2동","2952","1523","1429","13","377","486","723","879","474","6","209","286","369","394","259","7","168","200","354","485","215"
"20194","11710641","문정1동","34975","27013","7962","17","3178","6528","10070","13196","1986","9","1869","4711","7830","11299","1295","8","1309","1817","2240","1897","691"
"20194","11740540","명일2동","2874","1969","905","5","337","819","768","610","335","3","172","581","558","393","262","2","165","238","210","217","73"
"20194","11740660","성내3동","4641","2789","1852","15","658","1034","1162","962","810","13","344","656","703","541","532","2","314","378","459","421","278"
"20194","11740610","천호2동","3817","1970","1847","14","484","802","933","884","700","8","199","378","464","440","481","6","285","424","469","444","219"
"20194","11740620","천호3동","2763","1566","1197","3","170","305","475","502","1308","3","64","139","236","255","869","0","106","166","239","247","439"
"20201","11110530","사직동","47822","29932","17890","53","6303","13536","14415","9470","4045","14","2635","8315","9863","6619","2486","39","3668","5221","4552","2851","1559"
"20201","11170700","보광동","1059","532","527","1","137","225","268","258","170","1","26","109","139","145","112","0","111","116","129","113","58"
"20201","11170520","용산2가동","1795","1266","529","0","150","298","628","603","116","0","59","164","490","472","81","0","91","134","138","131","35"
"20201","11170640","이촌2동","2906","1976","930","8","411","803","858","630","196","3","184","508","647","491","143","5","227","295","211","139","53"
"20201","11200615","금호2?3가동","697","365","332","0","81","125","162","160","169","0","19","50","81","89","126","0","62","75","81","71","43"
"20201","11200645","옥수동","4791","1847","2944","5","1224","1430","1086","718","328","0","306","528","505","336","172","5","918","902","581","382","156"
"20201","11215810","광장동","16633","10092","6541","181","5160","4368","3223","2556","1145","56","2475","2824","2177","1712","848","125","2685","1544","1046","844","297"
"20201","11215830","자양2동","5005","3083","1922","20","716","1123","1284","1268","594","12","473","710","764","692","432","8","243","413","520","576","162"
"20201","11215847","자양4동","1152","729","423","6","101","178","269","290","308","5","46","95","157","184","242","1","55","83","112","106","66"
"20201","11215740","중곡1동","5496","2668","2828","82","1416","1044","1099","1287","568","28","605","563","545","517","410","54","811","481","554","770","158"
"20201","11230536","용신동","23899","12377","11522","56","2872","5303","5905","5893","3870","28","1358","3033","3112","2709","2137","28","1514","2270","2793","3184","1733"
"20201","11230720","휘경1동","1421","830","591","5","153","273","354","367","269","1","58","153","224","248","146","4","95","120","130","119","123"
"20201","11230730","휘경2동","4402","2273","2129","7","589","968","1138","1052","648","4","174","461","596","562","476","3","415","507","542","490","172"
"20201","11260655","망우본동","3417","1787","1630","14","378","624","763","1020","618","1","129","239","359","562","497","13","249","385","404","458","121"
"20201","11260570","면목7동","1410","772","638","2","173","268","338","383","246","2","59","120","177","222","192","0","114","148","161","161","54"
"20201","11260630","묵2동","2062","1388","674","1","299","504","494","556","208","1","171","341","326","406","143","0","128","163","168","150","65"
"20201","11260680","신내1동","4245","2030","2215","1","751","928","780","1114","671","1","204","390","376","549","510","0","547","538","404","565","161"
"20201","11290685","길음2동","722","307","415","3","80","138","190","198","113","2","35","58","87","70","55","1","45","80","103","128","58"
"20201","11290525","성북동","23717","18050","5667","44","3093","5817","6878","6849","1036","13","1710","4056","5451","6104","716","31","1383","1761","1427","745","320"
"20201","11290780","장위3동","1195","728","467","6","175","228","252","297","237","2","65","121","143","188","209","4","110","107","109","109","28"
"20201","11290705","종암동","22158","11647","10511","63","1867","5592","7813","6324","499","13","799","2048","3570","4921","296","50","1068","3544","4243","1403","203"
"20201","11305535","미아동","1850","1039","811","2","199","342","519","499","289","2","86","168","289","302","192","0","113","174","230","197","97"
"20201","11305608","번3동","1263","689","574","11","130","211","308","355","248","7","51","100","168","196","167","4","79","111","140","159","81"
"20201","11305660","인수동","4298","2498","1800","5","441","856","1098","1224","674","3","164","453","662","728","488","2","277","403","436","496","186"
"20201","11320690","방학1동","6582","3804","2778","14","664","1442","1618","1954","890","11","355","839","836","1104","659","3","309","603","782","850","231"
"20201","11320670","쌍문2동","1469","825","644","1","171","253","341","415","288","0","53","115","179","260","218","1","118","138","162","155","70"
"20201","11350720","상계10동","1064","449","615","0","164","226","285","302","87","0","35","95","112","144","63","0","129","131","173","158","24"
"20201","11350570","월계2동","1268","617","651","8","146","281","342","348","143","6","54","111","154","182","110","2","92","170","188","166","33"
"20201","11410710","북가좌1동","1739","1357","382","0","49","113","193","345","1039","0","16","52","88","234","967","0","33","61","105","111","72"
"20201","11410655","홍제2동","739","379","360","0","113","162","187","163","114","0","40","107","95","79","58","0","73","55","92","84","56"
"20201","11440585","도화동","13141","7986","5155","24","2416","3200","3302","2929","1270","12","1264","2199","2176","1526","809","12","1152","1001","1126","1403","461"
"20201","11440740","상암동","15320","9403","5917","39","3231","5547","4162","1731","610","17","1420","3496","2771","1209","490","22","1811","2051","1391","522","120"
"20201","11440660","서교동","26960","13797","13163","135","5627","7574","6249","4402","2973","88","2301","3787","3449","2331","1841","47","3326","3787","2800","2071","1132"
"20201","11440710","연남동","3213","1975","1238","4","517","760","777","678","477","4","232","412","461","463","403","0","285","348","316","215","74"
"20201","11500535","등촌3동","15368","8147","7221","44","1901","3264","3431","3801","2927","22","831","1785","2013","1850","1646","22","1070","1479","1418","1951","1281"
"20201","11500640","방화2동","3390","2190","1200","9","367","654","764","880","716","8","200","392","490","561","539","1","167","262","274","319","177"
"20201","11500641","방화3동","5011","3236","1775","7","488","1063","1262","1375","816","5","248","561","780","968","674","2","240","502","482","407","142"
"20201","11500570","화곡4동","2710","1207","1503","3","637","730","552","506","282","2","151","317","267","269","201","1","486","413","285","237","81"
"20201","11500590","화곡본동","2983","1681","1302","13","337","586","716","710","621","11","127","318","406","374","445","2","210","268","310","336","176"
"20201","11530595","가리봉동","972","454","518","1","95","161","224","209","282","0","42","74","102","83","153","1","53","87","122","126","129"
"20201","11530520","구로1동","4769","2813","1956","5","551","1184","1128","986","915","3","307","754","763","603","383","2","244","430","365","383","532"
"20201","11530770","오류1동","4294","2719","1575","14","556","798","1050","1234","642","7","393","537","636","709","437","7","163","261","414","525","205"
"20201","11560650","신길3동","1332","863","469","2","100","223","302","327","378","2","41","133","192","209","286","0","59","90","110","118","92"
"20201","11560690","신길7동","2693","1837","856","6","318","515","610","768","476","4","198","350","406","493","386","2","120","165","204","275","90"
"20201","11590530","상도1동","6189","3568","2621","10","958","1525","1507","1366","823","2","406","854","904","844","558","8","552","671","603","522","265"
"20201","11620525","보라매동","1838","943","895","8","253","408","426","448","295","3","107","206","219","212","196","5","146","202","207","236","99"
"20201","11620695","신림동","1946","1168","778","4","173","275","462","443","589","1","63","144","255","257","448","3","110","131","207","186","141"
"20201","11620615","중앙동","1420","666","754","3","174","256","327","381","279","2","71","125","154","182","132","1","103","131","173","199","147"
"20201","11620545","청림동","2705","1543","1162","4","408","900","885","393","115","3","178","504","529","253","76","1","230","396","356","140","39"
"20201","11650600","방배1동","19003","12553","6450","92","3748","5826","4604","3465","1268","61","1778","3553","3393","2828","940","31","1970","2273","1211","637","328"
"20201","11650531","서초4동","37488","21433","16055","138","7320","11471","9418","6641","2500","63","2783","6553","6110","4162","1762","75","4537","4918","3308","2479","738"
"20201","11680531","논현2동","55372","35328","20044","151","10602","16012","13330","8967","6310","47","4602","9575","9465","6803","4836","104","6000","6437","3865","2164","1474"
"20201","11680580","삼성1동","130157","87840","42317","310","26223","39031","34864","23107","6622","153","14094","25801","25719","18114","3959","157","12129","13230","9145","4993","2663"
"20201","11710631","가락1동","5913","4134","1779","0","404","1101","1627","1695","1086","0","271","843","1198","1111","711","0","133","258","429","584","375"
"20201","11710540","마천1동","955","471","484","2","112","201","273","249","118","1","46","98","129","118","79","1","66","103","144","131","39"
"20201","11710510","풍납1동","1718","964","754","1","228","386","435","451","217","1","120","208","229","240","166","0","108","178","206","211","51"
"20201","11710520","풍납2동","23596","11568","12028","3","5113","8054","5886","3553","987","0","1384","4183","3091","2173","737","3","3729","3871","2795","1380","250"
"20201","11740640","성내1동","17072","11605","5467","42","2020","3567","3667","4407","3369","17","1169","2225","2403","3188","2603","25","851","1342","1264","1219","766"
"20201","11110570","무악동","608","169","439","7","168","169","147","80","37","6","35","32","47","26","23","1","133","137","100","54","14"
"20201","11140665","동화동","1504","682","822","2","239","362","395","319","187","1","62","126","191","176","126","1","177","236","204","143","61"
"20201","11140635","약수동","17658","6830","10828","51","2837","6596","4891","2424","859","11","862","2322","1622","1389","624","40","1975","4274","3269","1035","235"
"20201","11140605","을지로동","15914","8662","7252","70","3844","3863","3457","2755","1925","17","1005","2127","2244","1916","1353","53","2839","1736","1213","839","572"
"20201","11170530","남영동","21173","8924","12249","187","8038","5217","4031","2705","995","22","1507","2802","2399","1454","740","165","6531","2415","1632","1251","255"
"20201","11170685","한남동","41934","30661","11273","135","6886","12388","11000","9625","1900","89","3268","8250","8923","8616","1515","46","3618","4138","2077","1009","385"
"20201","11200650","성수1가1동","3550","2228","1322","3","452","745","793","940","617","1","207","466","510","640","404","2","245","279","283","300","213"
"20201","11200520","왕십리2동","1259","746","513","2","175","319","360","269","134","2","85","169","221","170","99","0","90","150","139","99","35"
"20201","11200580","응봉동","1688","695","993","12","400","449","373","285","169","2","89","156","175","146","127","10","311","293","198","139","42"
"20201","11200560","행당1동","2359","1588","771","1","298","491","600","671","298","0","148","303","414","507","216","1","150","188","186","164","82"
"20201","11215870","구의3동","12940","7885","5055","27","1521","2728","3129","3229","2306","8","873","1900","2126","1661","1317","19","648","828","1003","1568","989"
"20201","11230660","장안2동","6304","3377","2927","46","1936","1218","1256","1163","685","27","1005","698","580","567","500","19","931","520","676","596","185"
"20201","11290715","월곡1동","2594","1577","1017","4","204","338","530","555","963","4","76","163","278","360","696","0","128","175","252","195","267"
"20201","11290770","장위2동","1746","1050","696","3","158","292","415","420","458","2","57","144","233","260","354","1","101","148","182","160","104"
"20201","11290640","정릉3동","2441","1649","792","15","383","695","593","440","315","14","207","494","418","314","202","1","176","201","175","126","113"
"20201","11305595","번1동","2555","1499","1056","2","322","516","510","657","548","0","139","316","307","420","317","2","183","200","203","237","231"
"20201","11305575","삼각산동","1296","708","588","1","227","343","406","210","109","0","93","192","227","105","91","1","134","151","179","105","18"
"20201","11305625","수유2동","2222","1180","1042","1","105","171","422","658","865","0","30","90","266","448","346","1","75","81","156","210","519"
"20201","11305645","우이동","2841","1745","1096","4","171","263","394","669","1340","3","51","126","214","460","891","1","120","137","180","209","449"
"20201","11320515","창5동","7114","4495","2619","9","821","1589","1757","1497","1441","7","428","1090","1177","820","973","2","393","499","580","677","468"
"20201","11350595","공릉1동","6301","3404","2897","8","659","982","1376","1729","1547","4","299","541","682","893","985","4","360","441","694","836","562"
"20201","11350700","상계8동","1180","616","564","3","167","344","290","263","113","1","59","215","121","143","77","2","108","129","169","120","36"
"20201","11410690","남가좌1동","3997","2401","1596","11","278","509","695","992","1512","8","190","341","440","522","900","3","88","168","255","470","612"
"20201","11440565","공덕동","14467","8329","6138","84","3210","3917","3860","2545","851","33","1283","2076","2451","1878","608","51","1927","1841","1409","667","243"
"20201","11440610","염리동","3956","2587","1369","75","736","884","795","861","605","27","372","596","586","593","413","48","364","288","209","268","192"
"20201","11470550","목5동","31153","18954","12199","114","5058","8049","7547","6516","3869","55","2331","4850","4764","4269","2685","59","2727","3199","2783","2247","1184"
"20201","11470570","신월2동","2996","1737","1259","12","259","472","804","817","632","9","142","279","419","437","451","3","117","193","385","380","181"
"20201","11470670","신정6동","18155","11030","7125","92","3488","5238","4247","3672","1418","74","1698","3218","2712","2347","981","18","1790","2020","1535","1325","437"
"20201","11500540","화곡1동","5031","2822","2209","21","535","1016","1247","1402","810","17","249","591","676","789","500","4","286","425","571","613","310"
"20201","11530750","개봉2동","8038","3972","4066","37","1415","1946","1909","1903","828","17","804","1236","844","639","432","20","611","710","1065","1264","396"
"20201","11530730","고척2동","3143","1958","1185","10","356","698","794","841","444","7","220","440","469","485","337","3","136","258","325","356","107"
"20201","11530560","구로5동","14392","9095","5297","44","2014","3370","3745","3190","2029","33","1138","2322","2481","1889","1232","11","876","1048","1264","1301","797"
"20201","11560620","양평2동","14774","8451","6323","38","2693","4021","4060","2540","1422","15","1180","2429","2300","1491","1036","23","1513","1592","1760","1049","386"
"20201","11560535","영등포동","14217","7943","6274","48","2615","3539","3349","2794","1872","14","977","1979","2088","1652","1233","34","1638","1560","1261","1142","639"
"20201","11590670","신대방1동","7418","4694","2724","24","1422","2370","1722","1183","697","14","724","1528","1188","772","468","10","698","842","534","411","229"
"20201","11620645","서원동","2912","1206","1706","5","563","630","529","646","539","2","143","260","265","235","301","3","420","370","264","411","238"
"20201","11620625","인헌동","3435","1976","1459","13","701","985","867","536","333","5","324","608","515","277","247","8","377","377","352","259","86"
"20201","11620595","청룡동","6665","3660","3005","8","1087","1894","1590","1510","576","3","433","957","884","988","395","5","654","937","706","522","181"
"20201","11650570","반포2동","9861","5872","3989","18","1652","3059","2563","1656","913","10","723","1849","1650","999","641","8","929","1210","913","657","272"
"20201","11650520","서초2동","67858","45080","22778","159","14201","22383","16994","10387","3734","54","7752","15121","11691","7781","2681","105","6449","7262","5303","2606","1053"
"20201","11650652","양재2동","43401","32515","10886","106","5761","10598","12175","11422","3339","59","3488","7792","9341","9309","2526","47","2273","2806","2834","2113","813"
"20201","11680740","일원2동","5600","3682","1918","17","832","1447","1587","1319","398","5","407","891","1091","992","296","12","425","556","496","327","102"
"20201","11710620","가락본동","27955","16882","11073","89","3790","6716","6396","5452","5512","37","1813","4194","4281","3158","3399","52","1977","2522","2115","2294","2113"
"20201","11710562","방이2동","24911","14324","10587","53","4019","6387","5622","5295","3535","37","2261","4157","3442","2476","1951","16","1758","2230","2180","2819","1584"
"20201","11710670","잠실2동","7793","5196","2597","10","1494","2265","2042","1556","426","9","938","1589","1387","1026","247","1","556","676","655","530","179"
"20201","11740600","천호1동","2450","1407","1043","6","246","461","597","573","567","1","100","239","304","336","427","5","146","222","293","237","140"
"20201","11110540","삼청동","5862","4751","1111","3","726","1549","1817","1381","386","0","460","1187","1543","1230","331","3","266","362","274","151","55"
"20201","11110630","종로5?6가동","15588","9737","5851","407","3613","4484","3824","2369","891","114","1498","2891","2796","1819","619","293","2115","1593","1028","550","272"
"20201","11110670","창신1동","1307","566","741","1","117","231","397","315","246","0","47","88","128","140","163","1","70","143","269","175","83"
"20201","11110650","혜화동","6669","3263","3406","30","1094","1790","1598","1324","833","22","380","867","848","687","459","8","714","923","750","637","374"
"20201","11170690","서빙고동","14416","9448","4968","37","2566","4289","4433","2273","818","15","1228","2510","3241","1816","638","22","1338","1779","1192","457","180"
"20201","11170590","용문동","2710","1570","1140","11","527","732","741","503","196","7","221","430","439","338","135","4","306","302","302","165","61"
"20201","11170560","원효로1동","4677","3188","1489","21","727","1266","1220","852","591","12","430","908","848","583","407","9","297","358","372","269","184"
"20201","11170630","이촌1동","10866","6950","3916","53","1764","2919","3039","2219","872","34","876","1798","2142","1493","607","19","888","1121","897","726","265"
"20201","11170555","청파동","4834","2581","2253","14","753","1213","1147","1014","693","8","264","562","606","621","520","6","489","651","541","393","173"
"20201","11200590","금호1가동","2304","858","1446","15","272","750","937","260","70","0","88","248","371","102","49","15","184","502","566","158","21"
"20201","11200720","송정동","1247","754","493","1","181","290","313","250","212","0","88","178","172","148","168","1","93","112","141","102","44"
"20201","11215770","중곡4동","5044","2482","2562","6","871","1221","1285","1169","492","4","254","568","628","634","394","2","617","653","657","535","98"
"20201","11215710","화양동","2662","1687","975","9","348","425","650","775","455","4","133","230","426","533","361","5","215","195","224","242","94"
"20201","11230610","답십리2동","4215","3060","1155","32","687","954","962","850","730","28","504","727","697","583","521","4","183","227","265","267","209"
"20201","11230750","이문2동","2210","1168","1042","2","268","474","498","560","408","1","93","229","233","307","305","1","175","245","265","253","103"
"20201","11230650","장안1동","10768","6778","3990","34","1470","2114","2327","2359","2464","26","880","1351","1448","1427","1646","8","590","763","879","932","818"
"20201","11260540","면목4동","1624","1162","462","2","121","264","432","588","217","1","55","160","292","481","173","1","66","104","140","107","44"
"20201","11290660","길음1동","6329","3095","3234","419","2211","1546","1057","690","406","176","957","813","522","320","307","243","1254","733","535","370","99"
"20201","11290610","보문동","6952","5271","1681","6","667","2047","1463","1460","1309","2","365","1644","1172","1170","918","4","302","403","291","290","391"
"20201","11290555","삼선동","6459","3237","3222","8","699","1546","1938","1603","665","4","247","667","937","1001","381","4","452","879","1001","602","284"
"20201","11290760","장위1동","1324","690","634","2","238","278","309","277","220","1","110","154","156","135","134","1","128","124","153","142","86"
"20201","11290630","정릉2동","1757","773","984","0","286","418","473","380","200","0","74","179","186","185","149","0","212","239","287","195","51"
"20201","11305603","번2동","1380","655","725","1","201","205","357","391","225","0","85","107","157","187","119","1","116","98","200","204","106"
"20201","11350630","상계1동","5569","3527","2042","23","644","1148","1345","1414","995","18","369","775","875","881","609","5","275","373","470","533","386"
"20201","11350670","상계5동","1861","927","934","5","128","213","314","464","737","2","52","114","139","210","410","3","76","99","175","254","327"
"20201","11350695","상계6?7동","6346","2810","3536","19","890","1498","1624","1611","704","11","233","564","725","883","394","8","657","934","899","728","310"
"20201","11350560","월계1동","2778","1511","1267","13","430","656","717","544","418","5","200","395","362","278","271","8","230","261","355","266","147"
"20201","11350624","중계4동","2064","1128","936","12","201","421","483","539","408","7","75","203","253","283","307","5","126","218","230","256","101"
"20201","11350612","하계2동","1414","910","504","2","145","263","384","465","155","0","82","161","240","294","133","2","63","102","144","171","22"
"20201","11380570","대조동","2617","1284","1333","5","323","553","704","596","436","4","119","269","331","267","294","1","204","284","373","329","142"
"20201","11380640","증산동","2848","1844","1004","2","364","748","783","642","309","2","169","501","515","424","233","0","195","247","268","218","76"
"20201","11410585","신촌동","5047","2648","2399","12","786","1329","1274","1079","567","7","305","582","652","701","401","5","481","747","622","378","166"
"20201","11410620","홍제1동","2477","1275","1202","5","265","373","628","847","359","2","77","175","328","475","218","3","188","198","300","372","141"
"20201","11440690","망원1동","3153","1750","1403","10","855","862","647","467","312","3","496","462","313","276","200","7","359","400","334","191","112"
"20201","11440730","성산2동","2757","1239","1518","5","275","511","724","838","404","3","99","251","327","330","229","2","176","260","397","508","175"
"20201","11470510","목1동","17427","11303","6124","49","3004","4738","4346","3560","1730","31","1399","3112","3084","2553","1124","18","1605","1626","1262","1007","606"
"20201","11470600","신월5동","2190","1209","981","8","278","535","546","550","273","5","127","267","283","322","205","3","151","268","263","228","68"
"20201","11470610","신월6동","1115","652","463","1","118","205","253","306","232","0","45","105","138","173","191","1","73","100","115","133","41"
"20201","11470680","신정7동","5753","3432","2321","14","656","1376","1762","1305","640","8","306","770","1070","807","471","6","350","606","692","498","169"
"20201","11500620","공항동","33826","17706","16120","10","5671","11101","9233","6573","1238","2","1358","4648","5380","5415","903","8","4313","6453","3853","1158","335"
"20201","11500530","등촌2동","4992","2944","2048","6","614","985","1193","1272","922","2","259","533","721","804","625","4","355","452","472","468","297"
"20201","11500615","우장산동","6277","3448","2829","6","1358","1416","1329","1316","852","4","515","819","782","778","550","2","843","597","547","538","302"
"20201","11500550","화곡2동","1532","914","618","6","188","416","397","369","156","3","108","271","238","193","101","3","80","145","159","176","55"
"20201","11500591","화곡6동","10754","6820","3934","35","1515","2863","2741","2431","1169","9","750","1821","1754","1606","880","26","765","1042","987","825","289"
"20201","11530760","개봉3동","1995","1198","797","5","278","485","501","427","299","5","136","299","299","240","219","0","142","186","202","187","80"
"20201","11560630","신길1동","3535","1563","1972","4","633","842","785","696","575","0","202","405","373","294","289","4","431","437","412","402","286"
"20201","11560670","신길5동","1404","679","725","2","140","296","455","347","164","1","69","136","164","177","132","1","71","160","291","170","32"
"20201","11560540","여의동","217817","154569","63248","520","40050","78066","55998","33396","9787","195","22109","55804","43252","26581","6628","325","17941","22262","12746","6815","3159"
"20201","11620585","낙성대동","10344","5721","4623","20","1677","3541","2220","1585","1301","10","761","1862","1167","922","999","10","916","1679","1053","663","302"
"20201","11620685","신사동","4234","2870","1364","2","678","1206","1226","768","354","2","298","818","953","572","227","0","380","388","273","196","127"
"20201","11620605","은천동","4644","2204","2440","12","629","867","980","1276","880","1","210","402","501","575","515","11","419","465","479","701","365"
"20201","11650590","방배본동","28234","15628","12606","120","5284","7281","7505","5047","2997","82","1798","3804","4370","3275","2299","38","3486","3477","3135","1772","698"
"20201","11680610","대치2동","92377","51697","40680","530","16781","25425","21288","17434","10919","232","7729","15578","13694","8997","5467","298","9052","9847","7594","8437","5452"
"20201","11680590","삼성2동","62165","35711","26454","150","12530","20151","15787","8793","4754","61","5197","11854","10528","4946","3125","89","7333","8297","5259","3847","1629"
"20201","11680700","세곡동","1534","879","655","10","124","276","310","436","378","5","55","140","178","256","245","5","69","136","132","180","133"
"20201","11680650","역삼2동","51209","30365","20844","208","11790","14220","12162","9047","3782","85","5685","9112","8095","4730","2658","123","6105","5108","4067","4317","1124"
"20201","11680730","일원1동","2518","1370","1148","4","343","476","566","543","586","2","149","251","293","284","391","2","194","225","273","259","195"
"20201","11680565","청담동","57122","32691","24431","172","11877","18886","14178","8558","3451","72","4465","10782","9320","5650","2402","100","7412","8104","4858","2908","1049"
"20201","11710531","거여1동","3835","2832","1003","11","951","1067","919","530","357","9","659","841","701","364","258","2","292","226","218","166","99"
"20201","11710647","위례동","1268","1216","52","0","4","80","347","681","156","0","4","78","336","650","148","0","0","2","11","31","8"
"20201","11710690","잠실4동","9652","7756","1896","42","1285","3032","2803","2051","439","18","925","2493","2310","1675","335","24","360","539","493","376","104"
"20201","11710710","잠실6동","46691","24881","21810","93","7429","12391","13316","11902","1560","29","3439","7617","7686","4936","1174","64","3990","4774","5630","6966","386"
"20201","11710650","잠실본동","9422","6016","3406","45","1284","1797","2201","2088","2007","4","575","1097","1382","1438","1520","41","709","700","819","650","487"
"20201","11710646","장지동","6769","4617","2152","13","730","1085","1597","1784","1560","4","406","721","1070","1256","1160","9","324","364","527","528","400"
"20201","11740590","암사3동","3192","1912","1280","6","286","449","571","829","1051","3","146","269","312","478","704","3","140","180","259","351","347"
"20201","11140670","황학동","1714","1102","612","1","271","455","422","342","223","1","157","285","265","225","169","0","114","170","157","117","54"
"20201","11140540","회현동","58705","36279","22426","199","10994","20696","16047","8525","2244","68","5132","12355","10455","6703","1566","131","5862","8341","5592","1822","678"
"20201","11200690","성수2가3동","23863","15312","8551","83","3917","6067","5966","4768","3062","63","2176","4061","4011","2880","2121","20","1741","2006","1955","1888","941"
"20201","11215840","자양3동","3370","2410","960","8","406","863","937","843","313","3","252","605","689","618","243","5","154","258","248","225","70"
"20201","11260580","상봉1동","2499","1715","784","14","303","440","514","655","573","11","193","268","289","450","504","3","110","172","225","205","69"
"20201","11260590","상봉2동","5328","3673","1655","17","631","1376","1754","1205","345","13","369","964","1173","877","277","4","262","412","581","328","68"
"20201","11290600","안암동","4686","3030","1656","8","655","1203","1295","1013","512","3","333","745","832","715","402","5","322","458","463","298","110"
"20201","11320710","방학3동","3005","1804","1201","10","510","688","696","694","407","9","324","395","438","336","302","1","186","293","258","358","105"
"20201","11320680","쌍문3동","2022","963","1059","4","437","452","474","472","183","3","113","208","246","266","127","1","324","244","228","206","56"
"20201","11350710","상계9동","2626","1662","964","2","339","658","654","741","232","2","184","418","385","493","180","0","155","240","269","248","52"
"20201","11350580","월계3동","1502","756","746","1","166","265","395","434","241","1","63","137","182","228","145","0","103","128","213","206","96"
"20201","11350625","중계2?3동","2225","1256","969","5","288","582","570","571","209","4","170","349","294","305","134","1","118","233","276","266","75"
"20201","11380580","응암1동","2895","1605","1290","7","306","489","680","669","744","5","141","230","355","339","535","2","165","259","325","330","209"
"20201","11410615","연희동","14856","9739","5117","82","2345","3661","3196","4080","1492","43","1297","2440","1997","2924","1038","39","1048","1221","1199","1156","454"
"20201","11410660","홍은1동","7584","1500","6084","3","262","551","2062","3659","1047","1","98","189","374","439","399","2","164","362","1688","3220","648"
"20201","11440600","대흥동","5628","2774","2854","65","2228","1272","827","772","464","22","867","656","452","470","307","43","1361","616","375","302","157"
"20201","11440700","망원2동","5201","3099","2102","17","652","971","1126","1574","861","10","356","715","787","730","501","7","296","256","339","844","360"
"20201","11470611","신월7동","4357","2856","1501","4","467","719","894","1036","1237","3","345","547","587","630","744","1","122","172","307","406","493"
"20201","11470630","신정2동","13985","8015","5970","66","2513","4519","3729","2456","702","30","1020","2487","2309","1628","541","36","1493","2032","1420","828","161"
"20201","11530550","구로4동","2159","1229","930","5","243","425","532","527","427","3","112","228","294","293","299","2","131","197","238","234","128"
"20201","11545510","가산동","84451","55529","28922","300","16641","26228","20890","12369","8023","193","8827","17613","15063","8220","5613","107","7814","8615","5827","4149","2410"
"20201","11545620","독산2동","1789","993","796","1","230","372","417","495","274","0","125","176","207","282","203","1","105","196","210","213","71"
"20201","11545680","시흥2동","3435","2024","1411","4","342","681","873","1027","508","3","199","387","492","597","346","1","143","294","381","430","162"
"20201","11560585","도림동","1619","1028","591","12","144","272","393","413","385","10","65","165","247","262","279","2","79","107","146","151","106"
"20201","11560605","문래동","81647","59216","22431","162","12600","26629","25117","12877","4262","62","7033","20252","20512","8694","2663","100","5567","6377","4605","4183","1599"
"20201","11590660","대방동","11271","7474","3797","22","1880","3051","2637","2515","1166","7","998","2084","1836","1812","737","15","882","967","801","703","429"
"20201","11590560","상도4동","2530","1503","1027","3","355","559","610","636","367","2","174","328","367","445","187","1","181","231","243","191","180"
"20201","11620735","대학동","3077","2250","827","3","433","739","863","742","297","1","256","500","673","587","233","2","177","239","190","155","64"
"20201","11620665","서림동","1808","1022","786","8","273","316","451","387","373","2","137","168","241","231","243","6","136","148","210","156","130"
"20201","11650621","방배4동","21837","13492","8345","61","3771","6017","5424","4166","2398","27","1599","3546","3678","2918","1724","34","2172","2471","1746","1248","674"
"20201","11650651","양재1동","33395","21554","11841","445","7793","9217","7561","4987","3392","215","3960","6187","5334","3319","2539","230","3833","3030","2227","1668","853"
"20201","11680660","개포1동","18376","11295","7081","74","2873","4869","4780","3809","1971","30","1298","2691","3296","2574","1406","44","1575","2178","1484","1235","565"
"20201","11680656","도곡2동","192577","131699","60878","923","36796","75687","55314","19948","3909","583","19659","51843","42526","14511","2577","340","17137","23844","12788","5437","1332"
"20201","11680640","역삼1동","170825","101049","69776","494","34443","51961","43997","29792","10138","189","16474","32429","28719","16126","7112","305","17969","19532","15278","13666","3026"
"20201","11680720","일원본동","36779","20548","16231","181","9454","10978","8976","5878","1312","82","3541","6120","5771","4133","901","99","5913","4858","3205","1745","411"
"20201","11710550","마천2동","2599","1634","965","1","266","601","708","658","365","0","158","375","403","395","303","1","108","226","305","263","62"
"20201","11710561","방이1동","9129","6671","2458","30","952","1771","2392","2432","1552","19","450","1125","1786","1953","1338","11","502","646","606","479","214"
"20201","11710580","송파1동","8660","5413","3247","19","1228","1938","2145","1877","1453","8","530","1150","1399","1255","1071","11","698","788","746","622","382"
"20201","11740690","둔촌1동","1519","845","674","2","191","367","379","391","189","2","92","205","217","206","123","0","99","162","162","185","66"
"20201","11740520","상일동","3611","1827","1784","6","521","804","899","953","428","2","177","402","542","432","272","4","344","402","357","521","156"
"20201","11110640","이화동","5235","2876","2359","13","804","1303","1339","1082","694","6","257","600","777","725","511","7","547","703","562","357","183"
"20201","11110680","창신2동","344","116","228","0","22","40","89","116","77","0","4","11","32","39","30","0","18","29","57","77","47"
"20201","11110560","평창동","23179","12994","10185","45","2878","6197","7579","5016","1464","18","1373","3171","4476","3013","943","27","1505","3026","3103","2003","521"
"20201","11140590","광희동","42508","21177","21331","438","12207","11215","8725","6715","3208","189","5936","6526","5053","2274","1199","249","6271","4689","3672","4441","2009"
"20201","11140680","중림동","4348","2429","1919","3","913","1392","1134","599","307","2","420","754","630","399","224","1","493","638","504","200","83"
"20201","11170650","이태원1동","13034","5712","7322","26","3821","5020","2528","1242","397","14","981","2109","1400","906","302","12","2840","2911","1128","336","95"
"20201","11170625","한강로동","47142","23273","23869","183","9616","14692","13436","6917","2298","87","3914","6875","6681","4207","1509","96","5702","7817","6755","2710","789"
"20201","11215860","구의2동","4204","2612","1592","56","598","727","1055","1126","642","24","306","400","689","739","454","32","292","327","366","387","188"
"20201","11215760","중곡3동","1489","932","557","4","181","361","396","333","214","0","97","252","232","209","142","4","84","109","164","124","72"
"20201","11230560","전농1동","1537","956","581","2","180","270","401","417","267","0","113","170","263","260","150","2","67","100","138","157","117"
"20201","11230570","전농2동","4013","2089","1924","4","468","848","1061","1068","564","1","193","397","571","552","375","3","275","451","490","516","189"
"20201","11260550","면목5동","1080","728","352","1","105","184","287","266","237","1","67","138","140","175","207","0","38","46","147","91","30"
"20201","11260565","면목본동","1764","942","822","1","239","402","450","411","261","0","88","202","232","232","188","1","151","200","218","179","73"
"20201","11290810","석관동","3732","2418","1314","15","344","584","700","754","1335","8","170","353","396","466","1025","7","174","231","304","288","310"
"20201","11290620","정릉1동","1152","621","531","6","149","206","258","298","235","1","41","74","129","183","193","5","108","132","129","115","42"
"20201","11305615","수유1동","1920","874","1046","2","205","347","488","555","323","0","58","142","208","241","225","2","147","205","280","314","98"
"20201","11320522","도봉2동","2128","1350","778","1","113","274","364","537","839","0","39","137","202","352","620","1","74","137","162","185","219"
"20201","11320511","창1동","1790","815","975","6","246","361","472","484","221","3","96","141","213","228","134","3","150","220","259","256","87"
"20201","11350600","공릉2동","7078","3252","3826","29","1186","1746","1707","1652","758","3","368","800","796","808","477","26","818","946","911","844","281"
"20201","11350640","상계2동","2484","1209","1275","6","342","425","617","634","460","3","127","236","291","302","250","3","215","189","326","332","210"
"20201","11350621","중계1동","2169","1191","978","4","284","476","650","541","214","3","119","259","345","297","168","1","165","217","305","244","46"
"20201","11380552","갈현2동","3915","2012","1903","9","404","778","1023","1035","666","7","187","434","483","463","438","2","217","344","540","572","228"
"20201","11380560","구산동","4328","2305","2023","11","537","811","958","1354","657","1","205","363","455","843","438","10","332","448","503","511","219"
"20201","11380530","불광2동","3113","1510","1603","2","194","431","503","653","1330","1","68","222","203","273","743","1","126","209","300","380","587"
"20201","11380590","응암2동","1048","669","379","1","133","138","236","299","241","1","75","75","138","179","201","0","58","63","98","120","40"
"20201","11410700","남가좌2동","1792","933","859","1","205","375","486","493","232","0","73","179","233","280","168","1","132","196","253","213","64"
"20201","11410720","북가좌2동","3057","1561","1496","8","472","602","675","756","544","4","143","304","374","410","326","4","329","298","301","346","218"
"20201","11440655","서강동","6283","3927","2356","43","1080","1516","1510","1228","906","27","531","894","993","811","671","16","549","622","517","417","235"
"20201","11440720","성산1동","5829","3864","1965","19","753","1219","1334","1134","1370","15","369","757","847","790","1086","4","384","462","487","344","284"
"20201","11440590","용강동","13701","8118","5583","13","2008","3377","3238","2712","2353","9","969","1995","2139","1574","1432","4","1039","1382","1099","1138","921"
"20201","11470580","신월3동","1679","963","716","2","177","310","382","494","314","0","66","132","204","310","251","2","111","178","178","184","63"
"20201","11470590","신월4동","1813","1221","592","1","108","222","423","574","485","1","50","117","246","383","424","0","58","105","177","191","61"
"20201","11500604","가양2동","2849","1494","1355","9","375","668","690","678","429","6","175","360","369","336","248","3","200","308","321","342","181"
"20201","11500630","방화1동","7575","5922","1653","10","805","1601","1852","2167","1140","7","575","1308","1478","1793","761","3","230","293","374","374","379"
"20201","11500560","화곡3동","5333","3288","2045","10","724","1292","1364","1226","717","7","390","860","825","689","517","3","334","432","539","537","200"
"20201","11545610","독산1동","12850","8228","4622","40","1027","1759","2150","2804","5070","34","604","1165","1369","1723","3333","6","423","594","781","1081","1737"
"20201","11545630","독산3동","4188","2958","1230","10","366","639","730","800","1643","2","195","372","390","474","1525","8","171","267","340","326","118"
"20201","11560550","당산1동","9078","5438","3640","15","1539","2557","2014","1676","1277","8","613","1428","1263","1168","958","7","926","1129","751","508","319"
"20201","11560660","신길4동","1248","617","631","2","211","297","315","295","128","0","75","138","153","159","92","2","136","159","162","136","36"
"20201","11560680","신길6동","2634","1646","988","10","289","619","687","570","459","7","144","384","416","357","338","3","145","235","271","213","121"
"20201","11590510","노량진1동","5875","3297","2578","18","766","1395","1471","1398","827","12","329","798","898","755","505","6","437","597","573","643","322"
"20201","11590540","상도2동","1732","887","845","6","212","400","459","414","241","0","94","212","243","207","131","6","118","188","216","207","110"
"20201","11620630","남현동","3714","2442","1272","5","617","926","1001","721","444","3","338","621","701","472","307","2","279","305","300","249","137"
"20201","11620575","행운동","4257","2373","1884","15","636","1035","1002","964","605","8","316","584","534","500","431","7","320","451","468","464","174"
"20201","11650581","반포4동","94714","83567","11147","80","9480","20099","25531","35193","4331","34","7191","16727","22658","33449","3508","46","2289","3372","2873","1744","823"
"20201","11650610","방배2동","16805","8184","8621","37","2831","4294","4601","3237","1805","8","985","1931","2132","1909","1219","29","1846","2363","2469","1328","586"
"20201","11650510","서초1동","47386","26528","20858","101","9928","12282","10432","11564","3079","39","3558","6616","6055","8015","2245","62","6370","5666","4377","3549","834"
"20201","11650540","잠원동","16302","9442","6860","68","3397","4796","4022","2503","1516","36","1340","2803","2667","1569","1027","32","2057","1993","1355","934","489"
"20201","11680750","수서동","18037","9516","8521","27","2570","4859","4850","3583","2148","15","1151","2611","2544","1902","1293","12","1419","2248","2306","1681","855"
"20201","11710632","가락2동","10171","6862","3309","22","1354","2162","2015","1893","2725","16","801","1478","1339","1132","2096","6","553","684","676","761","629"
"20201","11710720","잠실7동","14130","6338","7792","52","1984","2775","3999","4487","833","31","995","1820","1888","1074","530","21","989","955","2111","3413","303"
"20201","11740700","둔촌2동","4961","2239","2722","4","946","1293","1058","1026","634","2","281","537","526","489","404","2","665","756","532","537","230"
"20201","11110615","종로1?2?3?4가동","97451","53687","43764","1427","19755","29598","26670","15288","4713","620","8610","14862","15621","10763","3211","807","11145","14736","11049","4525","1502"
"20201","11140650","신당5동","871","462","409","5","105","184","211","191","175","5","47","83","108","101","118","0","58","101","103","90","57"
"20201","11140645","청구동","3104","1714","1390","6","455","830","727","664","422","3","157","432","465","413","244","3","298","398","262","251","178"
"20201","11170580","효창동","1644","932","712","3","218","412","462","363","186","2","103","243","275","183","126","1","115","169","187","180","60"
"20201","11200620","금호4가동","1331","791","540","1","151","308","365","323","183","1","56","159","235","202","138","0","95","149","130","121","45"
"20201","11200670","성수2가1동","10042","6355","3687","107","2280","2880","2284","1625","866","57","1033","1862","1557","1147","699","50","1247","1018","727","478","167"
"20201","11200790","용답동","4708","2845","1863","30","1172","1311","961","753","481","2","511","843","633","476","380","28","661","468","328","277","101"
"20201","11200570","행당2동","268","104","164","0","31","57","76","66","38","0","14","23","24","16","27","0","17","34","52","50","11"
"20201","11215780","능동","2288","1405","883","7","330","533","589","459","370","3","160","314","371","276","281","4","170","219","218","183","89"
"20201","11230545","제기동","5479","3268","2211","10","735","1334","1323","1152","925","3","312","789","843","680","641","7","423","545","480","472","284"
"20201","11230710","회기동","784","371","413","1","93","180","195","178","137","1","28","71","89","84","98","0","65","109","106","94","39"
"20201","11260660","망우3동","1076","573","503","1","96","157","257","314","251","1","35","66","120","172","179","0","61","91","137","142","72"
"20201","11260620","묵1동","2604","1240","1364","4","285","604","740","629","342","1","102","281","337","286","233","3","183","323","403","343","109"
"20201","11260610","중화2동","1532","868","664","9","181","236","386","343","377","7","89","111","195","197","269","2","92","125","191","146","108"
"20201","11290725","월곡2동","4825","3059","1766","6","757","1363","1166","854","679","1","379","896","712","512","559","5","378","467","454","342","120"
"20201","11290650","정릉4동","2401","1467","934","2","203","363","582","760","491","0","64","182","369","511","341","2","139","181","213","249","150"
"20201","11305555","송천동","1900","953","947","3","145","324","405","482","541","2","42","149","190","273","297","1","103","175","215","209","244"
"20201","11320521","도봉1동","2162","1429","733","1","104","246","486","761","564","1","26","129","286","544","443","0","78","117","200","217","121"
"20201","11320660","쌍문1동","1769","844","925","0","216","280","472","488","313","0","56","101","185","251","251","0","160","179","287","237","62"
"20201","11350611","하계1동","4631","2934","1697","10","541","947","1177","1316","640","7","252","547","704","929","495","3","289","400","473","387","145"
"20201","11380551","갈현1동","2607","1348","1259","11","445","605","620","564","362","7","183","321","312","288","237","4","262","284","308","276","125"
"20201","11380510","녹번동","5199","2759","2440","14","602","1221","1380","1375","607","9","291","593","665","805","396","5","311","628","715","570","211"
"20201","11380650","수색동","1766","1115","651","0","231","468","426","349","292","0","114","299","263","220","219","0","117","169","163","129","73"
"20201","11380600","응암3동","2243","1094","1149","1","246","524","620","544","308","0","93","261","288","251","201","1","153","263","332","293","107"
"20201","11380690","진관동","3595","1885","1710","4","367","871","969","867","517","2","170","543","543","367","260","2","197","328","426","500","257"
"20201","11410555","북아현동","1845","1353","492","0","191","416","503","517","218","0","82","314","396","401","160","0","109","102","107","116","58"
"20201","11410565","충현동","14173","8784","5389","22","1788","3587","3729","3349","1698","13","845","2173","2366","2194","1193","9","943","1414","1363","1155","505"
"20201","11440630","신수동","5675","3230","2445","14","686","1567","1578","1378","452","12","255","740","902","974","347","2","431","827","676","404","105"
"20201","11470540","목4동","2879","1741","1138","7","354","627","828","712","351","4","144","373","493","453","274","3","210","254","335","259","77"
"20201","11470640","신정3동","7022","4988","2034","7","565","1340","1751","1490","1869","1","271","806","1186","1041","1683","6","294","534","565","449","186"
"20201","11500520","등촌1동","8609","5163","3446","22","1724","2223","1900","1545","1195","13","636","1404","1311","1008","791","9","1088","819","589","537","404"
"20201","11500510","염창동","19659","9116","10543","50","3048","5769","5855","3303","1634","29","1102","2522","2356","1821","1286","21","1946","3247","3499","1482","348"
"20201","11530740","개봉1동","4844","2808","2036","9","463","1029","1149","1259","935","7","239","570","592","717","683","2","224","459","557","542","252"
"20201","11530530","구로2동","13937","8549","5388","41","1703","3217","3450","3483","2043","20","796","1900","2064","2280","1489","21","907","1317","1386","1203","554"
"20201","11530540","구로3동","52394","34315","18079","202","10890","17618","13256","6528","3900","132","5505","11682","9334","4548","3114","70","5385","5936","3922","1980","786"
"20201","11530800","항동","1601","998","603","2","147","323","512","371","246","1","53","172","316","264","192","1","94","151","196","107","54"
"20201","11545670","시흥1동","6679","3563","3116","15","926","1606","1587","1664","881","10","425","798","798","941","591","5","501","808","789","723","290"
"20201","11560560","당산2동","14108","9461","4647","48","2208","3163","3415","3108","2166","22","1130","1980","2383","2282","1664","26","1078","1183","1032","826","502"
"20201","11590630","사당2동","2674","1472","1202","15","427","777","722","492","241","6","208","472","426","226","134","9","219","305","296","266","107"
"20201","11590640","사당3동","3596","2099","1497","3","446","802","955","838","552","0","176","433","585","500","405","3","270","369","370","338","147"
"20201","11590605","흑석동","1446","824","622","2","197","319","389","321","218","1","100","177","223","176","147","1","97","142","166","145","71"
"20201","11620715","난향동","1315","649","666","1","151","289","365","283","226","0","41","132","152","144","180","1","110","157","213","139","46"
"20201","11620655","신원동","1011","576","435","5","113","213","247","244","189","3","60","118","146","143","106","2","53","95","101","101","83"
"20201","11620725","조원동","3254","2026","1228","7","613","788","789","699","358","2","285","513","503","469","254","5","328","275","286","230","104"
"20201","11650550","반포본동","24429","13311","11118","37","4041","8064","6985","4177","1125","22","1479","4403","3916","2614","877","15","2562","3661","3069","1563","248"
"20201","11650530","서초3동","68236","40512","27724","193","11708","20440","17471","12437","5987","88","4953","11908","11177","8110","4276","105","6755","8532","6294","4327","1711"
"20201","11680690","개포4동","8809","6333","2476","21","1063","1992","2481","2105","1147","9","526","1333","1880","1637","948","12","537","659","601","468","199"
"20201","11680510","신사동","27942","16647","11295","98","5802","8429","7084","4252","2277","41","2251","5152","4743","2778","1682","57","3551","3277","2341","1474","595"
"20201","11710642","문정2동","41453","26054","15399","81","5936","12616","12707","7337","2776","36","2842","7120","8712","5617","1727","45","3094","5496","3995","1720","1049"
"20201","11710610","삼전동","7762","5230","2532","5","936","1763","1740","1549","1769","5","530","1154","1145","951","1445","0","406","609","595","598","324"
"20201","11710600","석촌동","8870","5856","3014","20","1074","2021","2072","1815","1868","12","607","1458","1402","1073","1304","8","467","563","670","742","564"
"20201","11710590","송파2동","14196","8974","5222","63","2237","3514","3721","3393","1268","47","1080","2233","2681","2128","805","16","1157","1281","1040","1265","463"
"20201","11740560","고덕2동","1985","1260","725","0","118","259","426","694","488","0","27","115","243","481","394","0","91","144","183","213","94"
"20201","11740650","성내2동","2304","1410","894","7","391","474","511","467","454","3","252","290","298","287","280","4","139","184","213","180","174"
"20201","11740580","암사2동","2638","964","1674","3","269","441","620","793","512","3","97","204","251","229","180","0","172","237","369","564","332"
"20201","11110580","교남동","847","498","349","3","100","217","222","173","132","1","35","111","132","116","103","2","65","106","90","57","29"
"20201","11110550","부암동","4115","2286","1829","8","695","1179","1099","798","336","3","287","651","630","483","232","5","408","528","469","315","104"
"20201","11110700","숭인1동","460","210","250","1","87","99","102","101","70","0","16","42","51","53","48","1","71","57","51","48","22"
"20201","11110710","숭인2동","1942","998","944","9","288","341","456","464","384","5","89","162","255","278","209","4","199","179","201","186","175"
"20201","11110515","청운효자동","10628","6827","3801","65","1929","3064","2954","1874","742","7","842","1921","2196","1349","512","58","1087","1143","758","525","230"
"20201","11140625","다산동","6567","4125","2442","12","1165","2090","1574","1149","577","3","481","1432","1099","702","408","9","684","658","475","447","169"
"20201","11140520","소공동","77533","41196","36337","404","22441","24493","17068","10242","2885","116","7294","12188","12180","7491","1927","288","15147","12305","4888","2751","958"
"20201","11140615","신당동","3199","1726","1473","33","894","680","608","585","399","13","401","354","314","373","271","20","493","326","294","212","128"
"20201","11140580","장충동","10396","5498","4898","51","2383","2853","2688","1978","443","13","839","1601","1603","1139","303","38","1544","1252","1085","839","140"
"20201","11170660","이태원2동","1258","696","562","5","213","404","318","198","120","2","96","223","170","110","95","3","117","181","148","88","25"
"20201","11200660","성수1가2동","6301","4314","1987","24","1008","1280","1327","1359","1303","15","599","850","854","963","1033","9","409","430","473","396","270"
"20201","11215730","군자동","2363","1289","1074","5","295","494","527","536","506","2","119","258","304","283","323","3","176","236","223","253","183"
"20201","11215820","자양1동","12355","9722","2633","5","841","1746","3348","5029","1386","5","376","1117","2681","4367","1176","0","465","629","667","662","210"
"20201","11215750","중곡2동","2814","1604","1210","4","390","568","717","661","474","1","239","330","379","348","307","3","151","238","338","313","167"
"20201","11230600","답십리1동","6333","3031","3302","9","924","1297","1755","1680","668","4","626","866","637","452","446","5","298","431","1118","1228","222"
"20201","11260520","면목2동","1492","821","671","4","152","249","327","436","324","2","51","112","171","247","238","2","101","137","156","189","86"
"20201","11290575","동선동","2511","1246","1265","27","334","520","566","624","440","16","114","226","274","337","279","11","220","294","292","287","161"
"20201","11305534","삼양동","1087","628","459","5","145","205","255","257","220","3","60","98","133","160","174","2","85","107","122","97","46"
"20201","11305635","수유3동","3385","1724","1661","10","367","814","869","876","449","8","144","349","405","534","284","2","223","465","464","342","165"
"20201","11320700","방학2동","1017","474","543","0","95","205","247","208","262","0","40","102","115","103","114","0","55","103","132","105","148"
"20201","11320681","쌍문4동","1365","711","654","0","144","324","378","347","172","0","43","156","192","184","136","0","101","168","186","163","36"
"20201","11320512","창2동","2466","1391","1075","11","299","549","665","571","371","10","137","321","363","293","267","1","162","228","302","278","104"
"20201","11320514","창4동","2724","1708","1016","2","286","524","672","743","497","1","127","277","399","498","406","1","159","247","273","245","91"
"20201","11350619","중계본동","1798","881","917","8","209","368","445","499","269","6","100","188","195","227","165","2","109","180","250","272","104"
"20201","11380520","불광1동","3646","1607","2039","6","523","861","954","838","464","2","193","377","428","368","239","4","330","484","526","470","225"
"20201","11470530","목3동","2504","1376","1128","3","327","551","660","602","361","2","163","320","355","306","230","1","164","231","305","296","131"
"20201","11470560","신월1동","2247","1444","803","6","213","373","517","727","411","3","111","232","314","480","304","3","102","141","203","247","107"
"20201","11470620","신정1동","11571","6760","4811","51","2043","2900","2904","2459","1214","46","852","1805","1741","1428","888","5","1191","1095","1163","1031","326"
"20201","11470650","신정4동","7226","3988","3238","16","1221","1286","1376","1506","1821","8","376","629","698","817","1460","8","845","657","678","689","361"
"20201","11500611","발산1동","3230","1862","1368","4","229","472","852","1035","638","2","103","237","408","598","514","2","126","235","444","437","124"
"20201","11500593","화곡8동","2037","1114","923","7","298","523","565","373","271","6","135","286","282","223","182","1","163","237","283","150","89"
"20201","11530790","수궁동","3693","2490","1203","23","382","709","841","1029","709","20","234","445","526","700","565","3","148","264","315","329","144"
"20201","11530510","신도림동","13037","8565","4472","38","2126","4038","3175","2358","1302","18","890","2755","2286","1629","987","20","1236","1283","889","729","315"
"20201","11530780","오류2동","2785","1685","1100","4","281","624","732","696","448","1","120","353","422","440","349","3","161","271","310","256","99"
"20201","11545690","시흥3동","7990","4735","3255","17","592","1163","1847","2084","2287","8","314","754","1071","1135","1453","9","278","409","776","949","834"
"20201","11545700","시흥4동","1558","936","622","16","243","318","440","378","163","12","148","218","263","176","119","4","95","100","177","202","44"
"20201","11545710","시흥5동","1721","1012","709","21","247","398","427","359","269","15","130","260","249","185","173","6","117","138","178","174","96"
"20201","11560700","대림1동","2425","937","1488","0","785","549","491","412","188","0","166","197","240","208","126","0","619","352","251","204","62"
"20201","11560610","양평1동","12821","7428","5393","53","2537","2953","2834","2570","1874","22","1298","1886","1691","1321","1210","31","1239","1067","1143","1249","664"
"20201","11590650","사당4동","1399","726","673","5","155","229","303","271","436","4","59","115","137","126","285","1","96","114","166","145","151"
"20201","11590651","사당5동","1931","1038","893","2","242","468","579","457","183","1","112","219","297","257","152","1","130","249","282","200","31"
"20201","11620745","삼성동","1795","991","804","9","195","365","476","476","274","2","83","180","251","260","215","7","112","185","225","216","59"
"20201","11620565","성현동","7335","2785","4550","55","1046","1290","1680","2205","1059","31","479","676","763","595","241","24","567","614","917","1610","818"
"20201","11650660","내곡동","14211","9232","4979","62","2050","2934","2992","3044","3129","53","1454","2116","2049","1745","1815","9","596","818","943","1299","1314"
"20201","11650560","반포1동","7332","4498","2834","9","1338","2420","1829","1125","611","2","633","1581","1213","625","444","7","705","839","616","500","167"
"20201","11650580","반포3동","8637","4815","3822","20","1367","2193","1912","1729","1416","7","578","1294","1265","1001","670","13","789","899","647","728","746"
"20201","11680521","논현1동","41576","24313","17263","162","10856","12491","8831","5739","3497","68","4624","7421","5950","3705","2545","94","6232","5070","2881","2034","952"
"20201","11680600","대치1동","20053","10683","9370","37","3668","6545","4998","3118","1687","15","1378","3248","2827","1994","1221","22","2290","3297","2171","1124","466"
"20201","11680545","압구정동","44490","25047","19443","256","9903","13905","10212","6655","3559","102","3671","7810","6873","4381","2210","154","6232","6095","3339","2274","1349"
"20201","11710570","오금동","27438","19217","8221","45","3630","6522","6925","6613","3703","29","2126","4408","5118","5012","2524","16","1504","2114","1807","1601","1179"
"20201","11710566","오륜동","25084","14536","10548","45","4062","7583","6511","5022","1861","14","1636","3946","4187","3325","1428","31","2426","3637","2324","1697","433"
"20201","11710680","잠실3동","21831","14806","7025","108","3990","5469","5434","4132","2698","48","2079","3783","4024","2965","1907","60","1911","1686","1410","1167","791"
"20201","11740515","강일동","1357","886","471","0","196","292","374","333","162","0","98","199","237","215","137","0","98","93","137","118","25"
"20201","11740550","고덕1동","2188","1136","1052","0","240","487","569","526","366","0","108","271","280","241","236","0","132","216","289","285","130"
"20201","11740685","길동","9468","4805","4663","25","1369","1886","2128","2298","1762","15","541","1001","1136","1055","1057","10","828","885","992","1243","705"
"20201","11740530","명일1동","4220","2357","1863","9","623","1131","1061","762","634","4","293","679","693","390","298","5","330","452","368","372","336"
"20201","11740570","암사1동","3940","2413","1527","6","504","843","830","791","966","2","246","550","529","537","549","4","258","293","301","254","417"
"20201","11110600","가회동","11728","8729","2999","7","1263","4028","3519","2201","710","6","655","2966","2750","1810","542","1","608","1062","769","391","168"
"20201","11110690","창신3동","300","142","158","1","38","80","74","78","29","0","14","34","35","41","18","1","24","46","39","37","11"
"20201","11140550","명동","72930","42220","30710","107","11914","24562","19786","12954","3607","41","4764","12669","12754","9554","2438","66","7150","11893","7032","3400","1169"
"20201","11140570","필동","17346","8148","9198","41","2497","4384","5350","3789","1285","16","843","2169","2511","1781","828","25","1654","2215","2839","2008","457"
"20201","11170570","원효로2동","4609","3303","1306","17","726","1387","1277","740","462","7","416","989","980","547","364","10","310","398","297","193","98"
"20201","11170510","후암동","2324","1371","953","9","361","509","641","516","288","7","137","304","418","306","199","2","224","205","223","210","89"
"20201","11200540","마장동","7683","5451","2232","32","651","1345","1769","2510","1376","28","387","920","1288","1803","1025","4","264","425","481","707","351"
"20201","11200550","사근동","2650","1837","813","2","159","472","841","788","388","2","59","297","569","596","314","0","100","175","272","192","74"
"20201","11200535","왕십리도선동","5949","2726","3223","23","982","1143","1247","1456","1098","4","341","631","669","614","467","19","641","512","578","842","631"
"20201","11215850","구의1동","3628","2155","1473","9","515","899","1000","818","387","8","269","519","553","530","276","1","246","380","447","288","111"
"20201","11230740","이문1동","4076","1851","2225","3","781","1042","1081","784","385","2","164","402","537","471","275","1","617","640","544","313","110"
"20201","11230705","청량리동","4909","2614","2295","7","873","1407","941","916","765","5","334","799","527","516","433","2","539","608","414","400","332"
"20201","11260575","면목3?8동","3459","2159","1300","7","341","614","876","936","685","2","118","323","518","673","525","5","223","291","358","263","160"
"20201","11260690","신내2동","3776","2095","1681","8","503","948","927","926","464","5","209","446","476","601","358","3","294","502","451","325","106"
"20201","11260600","중화1동","1955","1034","921","0","231","422","496","461","345","0","87","173","241","257","276","0","144","249","255","204","69"
"20201","11290580","돈암1동","2329","1067","1262","9","677","705","484","321","133","0","162","352","257","181","115","9","515","353","227","140","18"
"20201","11290590","돈암2동","11726","7090","4636","44","1806","2813","3721","2083","1259","13","834","1672","2483","1535","553","31","972","1141","1238","548","706"
"20201","11305545","송중동","2249","1126","1123","13","239","363","636","577","421","11","98","158","279","282","298","2","141","205","357","295","123"
"20201","11320513","창3동","775","403","372","1","82","159","233","192","108","0","23","87","136","93","64","1","59","72","97","99","44"
"20201","11350665","상계3?4동","2343","1623","720","1","143","225","563","854","557","0","53","113","356","647","454","1","90","112","207","207","103"
"20201","11380631","신사1동","2475","1318","1157","2","267","513","566","607","520","0","108","252","308","291","359","2","159","261","258","316","161"
"20201","11380632","신사2동","1918","1332","586","5","228","379","473","475","358","5","169","255","279","313","311","0","59","124","194","162","47"
"20201","11380625","역촌동","4694","2257","2437","13","779","952","1204","1060","686","3","282","432","566","512","462","10","497","520","638","548","224"
"20201","11410520","천연동","1823","985","838","2","163","301","468","629","260","2","55","136","264","369","159","0","108","165","204","260","101"
"20201","11410685","홍은2동","5835","3769","2066","38","926","1570","1420","1250","631","32","524","1029","916","820","448","6","402","541","504","430","183"
"20201","11410640","홍제3동","1201","596","605","4","116","149","247","307","378","1","41","59","115","157","223","3","75","90","132","150","155"
"20201","11440555","아현동","11780","6477","5303","23","2240","3776","3328","2004","409","9","975","2113","1872","1217","291","14","1265","1663","1456","787","118"
"20201","11440680","합정동","5738","3211","2527","14","955","1644","1487","1049","589","11","379","809","935","673","404","3","576","835","552","376","185"
"20201","11470520","목2동","5530","3082","2448","4","766","1343","1466","1257","694","3","362","729","810","727","451","1","404","614","656","530","243"
"20201","11500603","가양1동","5337","3304","2033","4","589","1111","1212","1288","1133","2","247","674","720","830","831","2","342","437","492","458","302"
"20201","11500605","가양3동","3216","2060","1156","13","542","708","898","664","391","7","352","475","573","394","259","6","190","233","325","270","132"
"20201","11530720","고척1동","7767","5490","2277","7","690","1575","2040","2362","1093","5","361","1045","1423","1771","885","2","329","530","617","591","208"
"20201","11545640","독산4동","1765","991","774","2","225","303","376","416","443","1","128","180","220","205","257","1","97","123","156","211","186"
"20201","11560710","대림2동","4606","2336","2270","27","855","1092","1021","707","904","8","328","577","443","397","583","19","527","515","578","310","321"
"20201","11560720","대림3동","6057","3897","2160","17","635","1258","1552","1442","1153","5","328","877","1105","901","681","12","307","381","447","541","472"
"20201","11560515","영등포본동","5708","3229","2479","36","808","1406","1461","1375","622","15","347","711","835","853","468","21","461","695","626","522","154"
"20201","11590520","노량진2동","4687","2431","2256","11","746","1363","1135","951","481","3","389","592","527","608","312","8","357","771","608","343","169"
"20201","11590620","사당1동","3916","2054","1862","9","659","963","1044","718","523","4","217","469","523","427","414","5","442","494","521","291","109"
"20201","11590550","상도3동","1371","776","595","1","119","278","361","320","292","1","68","182","212","159","154","0","51","96","149","161","138"
"20201","11590680","신대방2동","22031","14020","8011","54","4027","4597","4124","5144","4085","30","3041","3521","2633","2623","2172","24","986","1076","1491","2521","1913"
"20201","11620775","난곡동","1481","807","674","0","165","296","361","425","234","0","68","153","180","237","169","0","97","143","181","188","65"
"20201","11620765","미성동","3689","2177","1512","28","364","650","866","953","828","22","226","379","483","494","573","6","138","271","383","459","255"
"20201","11650620","방배3동","17809","11648","6161","114","2781","5297","4805","2896","1916","37","1413","3322","3453","1995","1428","77","1368","1975","1352","901","488"
"20201","11680670","개포2동","9490","6220","3270","35","1658","2701","2271","1757","1068","14","884","1810","1564","1122","826","21","774","891","707","635","242"
"20201","11680630","대치4동","33305","20468","12837","149","5336","9904","9047","5656","3213","21","2296","5995","6187","3965","2004","128","3040","3909","2860","1691","1209"
"20201","11680655","도곡1동","40888","28978","11910","97","6985","9515","11398","10350","2543","71","3545","6237","8574","8481","2070","26","3440","3278","2824","1869","473"
"20201","11710532","거여2동","2952","1523","1429","13","377","486","723","879","474","6","209","286","369","394","259","7","168","200","354","485","215"
"20201","11710641","문정1동","34975","27013","7962","17","3178","6528","10070","13196","1986","9","1869","4711","7830","11299","1295","8","1309","1817","2240","1897","691"
"20201","11740540","명일2동","2874","1969","905","5","337","819","768","610","335","3","172","581","558","393","262","2","165","238","210","217","73"
"20201","11740660","성내3동","4641","2789","1852","15","658","1034","1162","962","810","13","344","656","703","541","532","2","314","378","459","421","278"
"20201","11740610","천호2동","3817","1970","1847","14","484","802","933","884","700","8","199","378","464","440","481","6","285","424","469","444","219"
"20201","11740620","천호3동","2763","1566","1197","3","170","305","475","502","1308","3","64","139","236","255","869","0","106","166","239","247","439"
"20202","11110530","사직동","47822","29932","17890","53","6303","13536","14415","9470","4045","14","2635","8315","9863","6619","2486","39","3668","5221","4552","2851","1559"
"20202","11170700","보광동","1059","532","527","1","137","225","268","258","170","1","26","109","139","145","112","0","111","116","129","113","58"
"20202","11170520","용산2가동","1795","1266","529","0","150","298","628","603","116","0","59","164","490","472","81","0","91","134","138","131","35"
"20202","11170640","이촌2동","2906","1976","930","8","411","803","858","630","196","3","184","508","647","491","143","5","227","295","211","139","53"
"20202","11200615","금호2?3가동","697","365","332","0","81","125","162","160","169","0","19","50","81","89","126","0","62","75","81","71","43"
"20202","11200645","옥수동","4791","1847","2944","5","1224","1430","1086","718","328","0","306","528","505","336","172","5","918","902","581","382","156"
"20202","11215810","광장동","16633","10092","6541","181","5160","4368","3223","2556","1145","56","2475","2824","2177","1712","848","125","2685","1544","1046","844","297"
"20202","11215830","자양2동","5005","3083","1922","20","716","1123","1284","1268","594","12","473","710","764","692","432","8","243","413","520","576","162"
"20202","11215847","자양4동","1152","729","423","6","101","178","269","290","308","5","46","95","157","184","242","1","55","83","112","106","66"
"20202","11215740","중곡1동","5496","2668","2828","82","1416","1044","1099","1287","568","28","605","563","545","517","410","54","811","481","554","770","158"
"20202","11230536","용신동","23899","12377","11522","56","2872","5303","5905","5893","3870","28","1358","3033","3112","2709","2137","28","1514","2270","2793","3184","1733"
"20202","11230720","휘경1동","1421","830","591","5","153","273","354","367","269","1","58","153","224","248","146","4","95","120","130","119","123"
"20202","11230730","휘경2동","4402","2273","2129","7","589","968","1138","1052","648","4","174","461","596","562","476","3","415","507","542","490","172"
"20202","11260655","망우본동","3417","1787","1630","14","378","624","763","1020","618","1","129","239","359","562","497","13","249","385","404","458","121"
"20202","11260570","면목7동","1410","772","638","2","173","268","338","383","246","2","59","120","177","222","192","0","114","148","161","161","54"
"20202","11260630","묵2동","2062","1388","674","1","299","504","494","556","208","1","171","341","326","406","143","0","128","163","168","150","65"
"20202","11260680","신내1동","4245","2030","2215","1","751","928","780","1114","671","1","204","390","376","549","510","0","547","538","404","565","161"
"20202","11290685","길음2동","722","307","415","3","80","138","190","198","113","2","35","58","87","70","55","1","45","80","103","128","58"
"20202","11290525","성북동","23717","18050","5667","44","3093","5817","6878","6849","1036","13","1710","4056","5451","6104","716","31","1383","1761","1427","745","320"
"20202","11290780","장위3동","1195","728","467","6","175","228","252","297","237","2","65","121","143","188","209","4","110","107","109","109","28"
"20202","11290705","종암동","22158","11647","10511","63","1867","5592","7813","6324","499","13","799","2048","3570","4921","296","50","1068","3544","4243","1403","203"
"20202","11305535","미아동","1850","1039","811","2","199","342","519","499","289","2","86","168","289","302","192","0","113","174","230","197","97"
"20202","11305608","번3동","1263","689","574","11","130","211","308","355","248","7","51","100","168","196","167","4","79","111","140","159","81"
"20202","11305660","인수동","4298","2498","1800","5","441","856","1098","1224","674","3","164","453","662","728","488","2","277","403","436","496","186"
"20202","11320690","방학1동","6582","3804","2778","14","664","1442","1618","1954","890","11","355","839","836","1104","659","3","309","603","782","850","231"
"20202","11320670","쌍문2동","1469","825","644","1","171","253","341","415","288","0","53","115","179","260","218","1","118","138","162","155","70"
"20202","11350720","상계10동","1064","449","615","0","164","226","285","302","87","0","35","95","112","144","63","0","129","131","173","158","24"
"20202","11350570","월계2동","1268","617","651","8","146","281","342","348","143","6","54","111","154","182","110","2","92","170","188","166","33"
"20202","11410710","북가좌1동","1739","1357","382","0","49","113","193","345","1039","0","16","52","88","234","967","0","33","61","105","111","72"
"20202","11410655","홍제2동","739","379","360","0","113","162","187","163","114","0","40","107","95","79","58","0","73","55","92","84","56"
"20202","11440585","도화동","13141","7986","5155","24","2416","3200","3302","2929","1270","12","1264","2199","2176","1526","809","12","1152","1001","1126","1403","461"
"20202","11440740","상암동","15320","9403","5917","39","3231","5547","4162","1731","610","17","1420","3496","2771","1209","490","22","1811","2051","1391","522","120"
"20202","11440660","서교동","26960","13797","13163","135","5627","7574","6249","4402","2973","88","2301","3787","3449","2331","1841","47","3326","3787","2800","2071","1132"
"20202","11440710","연남동","3213","1975","1238","4","517","760","777","678","477","4","232","412","461","463","403","0","285","348","316","215","74"
"20202","11500535","등촌3동","15368","8147","7221","44","1901","3264","3431","3801","2927","22","831","1785","2013","1850","1646","22","1070","1479","1418","1951","1281"
"20202","11500640","방화2동","3390","2190","1200","9","367","654","764","880","716","8","200","392","490","561","539","1","167","262","274","319","177"
"20202","11500641","방화3동","5011","3236","1775","7","488","1063","1262","1375","816","5","248","561","780","968","674","2","240","502","482","407","142"
"20202","11500570","화곡4동","2710","1207","1503","3","637","730","552","506","282","2","151","317","267","269","201","1","486","413","285","237","81"
"20202","11500590","화곡본동","2983","1681","1302","13","337","586","716","710","621","11","127","318","406","374","445","2","210","268","310","336","176"
"20202","11530595","가리봉동","972","454","518","1","95","161","224","209","282","0","42","74","102","83","153","1","53","87","122","126","129"
"20202","11530520","구로1동","4769","2813","1956","5","551","1184","1128","986","915","3","307","754","763","603","383","2","244","430","365","383","532"
"20202","11530770","오류1동","4294","2719","1575","14","556","798","1050","1234","642","7","393","537","636","709","437","7","163","261","414","525","205"
"20202","11560650","신길3동","1332","863","469","2","100","223","302","327","378","2","41","133","192","209","286","0","59","90","110","118","92"
"20202","11560690","신길7동","2693","1837","856","6","318","515","610","768","476","4","198","350","406","493","386","2","120","165","204","275","90"
"20202","11590530","상도1동","6189","3568","2621","10","958","1525","1507","1366","823","2","406","854","904","844","558","8","552","671","603","522","265"
"20202","11620525","보라매동","1838","943","895","8","253","408","426","448","295","3","107","206","219","212","196","5","146","202","207","236","99"
"20202","11620695","신림동","1946","1168","778","4","173","275","462","443","589","1","63","144","255","257","448","3","110","131","207","186","141"
"20202","11620615","중앙동","1420","666","754","3","174","256","327","381","279","2","71","125","154","182","132","1","103","131","173","199","147"
"20202","11620545","청림동","2705","1543","1162","4","408","900","885","393","115","3","178","504","529","253","76","1","230","396","356","140","39"
"20202","11650600","방배1동","19003","12553","6450","92","3748","5826","4604","3465","1268","61","1778","3553","3393","2828","940","31","1970","2273","1211","637","328"
"20202","11650531","서초4동","37488","21433","16055","138","7320","11471","9418","6641","2500","63","2783","6553","6110","4162","1762","75","4537","4918","3308","2479","738"
"20202","11680531","논현2동","55372","35328","20044","151","10602","16012","13330","8967","6310","47","4602","9575","9465","6803","4836","104","6000","6437","3865","2164","1474"
"20202","11680580","삼성1동","130157","87840","42317","310","26223","39031","34864","23107","6622","153","14094","25801","25719","18114","3959","157","12129","13230","9145","4993","2663"
"20202","11710631","가락1동","5913","4134","1779","0","404","1101","1627","1695","1086","0","271","843","1198","1111","711","0","133","258","429","584","375"
"20202","11710540","마천1동","955","471","484","2","112","201","273","249","118","1","46","98","129","118","79","1","66","103","144","131","39"
"20202","11710510","풍납1동","1718","964","754","1","228","386","435","451","217","1","120","208","229","240","166","0","108","178","206","211","51"
"20202","11710520","풍납2동","23596","11568","12028","3","5113","8054","5886","3553","987","0","1384","4183","3091","2173","737","3","3729","3871","2795","1380","250"
"20202","11740640","성내1동","17072","11605","5467","42","2020","3567","3667","4407","3369","17","1169","2225","2403","3188","2603","25","851","1342","1264","1219","766"
"20202","11110570","무악동","608","169","439","7","168","169","147","80","37","6","35","32","47","26","23","1","133","137","100","54","14"
"20202","11140665","동화동","1504","682","822","2","239","362","395","319","187","1","62","126","191","176","126","1","177","236","204","143","61"
"20202","11140635","약수동","17658","6830","10828","51","2837","6596","4891","2424","859","11","862","2322","1622","1389","624","40","1975","4274","3269","1035","235"
"20202","11140605","을지로동","15914","8662","7252","70","3844","3863","3457","2755","1925","17","1005","2127","2244","1916","1353","53","2839","1736","1213","839","572"
"20202","11170530","남영동","21173","8924","12249","187","8038","5217","4031","2705","995","22","1507","2802","2399","1454","740","165","6531","2415","1632","1251","255"
"20202","11170685","한남동","41934","30661","11273","135","6886","12388","11000","9625","1900","89","3268","8250","8923","8616","1515","46","3618","4138","2077","1009","385"
"20202","11200650","성수1가1동","3550","2228","1322","3","452","745","793","940","617","1","207","466","510","640","404","2","245","279","283","300","213"
"20202","11200520","왕십리2동","1259","746","513","2","175","319","360","269","134","2","85","169","221","170","99","0","90","150","139","99","35"
"20202","11200580","응봉동","1688","695","993","12","400","449","373","285","169","2","89","156","175","146","127","10","311","293","198","139","42"
"20202","11200560","행당1동","2359","1588","771","1","298","491","600","671","298","0","148","303","414","507","216","1","150","188","186","164","82"
"20202","11215870","구의3동","12940","7885","5055","27","1521","2728","3129","3229","2306","8","873","1900","2126","1661","1317","19","648","828","1003","1568","989"
"20202","11230660","장안2동","6304","3377","2927","46","1936","1218","1256","1163","685","27","1005","698","580","567","500","19","931","520","676","596","185"
"20202","11290715","월곡1동","2594","1577","1017","4","204","338","530","555","963","4","76","163","278","360","696","0","128","175","252","195","267"
"20202","11290770","장위2동","1746","1050","696","3","158","292","415","420","458","2","57","144","233","260","354","1","101","148","182","160","104"
"20202","11290640","정릉3동","2441","1649","792","15","383","695","593","440","315","14","207","494","418","314","202","1","176","201","175","126","113"
"20202","11305595","번1동","2555","1499","1056","2","322","516","510","657","548","0","139","316","307","420","317","2","183","200","203","237","231"
"20202","11305575","삼각산동","1296","708","588","1","227","343","406","210","109","0","93","192","227","105","91","1","134","151","179","105","18"
"20202","11305625","수유2동","2222","1180","1042","1","105","171","422","658","865","0","30","90","266","448","346","1","75","81","156","210","519"
"20202","11305645","우이동","2841","1745","1096","4","171","263","394","669","1340","3","51","126","214","460","891","1","120","137","180","209","449"
"20202","11320515","창5동","7114","4495","2619","9","821","1589","1757","1497","1441","7","428","1090","1177","820","973","2","393","499","580","677","468"
"20202","11350595","공릉1동","6301","3404","2897","8","659","982","1376","1729","1547","4","299","541","682","893","985","4","360","441","694","836","562"
"20202","11350700","상계8동","1180","616","564","3","167","344","290","263","113","1","59","215","121","143","77","2","108","129","169","120","36"
"20202","11410690","남가좌1동","3997","2401","1596","11","278","509","695","992","1512","8","190","341","440","522","900","3","88","168","255","470","612"
"20202","11440565","공덕동","14467","8329","6138","84","3210","3917","3860","2545","851","33","1283","2076","2451","1878","608","51","1927","1841","1409","667","243"
"20202","11440610","염리동","3956","2587","1369","75","736","884","795","861","605","27","372","596","586","593","413","48","364","288","209","268","192"
"20202","11470550","목5동","31153","18954","12199","114","5058","8049","7547","6516","3869","55","2331","4850","4764","4269","2685","59","2727","3199","2783","2247","1184"
"20202","11470570","신월2동","2996","1737","1259","12","259","472","804","817","632","9","142","279","419","437","451","3","117","193","385","380","181"
"20202","11470670","신정6동","18155","11030","7125","92","3488","5238","4247","3672","1418","74","1698","3218","2712","2347","981","18","1790","2020","1535","1325","437"
"20202","11500540","화곡1동","5031","2822","2209","21","535","1016","1247","1402","810","17","249","591","676","789","500","4","286","425","571","613","310"
"20202","11530750","개봉2동","8038","3972","4066","37","1415","1946","1909","1903","828","17","804","1236","844","639","432","20","611","710","1065","1264","396"
"20202","11530730","고척2동","3143","1958","1185","10","356","698","794","841","444","7","220","440","469","485","337","3","136","258","325","356","107"
"20202","11530560","구로5동","14392","9095","5297","44","2014","3370","3745","3190","2029","33","1138","2322","2481","1889","1232","11","876","1048","1264","1301","797"
"20202","11560620","양평2동","14774","8451","6323","38","2693","4021","4060","2540","1422","15","1180","2429","2300","1491","1036","23","1513","1592","1760","1049","386"
"20202","11560535","영등포동","14217","7943","6274","48","2615","3539","3349","2794","1872","14","977","1979","2088","1652","1233","34","1638","1560","1261","1142","639"
"20202","11590670","신대방1동","7418","4694","2724","24","1422","2370","1722","1183","697","14","724","1528","1188","772","468","10","698","842","534","411","229"
"20202","11620645","서원동","2912","1206","1706","5","563","630","529","646","539","2","143","260","265","235","301","3","420","370","264","411","238"
"20202","11620625","인헌동","3435","1976","1459","13","701","985","867","536","333","5","324","608","515","277","247","8","377","377","352","259","86"
"20202","11620595","청룡동","6665","3660","3005","8","1087","1894","1590","1510","576","3","433","957","884","988","395","5","654","937","706","522","181"
"20202","11650570","반포2동","9861","5872","3989","18","1652","3059","2563","1656","913","10","723","1849","1650","999","641","8","929","1210","913","657","272"
"20202","11650520","서초2동","67858","45080","22778","159","14201","22383","16994","10387","3734","54","7752","15121","11691","7781","2681","105","6449","7262","5303","2606","1053"
"20202","11650652","양재2동","43401","32515","10886","106","5761","10598","12175","11422","3339","59","3488","7792","9341","9309","2526","47","2273","2806","2834","2113","813"
"20202","11680740","일원2동","5600","3682","1918","17","832","1447","1587","1319","398","5","407","891","1091","992","296","12","425","556","496","327","102"
"20202","11710620","가락본동","27955","16882","11073","89","3790","6716","6396","5452","5512","37","1813","4194","4281","3158","3399","52","1977","2522","2115","2294","2113"
"20202","11710562","방이2동","24911","14324","10587","53","4019","6387","5622","5295","3535","37","2261","4157","3442","2476","1951","16","1758","2230","2180","2819","1584"
"20202","11710670","잠실2동","7793","5196","2597","10","1494","2265","2042","1556","426","9","938","1589","1387","1026","247","1","556","676","655","530","179"
"20202","11740600","천호1동","2450","1407","1043","6","246","461","597","573","567","1","100","239","304","336","427","5","146","222","293","237","140"
"20202","11110540","삼청동","5862","4751","1111","3","726","1549","1817","1381","386","0","460","1187","1543","1230","331","3","266","362","274","151","55"
"20202","11110630","종로5?6가동","15588","9737","5851","407","3613","4484","3824","2369","891","114","1498","2891","2796","1819","619","293","2115","1593","1028","550","272"
"20202","11110670","창신1동","1307","566","741","1","117","231","397","315","246","0","47","88","128","140","163","1","70","143","269","175","83"
"20202","11110650","혜화동","6669","3263","3406","30","1094","1790","1598","1324","833","22","380","867","848","687","459","8","714","923","750","637","374"
"20202","11170690","서빙고동","14416","9448","4968","37","2566","4289","4433","2273","818","15","1228","2510","3241","1816","638","22","1338","1779","1192","457","180"
"20202","11170590","용문동","2710","1570","1140","11","527","732","741","503","196","7","221","430","439","338","135","4","306","302","302","165","61"
"20202","11170560","원효로1동","4677","3188","1489","21","727","1266","1220","852","591","12","430","908","848","583","407","9","297","358","372","269","184"
"20202","11170630","이촌1동","10866","6950","3916","53","1764","2919","3039","2219","872","34","876","1798","2142","1493","607","19","888","1121","897","726","265"
"20202","11170555","청파동","4834","2581","2253","14","753","1213","1147","1014","693","8","264","562","606","621","520","6","489","651","541","393","173"
"20202","11200590","금호1가동","2304","858","1446","15","272","750","937","260","70","0","88","248","371","102","49","15","184","502","566","158","21"
"20202","11200720","송정동","1247","754","493","1","181","290","313","250","212","0","88","178","172","148","168","1","93","112","141","102","44"
"20202","11215770","중곡4동","5044","2482","2562","6","871","1221","1285","1169","492","4","254","568","628","634","394","2","617","653","657","535","98"
"20202","11215710","화양동","2662","1687","975","9","348","425","650","775","455","4","133","230","426","533","361","5","215","195","224","242","94"
"20202","11230610","답십리2동","4215","3060","1155","32","687","954","962","850","730","28","504","727","697","583","521","4","183","227","265","267","209"
"20202","11230750","이문2동","2210","1168","1042","2","268","474","498","560","408","1","93","229","233","307","305","1","175","245","265","253","103"
"20202","11230650","장안1동","10768","6778","3990","34","1470","2114","2327","2359","2464","26","880","1351","1448","1427","1646","8","590","763","879","932","818"
"20202","11260540","면목4동","1624","1162","462","2","121","264","432","588","217","1","55","160","292","481","173","1","66","104","140","107","44"
"20202","11290660","길음1동","6329","3095","3234","419","2211","1546","1057","690","406","176","957","813","522","320","307","243","1254","733","535","370","99"
"20202","11290610","보문동","6952","5271","1681","6","667","2047","1463","1460","1309","2","365","1644","1172","1170","918","4","302","403","291","290","391"
"20202","11290555","삼선동","6459","3237","3222","8","699","1546","1938","1603","665","4","247","667","937","1001","381","4","452","879","1001","602","284"
"20202","11290760","장위1동","1324","690","634","2","238","278","309","277","220","1","110","154","156","135","134","1","128","124","153","142","86"
"20202","11290630","정릉2동","1757","773","984","0","286","418","473","380","200","0","74","179","186","185","149","0","212","239","287","195","51"
"20202","11305603","번2동","1380","655","725","1","201","205","357","391","225","0","85","107","157","187","119","1","116","98","200","204","106"
"20202","11350630","상계1동","5569","3527","2042","23","644","1148","1345","1414","995","18","369","775","875","881","609","5","275","373","470","533","386"
"20202","11350670","상계5동","1861","927","934","5","128","213","314","464","737","2","52","114","139","210","410","3","76","99","175","254","327"
"20202","11350695","상계6?7동","6346","2810","3536","19","890","1498","1624","1611","704","11","233","564","725","883","394","8","657","934","899","728","310"
"20202","11350560","월계1동","2778","1511","1267","13","430","656","717","544","418","5","200","395","362","278","271","8","230","261","355","266","147"
"20202","11350624","중계4동","2064","1128","936","12","201","421","483","539","408","7","75","203","253","283","307","5","126","218","230","256","101"
"20202","11350612","하계2동","1414","910","504","2","145","263","384","465","155","0","82","161","240","294","133","2","63","102","144","171","22"
"20202","11380570","대조동","2617","1284","1333","5","323","553","704","596","436","4","119","269","331","267","294","1","204","284","373","329","142"
"20202","11380640","증산동","2848","1844","1004","2","364","748","783","642","309","2","169","501","515","424","233","0","195","247","268","218","76"
"20202","11410585","신촌동","5047","2648","2399","12","786","1329","1274","1079","567","7","305","582","652","701","401","5","481","747","622","378","166"
"20202","11410620","홍제1동","2477","1275","1202","5","265","373","628","847","359","2","77","175","328","475","218","3","188","198","300","372","141"
"20202","11440690","망원1동","3153","1750","1403","10","855","862","647","467","312","3","496","462","313","276","200","7","359","400","334","191","112"
"20202","11440730","성산2동","2757","1239","1518","5","275","511","724","838","404","3","99","251","327","330","229","2","176","260","397","508","175"
"20202","11470510","목1동","17427","11303","6124","49","3004","4738","4346","3560","1730","31","1399","3112","3084","2553","1124","18","1605","1626","1262","1007","606"
"20202","11470600","신월5동","2190","1209","981","8","278","535","546","550","273","5","127","267","283","322","205","3","151","268","263","228","68"
"20202","11470610","신월6동","1115","652","463","1","118","205","253","306","232","0","45","105","138","173","191","1","73","100","115","133","41"
"20202","11470680","신정7동","5753","3432","2321","14","656","1376","1762","1305","640","8","306","770","1070","807","471","6","350","606","692","498","169"
"20202","11500620","공항동","33826","17706","16120","10","5671","11101","9233","6573","1238","2","1358","4648","5380","5415","903","8","4313","6453","3853","1158","335"
"20202","11500530","등촌2동","4992","2944","2048","6","614","985","1193","1272","922","2","259","533","721","804","625","4","355","452","472","468","297"
"20202","11500615","우장산동","6277","3448","2829","6","1358","1416","1329","1316","852","4","515","819","782","778","550","2","843","597","547","538","302"
"20202","11500550","화곡2동","1532","914","618","6","188","416","397","369","156","3","108","271","238","193","101","3","80","145","159","176","55"
"20202","11500591","화곡6동","10754","6820","3934","35","1515","2863","2741","2431","1169","9","750","1821","1754","1606","880","26","765","1042","987","825","289"
"20202","11530760","개봉3동","1995","1198","797","5","278","485","501","427","299","5","136","299","299","240","219","0","142","186","202","187","80"
"20202","11560630","신길1동","3535","1563","1972","4","633","842","785","696","575","0","202","405","373","294","289","4","431","437","412","402","286"
"20202","11560670","신길5동","1404","679","725","2","140","296","455","347","164","1","69","136","164","177","132","1","71","160","291","170","32"
"20202","11560540","여의동","217817","154569","63248","520","40050","78066","55998","33396","9787","195","22109","55804","43252","26581","6628","325","17941","22262","12746","6815","3159"
"20202","11620585","낙성대동","10344","5721","4623","20","1677","3541","2220","1585","1301","10","761","1862","1167","922","999","10","916","1679","1053","663","302"
"20202","11620685","신사동","4234","2870","1364","2","678","1206","1226","768","354","2","298","818","953","572","227","0","380","388","273","196","127"
"20202","11620605","은천동","4644","2204","2440","12","629","867","980","1276","880","1","210","402","501","575","515","11","419","465","479","701","365"
"20202","11650590","방배본동","28234","15628","12606","120","5284","7281","7505","5047","2997","82","1798","3804","4370","3275","2299","38","3486","3477","3135","1772","698"
"20202","11680610","대치2동","92377","51697","40680","530","16781","25425","21288","17434","10919","232","7729","15578","13694","8997","5467","298","9052","9847","7594","8437","5452"
"20202","11680590","삼성2동","62165","35711","26454","150","12530","20151","15787","8793","4754","61","5197","11854","10528","4946","3125","89","7333","8297","5259","3847","1629"
"20202","11680700","세곡동","1534","879","655","10","124","276","310","436","378","5","55","140","178","256","245","5","69","136","132","180","133"
"20202","11680650","역삼2동","51209","30365","20844","208","11790","14220","12162","9047","3782","85","5685","9112","8095","4730","2658","123","6105","5108","4067","4317","1124"
"20202","11680730","일원1동","2518","1370","1148","4","343","476","566","543","586","2","149","251","293","284","391","2","194","225","273","259","195"
"20202","11680565","청담동","57122","32691","24431","172","11877","18886","14178","8558","3451","72","4465","10782","9320","5650","2402","100","7412","8104","4858","2908","1049"
"20202","11710531","거여1동","3835","2832","1003","11","951","1067","919","530","357","9","659","841","701","364","258","2","292","226","218","166","99"
"20202","11710647","위례동","1268","1216","52","0","4","80","347","681","156","0","4","78","336","650","148","0","0","2","11","31","8"
"20202","11710690","잠실4동","9652","7756","1896","42","1285","3032","2803","2051","439","18","925","2493","2310","1675","335","24","360","539","493","376","104"
"20202","11710710","잠실6동","46691","24881","21810","93","7429","12391","13316","11902","1560","29","3439","7617","7686","4936","1174","64","3990","4774","5630","6966","386"
"20202","11710650","잠실본동","9422","6016","3406","45","1284","1797","2201","2088","2007","4","575","1097","1382","1438","1520","41","709","700","819","650","487"
"20202","11710646","장지동","6769","4617","2152","13","730","1085","1597","1784","1560","4","406","721","1070","1256","1160","9","324","364","527","528","400"
"20202","11740590","암사3동","3192","1912","1280","6","286","449","571","829","1051","3","146","269","312","478","704","3","140","180","259","351","347"
"20202","11140670","황학동","1714","1102","612","1","271","455","422","342","223","1","157","285","265","225","169","0","114","170","157","117","54"
"20202","11140540","회현동","58705","36279","22426","199","10994","20696","16047","8525","2244","68","5132","12355","10455","6703","1566","131","5862","8341","5592","1822","678"
"20202","11200690","성수2가3동","23863","15312","8551","83","3917","6067","5966","4768","3062","63","2176","4061","4011","2880","2121","20","1741","2006","1955","1888","941"
"20202","11215840","자양3동","3370","2410","960","8","406","863","937","843","313","3","252","605","689","618","243","5","154","258","248","225","70"
"20202","11260580","상봉1동","2499","1715","784","14","303","440","514","655","573","11","193","268","289","450","504","3","110","172","225","205","69"
"20202","11260590","상봉2동","5328","3673","1655","17","631","1376","1754","1205","345","13","369","964","1173","877","277","4","262","412","581","328","68"
"20202","11290600","안암동","4686","3030","1656","8","655","1203","1295","1013","512","3","333","745","832","715","402","5","322","458","463","298","110"
"20202","11320710","방학3동","3005","1804","1201","10","510","688","696","694","407","9","324","395","438","336","302","1","186","293","258","358","105"
"20202","11320680","쌍문3동","2022","963","1059","4","437","452","474","472","183","3","113","208","246","266","127","1","324","244","228","206","56"
"20202","11350710","상계9동","2626","1662","964","2","339","658","654","741","232","2","184","418","385","493","180","0","155","240","269","248","52"
"20202","11350580","월계3동","1502","756","746","1","166","265","395","434","241","1","63","137","182","228","145","0","103","128","213","206","96"
"20202","11350625","중계2?3동","2225","1256","969","5","288","582","570","571","209","4","170","349","294","305","134","1","118","233","276","266","75"
"20202","11380580","응암1동","2895","1605","1290","7","306","489","680","669","744","5","141","230","355","339","535","2","165","259","325","330","209"
"20202","11410615","연희동","14856","9739","5117","82","2345","3661","3196","4080","1492","43","1297","2440","1997","2924","1038","39","1048","1221","1199","1156","454"
"20202","11410660","홍은1동","7584","1500","6084","3","262","551","2062","3659","1047","1","98","189","374","439","399","2","164","362","1688","3220","648"
"20202","11440600","대흥동","5628","2774","2854","65","2228","1272","827","772","464","22","867","656","452","470","307","43","1361","616","375","302","157"
"20202","11440700","망원2동","5201","3099","2102","17","652","971","1126","1574","861","10","356","715","787","730","501","7","296","256","339","844","360"
"20202","11470611","신월7동","4357","2856","1501","4","467","719","894","1036","1237","3","345","547","587","630","744","1","122","172","307","406","493"
"20202","11470630","신정2동","13985","8015","5970","66","2513","4519","3729","2456","702","30","1020","2487","2309","1628","541","36","1493","2032","1420","828","161"
"20202","11530550","구로4동","2159","1229","930","5","243","425","532","527","427","3","112","228","294","293","299","2","131","197","238","234","128"
"20202","11545510","가산동","84451","55529","28922","300","16641","26228","20890","12369","8023","193","8827","17613","15063","8220","5613","107","7814","8615","5827","4149","2410"
"20202","11545620","독산2동","1789","993","796","1","230","372","417","495","274","0","125","176","207","282","203","1","105","196","210","213","71"
"20202","11545680","시흥2동","3435","2024","1411","4","342","681","873","1027","508","3","199","387","492","597","346","1","143","294","381","430","162"
"20202","11560585","도림동","1619","1028","591","12","144","272","393","413","385","10","65","165","247","262","279","2","79","107","146","151","106"
"20202","11560605","문래동","81647","59216","22431","162","12600","26629","25117","12877","4262","62","7033","20252","20512","8694","2663","100","5567","6377","4605","4183","1599"
"20202","11590660","대방동","11271","7474","3797","22","1880","3051","2637","2515","1166","7","998","2084","1836","1812","737","15","882","967","801","703","429"
"20202","11590560","상도4동","2530","1503","1027","3","355","559","610","636","367","2","174","328","367","445","187","1","181","231","243","191","180"
"20202","11620735","대학동","3077","2250","827","3","433","739","863","742","297","1","256","500","673","587","233","2","177","239","190","155","64"
"20202","11620665","서림동","1808","1022","786","8","273","316","451","387","373","2","137","168","241","231","243","6","136","148","210","156","130"
"20202","11650621","방배4동","21837","13492","8345","61","3771","6017","5424","4166","2398","27","1599","3546","3678","2918","1724","34","2172","2471","1746","1248","674"
"20202","11650651","양재1동","33395","21554","11841","445","7793","9217","7561","4987","3392","215","3960","6187","5334","3319","2539","230","3833","3030","2227","1668","853"
"20202","11680660","개포1동","18376","11295","7081","74","2873","4869","4780","3809","1971","30","1298","2691","3296","2574","1406","44","1575","2178","1484","1235","565"
"20202","11680656","도곡2동","192577","131699","60878","923","36796","75687","55314","19948","3909","583","19659","51843","42526","14511","2577","340","17137","23844","12788","5437","1332"
"20202","11680640","역삼1동","170825","101049","69776","494","34443","51961","43997","29792","10138","189","16474","32429","28719","16126","7112","305","17969","19532","15278","13666","3026"
"20202","11680720","일원본동","36779","20548","16231","181","9454","10978","8976","5878","1312","82","3541","6120","5771","4133","901","99","5913","4858","3205","1745","411"
"20202","11710550","마천2동","2599","1634","965","1","266","601","708","658","365","0","158","375","403","395","303","1","108","226","305","263","62"
"20202","11710561","방이1동","9129","6671","2458","30","952","1771","2392","2432","1552","19","450","1125","1786","1953","1338","11","502","646","606","479","214"
"20202","11710580","송파1동","8660","5413","3247","19","1228","1938","2145","1877","1453","8","530","1150","1399","1255","1071","11","698","788","746","622","382"
"20202","11740690","둔촌1동","1519","845","674","2","191","367","379","391","189","2","92","205","217","206","123","0","99","162","162","185","66"
"20202","11740520","상일동","3611","1827","1784","6","521","804","899","953","428","2","177","402","542","432","272","4","344","402","357","521","156"
"20202","11110640","이화동","5235","2876","2359","13","804","1303","1339","1082","694","6","257","600","777","725","511","7","547","703","562","357","183"
"20202","11110680","창신2동","344","116","228","0","22","40","89","116","77","0","4","11","32","39","30","0","18","29","57","77","47"
"20202","11110560","평창동","23179","12994","10185","45","2878","6197","7579","5016","1464","18","1373","3171","4476","3013","943","27","1505","3026","3103","2003","521"
"20202","11140590","광희동","42508","21177","21331","438","12207","11215","8725","6715","3208","189","5936","6526","5053","2274","1199","249","6271","4689","3672","4441","2009"
"20202","11140680","중림동","4348","2429","1919","3","913","1392","1134","599","307","2","420","754","630","399","224","1","493","638","504","200","83"
"20202","11170650","이태원1동","13034","5712","7322","26","3821","5020","2528","1242","397","14","981","2109","1400","906","302","12","2840","2911","1128","336","95"
"20202","11170625","한강로동","47142","23273","23869","183","9616","14692","13436","6917","2298","87","3914","6875","6681","4207","1509","96","5702","7817","6755","2710","789"
"20202","11215860","구의2동","4204","2612","1592","56","598","727","1055","1126","642","24","306","400","689","739","454","32","292","327","366","387","188"
"20202","11215760","중곡3동","1489","932","557","4","181","361","396","333","214","0","97","252","232","209","142","4","84","109","164","124","72"
"20202","11230560","전농1동","1537","956","581","2","180","270","401","417","267","0","113","170","263","260","150","2","67","100","138","157","117"
"20202","11230570","전농2동","4013","2089","1924","4","468","848","1061","1068","564","1","193","397","571","552","375","3","275","451","490","516","189"
"20202","11260550","면목5동","1080","728","352","1","105","184","287","266","237","1","67","138","140","175","207","0","38","46","147","91","30"
"20202","11260565","면목본동","1764","942","822","1","239","402","450","411","261","0","88","202","232","232","188","1","151","200","218","179","73"
"20202","11290810","석관동","3732","2418","1314","15","344","584","700","754","1335","8","170","353","396","466","1025","7","174","231","304","288","310"
"20202","11290620","정릉1동","1152","621","531","6","149","206","258","298","235","1","41","74","129","183","193","5","108","132","129","115","42"
"20202","11305615","수유1동","1920","874","1046","2","205","347","488","555","323","0","58","142","208","241","225","2","147","205","280","314","98"
"20202","11320522","도봉2동","2128","1350","778","1","113","274","364","537","839","0","39","137","202","352","620","1","74","137","162","185","219"
"20202","11320511","창1동","1790","815","975","6","246","361","472","484","221","3","96","141","213","228","134","3","150","220","259","256","87"
"20202","11350600","공릉2동","7078","3252","3826","29","1186","1746","1707","1652","758","3","368","800","796","808","477","26","818","946","911","844","281"
"20202","11350640","상계2동","2484","1209","1275","6","342","425","617","634","460","3","127","236","291","302","250","3","215","189","326","332","210"
"20202","11350621","중계1동","2169","1191","978","4","284","476","650","541","214","3","119","259","345","297","168","1","165","217","305","244","46"
"20202","11380552","갈현2동","3915","2012","1903","9","404","778","1023","1035","666","7","187","434","483","463","438","2","217","344","540","572","228"
"20202","11380560","구산동","4328","2305","2023","11","537","811","958","1354","657","1","205","363","455","843","438","10","332","448","503","511","219"
"20202","11380530","불광2동","3113","1510","1603","2","194","431","503","653","1330","1","68","222","203","273","743","1","126","209","300","380","587"
"20202","11380590","응암2동","1048","669","379","1","133","138","236","299","241","1","75","75","138","179","201","0","58","63","98","120","40"
"20202","11410700","남가좌2동","1792","933","859","1","205","375","486","493","232","0","73","179","233","280","168","1","132","196","253","213","64"
"20202","11410720","북가좌2동","3057","1561","1496","8","472","602","675","756","544","4","143","304","374","410","326","4","329","298","301","346","218"
"20202","11440655","서강동","6283","3927","2356","43","1080","1516","1510","1228","906","27","531","894","993","811","671","16","549","622","517","417","235"
"20202","11440720","성산1동","5829","3864","1965","19","753","1219","1334","1134","1370","15","369","757","847","790","1086","4","384","462","487","344","284"
"20202","11440590","용강동","13701","8118","5583","13","2008","3377","3238","2712","2353","9","969","1995","2139","1574","1432","4","1039","1382","1099","1138","921"
"20202","11470580","신월3동","1679","963","716","2","177","310","382","494","314","0","66","132","204","310","251","2","111","178","178","184","63"
"20202","11470590","신월4동","1813","1221","592","1","108","222","423","574","485","1","50","117","246","383","424","0","58","105","177","191","61"
"20202","11500604","가양2동","2849","1494","1355","9","375","668","690","678","429","6","175","360","369","336","248","3","200","308","321","342","181"
"20202","11500630","방화1동","7575","5922","1653","10","805","1601","1852","2167","1140","7","575","1308","1478","1793","761","3","230","293","374","374","379"
"20202","11500560","화곡3동","5333","3288","2045","10","724","1292","1364","1226","717","7","390","860","825","689","517","3","334","432","539","537","200"
"20202","11545610","독산1동","12850","8228","4622","40","1027","1759","2150","2804","5070","34","604","1165","1369","1723","3333","6","423","594","781","1081","1737"
"20202","11545630","독산3동","4188","2958","1230","10","366","639","730","800","1643","2","195","372","390","474","1525","8","171","267","340","326","118"
"20202","11560550","당산1동","9078","5438","3640","15","1539","2557","2014","1676","1277","8","613","1428","1263","1168","958","7","926","1129","751","508","319"
"20202","11560660","신길4동","1248","617","631","2","211","297","315","295","128","0","75","138","153","159","92","2","136","159","162","136","36"
"20202","11560680","신길6동","2634","1646","988","10","289","619","687","570","459","7","144","384","416","357","338","3","145","235","271","213","121"
"20202","11590510","노량진1동","5875","3297","2578","18","766","1395","1471","1398","827","12","329","798","898","755","505","6","437","597","573","643","322"
"20202","11590540","상도2동","1732","887","845","6","212","400","459","414","241","0","94","212","243","207","131","6","118","188","216","207","110"
"20202","11620630","남현동","3714","2442","1272","5","617","926","1001","721","444","3","338","621","701","472","307","2","279","305","300","249","137"
"20202","11620575","행운동","4257","2373","1884","15","636","1035","1002","964","605","8","316","584","534","500","431","7","320","451","468","464","174"
"20202","11650581","반포4동","94714","83567","11147","80","9480","20099","25531","35193","4331","34","7191","16727","22658","33449","3508","46","2289","3372","2873","1744","823"
"20202","11650610","방배2동","16805","8184","8621","37","2831","4294","4601","3237","1805","8","985","1931","2132","1909","1219","29","1846","2363","2469","1328","586"
"20202","11650510","서초1동","47386","26528","20858","101","9928","12282","10432","11564","3079","39","3558","6616","6055","8015","2245","62","6370","5666","4377","3549","834"
"20202","11650540","잠원동","16302","9442","6860","68","3397","4796","4022","2503","1516","36","1340","2803","2667","1569","1027","32","2057","1993","1355","934","489"
"20202","11680750","수서동","18037","9516","8521","27","2570","4859","4850","3583","2148","15","1151","2611","2544","1902","1293","12","1419","2248","2306","1681","855"
"20202","11710632","가락2동","10171","6862","3309","22","1354","2162","2015","1893","2725","16","801","1478","1339","1132","2096","6","553","684","676","761","629"
"20202","11710720","잠실7동","14130","6338","7792","52","1984","2775","3999","4487","833","31","995","1820","1888","1074","530","21","989","955","2111","3413","303"
"20202","11740700","둔촌2동","4961","2239","2722","4","946","1293","1058","1026","634","2","281","537","526","489","404","2","665","756","532","537","230"
"20202","11110615","종로1?2?3?4가동","97451","53687","43764","1427","19755","29598","26670","15288","4713","620","8610","14862","15621","10763","3211","807","11145","14736","11049","4525","1502"
"20202","11140650","신당5동","871","462","409","5","105","184","211","191","175","5","47","83","108","101","118","0","58","101","103","90","57"
"20202","11140645","청구동","3104","1714","1390","6","455","830","727","664","422","3","157","432","465","413","244","3","298","398","262","251","178"
"20202","11170580","효창동","1644","932","712","3","218","412","462","363","186","2","103","243","275","183","126","1","115","169","187","180","60"
"20202","11200620","금호4가동","1331","791","540","1","151","308","365","323","183","1","56","159","235","202","138","0","95","149","130","121","45"
"20202","11200670","성수2가1동","10042","6355","3687","107","2280","2880","2284","1625","866","57","1033","1862","1557","1147","699","50","1247","1018","727","478","167"
"20202","11200790","용답동","4708","2845","1863","30","1172","1311","961","753","481","2","511","843","633","476","380","28","661","468","328","277","101"
"20202","11200570","행당2동","268","104","164","0","31","57","76","66","38","0","14","23","24","16","27","0","17","34","52","50","11"
"20202","11215780","능동","2288","1405","883","7","330","533","589","459","370","3","160","314","371","276","281","4","170","219","218","183","89"
"20202","11230545","제기동","5479","3268","2211","10","735","1334","1323","1152","925","3","312","789","843","680","641","7","423","545","480","472","284"
"20202","11230710","회기동","784","371","413","1","93","180","195","178","137","1","28","71","89","84","98","0","65","109","106","94","39"
"20202","11260660","망우3동","1076","573","503","1","96","157","257","314","251","1","35","66","120","172","179","0","61","91","137","142","72"
"20202","11260620","묵1동","2604","1240","1364","4","285","604","740","629","342","1","102","281","337","286","233","3","183","323","403","343","109"
"20202","11260610","중화2동","1532","868","664","9","181","236","386","343","377","7","89","111","195","197","269","2","92","125","191","146","108"
"20202","11290725","월곡2동","4825","3059","1766","6","757","1363","1166","854","679","1","379","896","712","512","559","5","378","467","454","342","120"
"20202","11290650","정릉4동","2401","1467","934","2","203","363","582","760","491","0","64","182","369","511","341","2","139","181","213","249","150"
"20202","11305555","송천동","1900","953","947","3","145","324","405","482","541","2","42","149","190","273","297","1","103","175","215","209","244"
"20202","11320521","도봉1동","2162","1429","733","1","104","246","486","761","564","1","26","129","286","544","443","0","78","117","200","217","121"
"20202","11320660","쌍문1동","1769","844","925","0","216","280","472","488","313","0","56","101","185","251","251","0","160","179","287","237","62"
"20202","11350611","하계1동","4631","2934","1697","10","541","947","1177","1316","640","7","252","547","704","929","495","3","289","400","473","387","145"
"20202","11380551","갈현1동","2607","1348","1259","11","445","605","620","564","362","7","183","321","312","288","237","4","262","284","308","276","125"
"20202","11380510","녹번동","5199","2759","2440","14","602","1221","1380","1375","607","9","291","593","665","805","396","5","311","628","715","570","211"
"20202","11380650","수색동","1766","1115","651","0","231","468","426","349","292","0","114","299","263","220","219","0","117","169","163","129","73"
"20202","11380600","응암3동","2243","1094","1149","1","246","524","620","544","308","0","93","261","288","251","201","1","153","263","332","293","107"
"20202","11380690","진관동","3595","1885","1710","4","367","871","969","867","517","2","170","543","543","367","260","2","197","328","426","500","257"
"20202","11410555","북아현동","1845","1353","492","0","191","416","503","517","218","0","82","314","396","401","160","0","109","102","107","116","58"
"20202","11410565","충현동","14173","8784","5389","22","1788","3587","3729","3349","1698","13","845","2173","2366","2194","1193","9","943","1414","1363","1155","505"
"20202","11440630","신수동","5675","3230","2445","14","686","1567","1578","1378","452","12","255","740","902","974","347","2","431","827","676","404","105"
"20202","11470540","목4동","2879","1741","1138","7","354","627","828","712","351","4","144","373","493","453","274","3","210","254","335","259","77"
"20202","11470640","신정3동","7022","4988","2034","7","565","1340","1751","1490","1869","1","271","806","1186","1041","1683","6","294","534","565","449","186"
"20202","11500520","등촌1동","8609","5163","3446","22","1724","2223","1900","1545","1195","13","636","1404","1311","1008","791","9","1088","819","589","537","404"
"20202","11500510","염창동","19659","9116","10543","50","3048","5769","5855","3303","1634","29","1102","2522","2356","1821","1286","21","1946","3247","3499","1482","348"
"20202","11530740","개봉1동","4844","2808","2036","9","463","1029","1149","1259","935","7","239","570","592","717","683","2","224","459","557","542","252"
"20202","11530530","구로2동","13937","8549","5388","41","1703","3217","3450","3483","2043","20","796","1900","2064","2280","1489","21","907","1317","1386","1203","554"
"20202","11530540","구로3동","52394","34315","18079","202","10890","17618","13256","6528","3900","132","5505","11682","9334","4548","3114","70","5385","5936","3922","1980","786"
"20202","11530800","항동","1601","998","603","2","147","323","512","371","246","1","53","172","316","264","192","1","94","151","196","107","54"
"20202","11545670","시흥1동","6679","3563","3116","15","926","1606","1587","1664","881","10","425","798","798","941","591","5","501","808","789","723","290"
"20202","11560560","당산2동","14108","9461","4647","48","2208","3163","3415","3108","2166","22","1130","1980","2383","2282","1664","26","1078","1183","1032","826","502"
"20202","11590630","사당2동","2674","1472","1202","15","427","777","722","492","241","6","208","472","426","226","134","9","219","305","296","266","107"
"20202","11590640","사당3동","3596","2099","1497","3","446","802","955","838","552","0","176","433","585","500","405","3","270","369","370","338","147"
"20202","11590605","흑석동","1446","824","622","2","197","319","389","321","218","1","100","177","223","176","147","1","97","142","166","145","71"
"20202","11620715","난향동","1315","649","666","1","151","289","365","283","226","0","41","132","152","144","180","1","110","157","213","139","46"
"20202","11620655","신원동","1011","576","435","5","113","213","247","244","189","3","60","118","146","143","106","2","53","95","101","101","83"
"20202","11620725","조원동","3254","2026","1228","7","613","788","789","699","358","2","285","513","503","469","254","5","328","275","286","230","104"
"20202","11650550","반포본동","24429","13311","11118","37","4041","8064","6985","4177","1125","22","1479","4403","3916","2614","877","15","2562","3661","3069","1563","248"
"20202","11650530","서초3동","68236","40512","27724","193","11708","20440","17471","12437","5987","88","4953","11908","11177","8110","4276","105","6755","8532","6294","4327","1711"
"20202","11680690","개포4동","8809","6333","2476","21","1063","1992","2481","2105","1147","9","526","1333","1880","1637","948","12","537","659","601","468","199"
"20202","11680510","신사동","27942","16647","11295","98","5802","8429","7084","4252","2277","41","2251","5152","4743","2778","1682","57","3551","3277","2341","1474","595"
"20202","11710642","문정2동","41453","26054","15399","81","5936","12616","12707","7337","2776","36","2842","7120","8712","5617","1727","45","3094","5496","3995","1720","1049"
"20202","11710610","삼전동","7762","5230","2532","5","936","1763","1740","1549","1769","5","530","1154","1145","951","1445","0","406","609","595","598","324"
"20202","11710600","석촌동","8870","5856","3014","20","1074","2021","2072","1815","1868","12","607","1458","1402","1073","1304","8","467","563","670","742","564"
"20202","11710590","송파2동","14196","8974","5222","63","2237","3514","3721","3393","1268","47","1080","2233","2681","2128","805","16","1157","1281","1040","1265","463"
"20202","11740560","고덕2동","1985","1260","725","0","118","259","426","694","488","0","27","115","243","481","394","0","91","144","183","213","94"
"20202","11740650","성내2동","2304","1410","894","7","391","474","511","467","454","3","252","290","298","287","280","4","139","184","213","180","174"
"20202","11740580","암사2동","2638","964","1674","3","269","441","620","793","512","3","97","204","251","229","180","0","172","237","369","564","332"
"20202","11110580","교남동","847","498","349","3","100","217","222","173","132","1","35","111","132","116","103","2","65","106","90","57","29"
"20202","11110550","부암동","4115","2286","1829","8","695","1179","1099","798","336","3","287","651","630","483","232","5","408","528","469","315","104"
"20202","11110700","숭인1동","460","210","250","1","87","99","102","101","70","0","16","42","51","53","48","1","71","57","51","48","22"
"20202","11110710","숭인2동","1942","998","944","9","288","341","456","464","384","5","89","162","255","278","209","4","199","179","201","186","175"
"20202","11110515","청운효자동","10628","6827","3801","65","1929","3064","2954","1874","742","7","842","1921","2196","1349","512","58","1087","1143","758","525","230"
"20202","11140625","다산동","6567","4125","2442","12","1165","2090","1574","1149","577","3","481","1432","1099","702","408","9","684","658","475","447","169"
"20202","11140520","소공동","77533","41196","36337","404","22441","24493","17068","10242","2885","116","7294","12188","12180","7491","1927","288","15147","12305","4888","2751","958"
"20202","11140615","신당동","3199","1726","1473","33","894","680","608","585","399","13","401","354","314","373","271","20","493","326","294","212","128"
"20202","11140580","장충동","10396","5498","4898","51","2383","2853","2688","1978","443","13","839","1601","1603","1139","303","38","1544","1252","1085","839","140"
"20202","11170660","이태원2동","1258","696","562","5","213","404","318","198","120","2","96","223","170","110","95","3","117","181","148","88","25"
"20202","11200660","성수1가2동","6301","4314","1987","24","1008","1280","1327","1359","1303","15","599","850","854","963","1033","9","409","430","473","396","270"
"20202","11215730","군자동","2363","1289","1074","5","295","494","527","536","506","2","119","258","304","283","323","3","176","236","223","253","183"
"20202","11215820","자양1동","12355","9722","2633","5","841","1746","3348","5029","1386","5","376","1117","2681","4367","1176","0","465","629","667","662","210"
"20202","11215750","중곡2동","2814","1604","1210","4","390","568","717","661","474","1","239","330","379","348","307","3","151","238","338","313","167"
"20202","11230600","답십리1동","6333","3031","3302","9","924","1297","1755","1680","668","4","626","866","637","452","446","5","298","431","1118","1228","222"
"20202","11260520","면목2동","1492","821","671","4","152","249","327","436","324","2","51","112","171","247","238","2","101","137","156","189","86"
"20202","11290575","동선동","2511","1246","1265","27","334","520","566","624","440","16","114","226","274","337","279","11","220","294","292","287","161"
"20202","11305534","삼양동","1087","628","459","5","145","205","255","257","220","3","60","98","133","160","174","2","85","107","122","97","46"
"20202","11305635","수유3동","3385","1724","1661","10","367","814","869","876","449","8","144","349","405","534","284","2","223","465","464","342","165"
"20202","11320700","방학2동","1017","474","543","0","95","205","247","208","262","0","40","102","115","103","114","0","55","103","132","105","148"
"20202","11320681","쌍문4동","1365","711","654","0","144","324","378","347","172","0","43","156","192","184","136","0","101","168","186","163","36"
"20202","11320512","창2동","2466","1391","1075","11","299","549","665","571","371","10","137","321","363","293","267","1","162","228","302","278","104"
"20202","11320514","창4동","2724","1708","1016","2","286","524","672","743","497","1","127","277","399","498","406","1","159","247","273","245","91"
"20202","11350619","중계본동","1798","881","917","8","209","368","445","499","269","6","100","188","195","227","165","2","109","180","250","272","104"
"20202","11380520","불광1동","3646","1607","2039","6","523","861","954","838","464","2","193","377","428","368","239","4","330","484","526","470","225"
"20202","11470530","목3동","2504","1376","1128","3","327","551","660","602","361","2","163","320","355","306","230","1","164","231","305","296","131"
"20202","11470560","신월1동","2247","1444","803","6","213","373","517","727","411","3","111","232","314","480","304","3","102","141","203","247","107"
"20202","11470620","신정1동","11571","6760","4811","51","2043","2900","2904","2459","1214","46","852","1805","1741","1428","888","5","1191","1095","1163","1031","326"
"20202","11470650","신정4동","7226","3988","3238","16","1221","1286","1376","1506","1821","8","376","629","698","817","1460","8","845","657","678","689","361"
"20202","11500611","발산1동","3230","1862","1368","4","229","472","852","1035","638","2","103","237","408","598","514","2","126","235","444","437","124"
"20202","11500593","화곡8동","2037","1114","923","7","298","523","565","373","271","6","135","286","282","223","182","1","163","237","283","150","89"
"20202","11530790","수궁동","3693","2490","1203","23","382","709","841","1029","709","20","234","445","526","700","565","3","148","264","315","329","144"
"20202","11530510","신도림동","13037","8565","4472","38","2126","4038","3175","2358","1302","18","890","2755","2286","1629","987","20","1236","1283","889","729","315"
"20202","11530780","오류2동","2785","1685","1100","4","281","624","732","696","448","1","120","353","422","440","349","3","161","271","310","256","99"
"20202","11545690","시흥3동","7990","4735","3255","17","592","1163","1847","2084","2287","8","314","754","1071","1135","1453","9","278","409","776","949","834"
"20202","11545700","시흥4동","1558","936","622","16","243","318","440","378","163","12","148","218","263","176","119","4","95","100","177","202","44"
"20202","11545710","시흥5동","1721","1012","709","21","247","398","427","359","269","15","130","260","249","185","173","6","117","138","178","174","96"
"20202","11560700","대림1동","2425","937","1488","0","785","549","491","412","188","0","166","197","240","208","126","0","619","352","251","204","62"
"20202","11560610","양평1동","12821","7428","5393","53","2537","2953","2834","2570","1874","22","1298","1886","1691","1321","1210","31","1239","1067","1143","1249","664"
"20202","11590650","사당4동","1399","726","673","5","155","229","303","271","436","4","59","115","137","126","285","1","96","114","166","145","151"
"20202","11590651","사당5동","1931","1038","893","2","242","468","579","457","183","1","112","219","297","257","152","1","130","249","282","200","31"
"20202","11620745","삼성동","1795","991","804","9","195","365","476","476","274","2","83","180","251","260","215","7","112","185","225","216","59"
"20202","11620565","성현동","7335","2785","4550","55","1046","1290","1680","2205","1059","31","479","676","763","595","241","24","567","614","917","1610","818"
"20202","11650660","내곡동","14211","9232","4979","62","2050","2934","2992","3044","3129","53","1454","2116","2049","1745","1815","9","596","818","943","1299","1314"
"20202","11650560","반포1동","7332","4498","2834","9","1338","2420","1829","1125","611","2","633","1581","1213","625","444","7","705","839","616","500","167"
"20202","11650580","반포3동","8637","4815","3822","20","1367","2193","1912","1729","1416","7","578","1294","1265","1001","670","13","789","899","647","728","746"
"20202","11680521","논현1동","41576","24313","17263","162","10856","12491","8831","5739","3497","68","4624","7421","5950","3705","2545","94","6232","5070","2881","2034","952"
"20202","11680600","대치1동","20053","10683","9370","37","3668","6545","4998","3118","1687","15","1378","3248","2827","1994","1221","22","2290","3297","2171","1124","466"
"20202","11680545","압구정동","44490","25047","19443","256","9903","13905","10212","6655","3559","102","3671","7810","6873","4381","2210","154","6232","6095","3339","2274","1349"
"20202","11710570","오금동","27438","19217","8221","45","3630","6522","6925","6613","3703","29","2126","4408","5118","5012","2524","16","1504","2114","1807","1601","1179"
"20202","11710566","오륜동","25084","14536","10548","45","4062","7583","6511","5022","1861","14","1636","3946","4187","3325","1428","31","2426","3637","2324","1697","433"
"20202","11710680","잠실3동","21831","14806","7025","108","3990","5469","5434","4132","2698","48","2079","3783","4024","2965","1907","60","1911","1686","1410","1167","791"
"20202","11740515","강일동","1357","886","471","0","196","292","374","333","162","0","98","199","237","215","137","0","98","93","137","118","25"
"20202","11740550","고덕1동","2188","1136","1052","0","240","487","569","526","366","0","108","271","280","241","236","0","132","216","289","285","130"
"20202","11740685","길동","9468","4805","4663","25","1369","1886","2128","2298","1762","15","541","1001","1136","1055","1057","10","828","885","992","1243","705"
"20202","11740530","명일1동","4220","2357","1863","9","623","1131","1061","762","634","4","293","679","693","390","298","5","330","452","368","372","336"
"20202","11740570","암사1동","3940","2413","1527","6","504","843","830","791","966","2","246","550","529","537","549","4","258","293","301","254","417"
"20202","11110600","가회동","11728","8729","2999","7","1263","4028","3519","2201","710","6","655","2966","2750","1810","542","1","608","1062","769","391","168"
"20202","11110690","창신3동","300","142","158","1","38","80","74","78","29","0","14","34","35","41","18","1","24","46","39","37","11"
"20202","11140550","명동","72930","42220","30710","107","11914","24562","19786","12954","3607","41","4764","12669","12754","9554","2438","66","7150","11893","7032","3400","1169"
"20202","11140570","필동","17346","8148","9198","41","2497","4384","5350","3789","1285","16","843","2169","2511","1781","828","25","1654","2215","2839","2008","457"
"20202","11170570","원효로2동","4609","3303","1306","17","726","1387","1277","740","462","7","416","989","980","547","364","10","310","398","297","193","98"
"20202","11170510","후암동","2324","1371","953","9","361","509","641","516","288","7","137","304","418","306","199","2","224","205","223","210","89"
"20202","11200540","마장동","7683","5451","2232","32","651","1345","1769","2510","1376","28","387","920","1288","1803","1025","4","264","425","481","707","351"
"20202","11200550","사근동","2650","1837","813","2","159","472","841","788","388","2","59","297","569","596","314","0","100","175","272","192","74"
"20202","11200535","왕십리도선동","5949","2726","3223","23","982","1143","1247","1456","1098","4","341","631","669","614","467","19","641","512","578","842","631"
"20202","11215850","구의1동","3628","2155","1473","9","515","899","1000","818","387","8","269","519","553","530","276","1","246","380","447","288","111"
"20202","11230740","이문1동","4076","1851","2225","3","781","1042","1081","784","385","2","164","402","537","471","275","1","617","640","544","313","110"
"20202","11230705","청량리동","4909","2614","2295","7","873","1407","941","916","765","5","334","799","527","516","433","2","539","608","414","400","332"
"20202","11260575","면목3?8동","3459","2159","1300","7","341","614","876","936","685","2","118","323","518","673","525","5","223","291","358","263","160"
"20202","11260690","신내2동","3776","2095","1681","8","503","948","927","926","464","5","209","446","476","601","358","3","294","502","451","325","106"
"20202","11260600","중화1동","1955","1034","921","0","231","422","496","461","345","0","87","173","241","257","276","0","144","249","255","204","69"
"20202","11290580","돈암1동","2329","1067","1262","9","677","705","484","321","133","0","162","352","257","181","115","9","515","353","227","140","18"
"20202","11290590","돈암2동","11726","7090","4636","44","1806","2813","3721","2083","1259","13","834","1672","2483","1535","553","31","972","1141","1238","548","706"
"20202","11305545","송중동","2249","1126","1123","13","239","363","636","577","421","11","98","158","279","282","298","2","141","205","357","295","123"
"20202","11320513","창3동","775","403","372","1","82","159","233","192","108","0","23","87","136","93","64","1","59","72","97","99","44"
"20202","11350665","상계3?4동","2343","1623","720","1","143","225","563","854","557","0","53","113","356","647","454","1","90","112","207","207","103"
"20202","11380631","신사1동","2475","1318","1157","2","267","513","566","607","520","0","108","252","308","291","359","2","159","261","258","316","161"
"20202","11380632","신사2동","1918","1332","586","5","228","379","473","475","358","5","169","255","279","313","311","0","59","124","194","162","47"
"20202","11380625","역촌동","4694","2257","2437","13","779","952","1204","1060","686","3","282","432","566","512","462","10","497","520","638","548","224"
"20202","11410520","천연동","1823","985","838","2","163","301","468","629","260","2","55","136","264","369","159","0","108","165","204","260","101"
"20202","11410685","홍은2동","5835","3769","2066","38","926","1570","1420","1250","631","32","524","1029","916","820","448","6","402","541","504","430","183"
"20202","11410640","홍제3동","1201","596","605","4","116","149","247","307","378","1","41","59","115","157","223","3","75","90","132","150","155"
"20202","11440555","아현동","11780","6477","5303","23","2240","3776","3328","2004","409","9","975","2113","1872","1217","291","14","1265","1663","1456","787","118"
"20202","11440680","합정동","5738","3211","2527","14","955","1644","1487","1049","589","11","379","809","935","673","404","3","576","835","552","376","185"
"20202","11470520","목2동","5530","3082","2448","4","766","1343","1466","1257","694","3","362","729","810","727","451","1","404","614","656","530","243"
"20202","11500603","가양1동","5337","3304","2033","4","589","1111","1212","1288","1133","2","247","674","720","830","831","2","342","437","492","458","302"
"20202","11500605","가양3동","3216","2060","1156","13","542","708","898","664","391","7","352","475","573","394","259","6","190","233","325","270","132"
"20202","11530720","고척1동","7767","5490","2277","7","690","1575","2040","2362","1093","5","361","1045","1423","1771","885","2","329","530","617","591","208"
"20202","11545640","독산4동","1765","991","774","2","225","303","376","416","443","1","128","180","220","205","257","1","97","123","156","211","186"
"20202","11560710","대림2동","4606","2336","2270","27","855","1092","1021","707","904","8","328","577","443","397","583","19","527","515","578","310","321"
"20202","11560720","대림3동","6057","3897","2160","17","635","1258","1552","1442","1153","5","328","877","1105","901","681","12","307","381","447","541","472"
"20202","11560515","영등포본동","5708","3229","2479","36","808","1406","1461","1375","622","15","347","711","835","853","468","21","461","695","626","522","154"
"20202","11590520","노량진2동","4687","2431","2256","11","746","1363","1135","951","481","3","389","592","527","608","312","8","357","771","608","343","169"
"20202","11590620","사당1동","3916","2054","1862","9","659","963","1044","718","523","4","217","469","523","427","414","5","442","494","521","291","109"
"20202","11590550","상도3동","1371","776","595","1","119","278","361","320","292","1","68","182","212","159","154","0","51","96","149","161","138"
"20202","11590680","신대방2동","22031","14020","8011","54","4027","4597","4124","5144","4085","30","3041","3521","2633","2623","2172","24","986","1076","1491","2521","1913"
"20202","11620775","난곡동","1481","807","674","0","165","296","361","425","234","0","68","153","180","237","169","0","97","143","181","188","65"
"20202","11620765","미성동","3689","2177","1512","28","364","650","866","953","828","22","226","379","483","494","573","6","138","271","383","459","255"
"20202","11650620","방배3동","17809","11648","6161","114","2781","5297","4805","2896","1916","37","1413","3322","3453","1995","1428","77","1368","1975","1352","901","488"
"20202","11680670","개포2동","9490","6220","3270","35","1658","2701","2271","1757","1068","14","884","1810","1564","1122","826","21","774","891","707","635","242"
"20202","11680630","대치4동","33305","20468","12837","149","5336","9904","9047","5656","3213","21","2296","5995","6187","3965","2004","128","3040","3909","2860","1691","1209"
"20202","11680655","도곡1동","40888","28978","11910","97","6985","9515","11398","10350","2543","71","3545","6237","8574","8481","2070","26","3440","3278","2824","1869","473"
"20202","11710532","거여2동","2952","1523","1429","13","377","486","723","879","474","6","209","286","369","394","259","7","168","200","354","485","215"
"20202","11710641","문정1동","34975","27013","7962","17","3178","6528","10070","13196","1986","9","1869","4711","7830","11299","1295","8","1309","1817","2240","1897","691"
"20202","11740540","명일2동","2874","1969","905","5","337","819","768","610","335","3","172","581","558","393","262","2","165","238","210","217","73"
"20202","11740660","성내3동","4641","2789","1852","15","658","1034","1162","962","810","13","344","656","703","541","532","2","314","378","459","421","278"
"20202","11740610","천호2동","3817","1970","1847","14","484","802","933","884","700","8","199","378","464","440","481","6","285","424","469","444","219"
"20202","11740620","천호3동","2763","1566","1197","3","170","305","475","502","1308","3","64","139","236","255","869","0","106","166","239","247","439"
"20203","11110530","사직동","47822","29932","17890","53","6303","13536","14415","9470","4045","14","2635","8315","9863","6619","2486","39","3668","5221","4552","2851","1559"
"20203","11170700","보광동","1059","532","527","1","137","225","268","258","170","1","26","109","139","145","112","0","111","116","129","113","58"
"20203","11170520","용산2가동","1795","1266","529","0","150","298","628","603","116","0","59","164","490","472","81","0","91","134","138","131","35"
"20203","11170640","이촌2동","2906","1976","930","8","411","803","858","630","196","3","184","508","647","491","143","5","227","295","211","139","53"
"20203","11200615","금호2?3가동","697","365","332","0","81","125","162","160","169","0","19","50","81","89","126","0","62","75","81","71","43"
"20203","11200645","옥수동","4791","1847","2944","5","1224","1430","1086","718","328","0","306","528","505","336","172","5","918","902","581","382","156"
"20203","11215810","광장동","16633","10092","6541","181","5160","4368","3223","2556","1145","56","2475","2824","2177","1712","848","125","2685","1544","1046","844","297"
"20203","11215830","자양2동","5005","3083","1922","20","716","1123","1284","1268","594","12","473","710","764","692","432","8","243","413","520","576","162"
"20203","11215847","자양4동","1152","729","423","6","101","178","269","290","308","5","46","95","157","184","242","1","55","83","112","106","66"
"20203","11215740","중곡1동","5496","2668","2828","82","1416","1044","1099","1287","568","28","605","563","545","517","410","54","811","481","554","770","158"
"20203","11230536","용신동","23899","12377","11522","56","2872","5303","5905","5893","3870","28","1358","3033","3112","2709","2137","28","1514","2270","2793","3184","1733"
"20203","11230720","휘경1동","1421","830","591","5","153","273","354","367","269","1","58","153","224","248","146","4","95","120","130","119","123"
"20203","11230730","휘경2동","4402","2273","2129","7","589","968","1138","1052","648","4","174","461","596","562","476","3","415","507","542","490","172"
"20203","11260655","망우본동","3417","1787","1630","14","378","624","763","1020","618","1","129","239","359","562","497","13","249","385","404","458","121"
"20203","11260570","면목7동","1410","772","638","2","173","268","338","383","246","2","59","120","177","222","192","0","114","148","161","161","54"
"20203","11260630","묵2동","2062","1388","674","1","299","504","494","556","208","1","171","341","326","406","143","0","128","163","168","150","65"
"20203","11260680","신내1동","4245","2030","2215","1","751","928","780","1114","671","1","204","390","376","549","510","0","547","538","404","565","161"
"20203","11290685","길음2동","722","307","415","3","80","138","190","198","113","2","35","58","87","70","55","1","45","80","103","128","58"
"20203","11290525","성북동","23717","18050","5667","44","3093","5817","6878","6849","1036","13","1710","4056","5451","6104","716","31","1383","1761","1427","745","320"
"20203","11290780","장위3동","1195","728","467","6","175","228","252","297","237","2","65","121","143","188","209","4","110","107","109","109","28"
"20203","11290705","종암동","22158","11647","10511","63","1867","5592","7813","6324","499","13","799","2048","3570","4921","296","50","1068","3544","4243","1403","203"
"20203","11305535","미아동","1850","1039","811","2","199","342","519","499","289","2","86","168","289","302","192","0","113","174","230","197","97"
"20203","11305608","번3동","1263","689","574","11","130","211","308","355","248","7","51","100","168","196","167","4","79","111","140","159","81"
"20203","11305660","인수동","4298","2498","1800","5","441","856","1098","1224","674","3","164","453","662","728","488","2","277","403","436","496","186"
"20203","11320690","방학1동","6582","3804","2778","14","664","1442","1618","1954","890","11","355","839","836","1104","659","3","309","603","782","850","231"
"20203","11320670","쌍문2동","1469","825","644","1","171","253","341","415","288","0","53","115","179","260","218","1","118","138","162","155","70"
"20203","11350720","상계10동","1064","449","615","0","164","226","285","302","87","0","35","95","112","144","63","0","129","131","173","158","24"
"20203","11350570","월계2동","1268","617","651","8","146","281","342","348","143","6","54","111","154","182","110","2","92","170","188","166","33"
"20203","11410710","북가좌1동","1739","1357","382","0","49","113","193","345","1039","0","16","52","88","234","967","0","33","61","105","111","72"
"20203","11410655","홍제2동","739","379","360","0","113","162","187","163","114","0","40","107","95","79","58","0","73","55","92","84","56"
"20203","11440585","도화동","13141","7986","5155","24","2416","3200","3302","2929","1270","12","1264","2199","2176","1526","809","12","1152","1001","1126","1403","461"
"20203","11440740","상암동","15320","9403","5917","39","3231","5547","4162","1731","610","17","1420","3496","2771","1209","490","22","1811","2051","1391","522","120"
"20203","11440660","서교동","26960","13797","13163","135","5627","7574","6249","4402","2973","88","2301","3787","3449","2331","1841","47","3326","3787","2800","2071","1132"
"20203","11440710","연남동","3213","1975","1238","4","517","760","777","678","477","4","232","412","461","463","403","0","285","348","316","215","74"
"20203","11500535","등촌3동","15368","8147","7221","44","1901","3264","3431","3801","2927","22","831","1785","2013","1850","1646","22","1070","1479","1418","1951","1281"
"20203","11500640","방화2동","3390","2190","1200","9","367","654","764","880","716","8","200","392","490","561","539","1","167","262","274","319","177"
"20203","11500641","방화3동","5011","3236","1775","7","488","1063","1262","1375","816","5","248","561","780","968","674","2","240","502","482","407","142"
"20203","11500570","화곡4동","2710","1207","1503","3","637","730","552","506","282","2","151","317","267","269","201","1","486","413","285","237","81"
"20203","11500590","화곡본동","2983","1681","1302","13","337","586","716","710","621","11","127","318","406","374","445","2","210","268","310","336","176"
"20203","11530595","가리봉동","972","454","518","1","95","161","224","209","282","0","42","74","102","83","153","1","53","87","122","126","129"
"20203","11530520","구로1동","4769","2813","1956","5","551","1184","1128","986","915","3","307","754","763","603","383","2","244","430","365","383","532"
"20203","11530770","오류1동","4294","2719","1575","14","556","798","1050","1234","642","7","393","537","636","709","437","7","163","261","414","525","205"
"20203","11560650","신길3동","1332","863","469","2","100","223","302","327","378","2","41","133","192","209","286","0","59","90","110","118","92"
"20203","11560690","신길7동","2693","1837","856","6","318","515","610","768","476","4","198","350","406","493","386","2","120","165","204","275","90"
"20203","11590530","상도1동","6189","3568","2621","10","958","1525","1507","1366","823","2","406","854","904","844","558","8","552","671","603","522","265"
"20203","11620525","보라매동","1838","943","895","8","253","408","426","448","295","3","107","206","219","212","196","5","146","202","207","236","99"
"20203","11620695","신림동","1946","1168","778","4","173","275","462","443","589","1","63","144","255","257","448","3","110","131","207","186","141"
"20203","11620615","중앙동","1420","666","754","3","174","256","327","381","279","2","71","125","154","182","132","1","103","131","173","199","147"
"20203","11620545","청림동","2705","1543","1162","4","408","900","885","393","115","3","178","504","529","253","76","1","230","396","356","140","39"
"20203","11650600","방배1동","19003","12553","6450","92","3748","5826","4604","3465","1268","61","1778","3553","3393","2828","940","31","1970","2273","1211","637","328"
"20203","11650531","서초4동","37488","21433","16055","138","7320","11471","9418","6641","2500","63","2783","6553","6110","4162","1762","75","4537","4918","3308","2479","738"
"20203","11680531","논현2동","55372","35328","20044","151","10602","16012","13330","8967","6310","47","4602","9575","9465","6803","4836","104","6000","6437","3865","2164","1474"
"20203","11680580","삼성1동","130157","87840","42317","310","26223","39031","34864","23107","6622","153","14094","25801","25719","18114","3959","157","12129","13230","9145","4993","2663"
"20203","11710631","가락1동","5913","4134","1779","0","404","1101","1627","1695","1086","0","271","843","1198","1111","711","0","133","258","429","584","375"
"20203","11710540","마천1동","955","471","484","2","112","201","273","249","118","1","46","98","129","118","79","1","66","103","144","131","39"
"20203","11710510","풍납1동","1718","964","754","1","228","386","435","451","217","1","120","208","229","240","166","0","108","178","206","211","51"
"20203","11710520","풍납2동","23596","11568","12028","3","5113","8054","5886","3553","987","0","1384","4183","3091","2173","737","3","3729","3871","2795","1380","250"
"20203","11740640","성내1동","17072","11605","5467","42","2020","3567","3667","4407","3369","17","1169","2225","2403","3188","2603","25","851","1342","1264","1219","766"
"20203","11110570","무악동","608","169","439","7","168","169","147","80","37","6","35","32","47","26","23","1","133","137","100","54","14"
"20203","11140665","동화동","1504","682","822","2","239","362","395","319","187","1","62","126","191","176","126","1","177","236","204","143","61"
"20203","11140635","약수동","17658","6830","10828","51","2837","6596","4891","2424","859","11","862","2322","1622","1389","624","40","1975","4274","3269","1035","235"
"20203","11140605","을지로동","15914","8662","7252","70","3844","3863","3457","2755","1925","17","1005","2127","2244","1916","1353","53","2839","1736","1213","839","572"
"20203","11170530","남영동","21173","8924","12249","187","8038","5217","4031","2705","995","22","1507","2802","2399","1454","740","165","6531","2415","1632","1251","255"
"20203","11170685","한남동","41934","30661","11273","135","6886","12388","11000","9625","1900","89","3268","8250","8923","8616","1515","46","3618","4138","2077","1009","385"
"20203","11200650","성수1가1동","3550","2228","1322","3","452","745","793","940","617","1","207","466","510","640","404","2","245","279","283","300","213"
"20203","11200520","왕십리2동","1259","746","513","2","175","319","360","269","134","2","85","169","221","170","99","0","90","150","139","99","35"
"20203","11200580","응봉동","1688","695","993","12","400","449","373","285","169","2","89","156","175","146","127","10","311","293","198","139","42"
"20203","11200560","행당1동","2359","1588","771","1","298","491","600","671","298","0","148","303","414","507","216","1","150","188","186","164","82"
"20203","11215870","구의3동","12940","7885","5055","27","1521","2728","3129","3229","2306","8","873","1900","2126","1661","1317","19","648","828","1003","1568","989"
"20203","11230660","장안2동","6304","3377","2927","46","1936","1218","1256","1163","685","27","1005","698","580","567","500","19","931","520","676","596","185"
"20203","11290715","월곡1동","2594","1577","1017","4","204","338","530","555","963","4","76","163","278","360","696","0","128","175","252","195","267"
"20203","11290770","장위2동","1746","1050","696","3","158","292","415","420","458","2","57","144","233","260","354","1","101","148","182","160","104"
"20203","11290640","정릉3동","2441","1649","792","15","383","695","593","440","315","14","207","494","418","314","202","1","176","201","175","126","113"
"20203","11305595","번1동","2555","1499","1056","2","322","516","510","657","548","0","139","316","307","420","317","2","183","200","203","237","231"
"20203","11305575","삼각산동","1296","708","588","1","227","343","406","210","109","0","93","192","227","105","91","1","134","151","179","105","18"
"20203","11305625","수유2동","2222","1180","1042","1","105","171","422","658","865","0","30","90","266","448","346","1","75","81","156","210","519"
"20203","11305645","우이동","2841","1745","1096","4","171","263","394","669","1340","3","51","126","214","460","891","1","120","137","180","209","449"
"20203","11320515","창5동","7114","4495","2619","9","821","1589","1757","1497","1441","7","428","1090","1177","820","973","2","393","499","580","677","468"
"20203","11350595","공릉1동","6301","3404","2897","8","659","982","1376","1729","1547","4","299","541","682","893","985","4","360","441","694","836","562"
"20203","11350700","상계8동","1180","616","564","3","167","344","290","263","113","1","59","215","121","143","77","2","108","129","169","120","36"
"20203","11410690","남가좌1동","3997","2401","1596","11","278","509","695","992","1512","8","190","341","440","522","900","3","88","168","255","470","612"
"20203","11440565","공덕동","14467","8329","6138","84","3210","3917","3860","2545","851","33","1283","2076","2451","1878","608","51","1927","1841","1409","667","243"
"20203","11440610","염리동","3956","2587","1369","75","736","884","795","861","605","27","372","596","586","593","413","48","364","288","209","268","192"
"20203","11470550","목5동","31153","18954","12199","114","5058","8049","7547","6516","3869","55","2331","4850","4764","4269","2685","59","2727","3199","2783","2247","1184"
"20203","11470570","신월2동","2996","1737","1259","12","259","472","804","817","632","9","142","279","419","437","451","3","117","193","385","380","181"
"20203","11470670","신정6동","18155","11030","7125","92","3488","5238","4247","3672","1418","74","1698","3218","2712","2347","981","18","1790","2020","1535","1325","437"
"20203","11500540","화곡1동","5031","2822","2209","21","535","1016","1247","1402","810","17","249","591","676","789","500","4","286","425","571","613","310"
"20203","11530750","개봉2동","8038","3972","4066","37","1415","1946","1909","1903","828","17","804","1236","844","639","432","20","611","710","1065","1264","396"
"20203","11530730","고척2동","3143","1958","1185","10","356","698","794","841","444","7","220","440","469","485","337","3","136","258","325","356","107"
"20203","11530560","구로5동","14392","9095","5297","44","2014","3370","3745","3190","2029","33","1138","2322","2481","1889","1232","11","876","1048","1264","1301","797"
"20203","11560620","양평2동","14774","8451","6323","38","2693","4021","4060","2540","1422","15","1180","2429","2300","1491","1036","23","1513","1592","1760","1049","386"
"20203","11560535","영등포동","14217","7943","6274","48","2615","3539","3349","2794","1872","14","977","1979","2088","1652","1233","34","1638","1560","1261","1142","639"
"20203","11590670","신대방1동","7418","4694","2724","24","1422","2370","1722","1183","697","14","724","1528","1188","772","468","10","698","842","534","411","229"
"20203","11620645","서원동","2912","1206","1706","5","563","630","529","646","539","2","143","260","265","235","301","3","420","370","264","411","238"
"20203","11620625","인헌동","3435","1976","1459","13","701","985","867","536","333","5","324","608","515","277","247","8","377","377","352","259","86"
"20203","11620595","청룡동","6665","3660","3005","8","1087","1894","1590","1510","576","3","433","957","884","988","395","5","654","937","706","522","181"
"20203","11650570","반포2동","9861","5872","3989","18","1652","3059","2563","1656","913","10","723","1849","1650","999","641","8","929","1210","913","657","272"
"20203","11650520","서초2동","67858","45080","22778","159","14201","22383","16994","10387","3734","54","7752","15121","11691","7781","2681","105","6449","7262","5303","2606","1053"
"20203","11650652","양재2동","43401","32515","10886","106","5761","10598","12175","11422","3339","59","3488","7792","9341","9309","2526","47","2273","2806","2834","2113","813"
"20203","11680740","일원2동","5600","3682","1918","17","832","1447","1587","1319","398","5","407","891","1091","992","296","12","425","556","496","327","102"
"20203","11710620","가락본동","27955","16882","11073","89","3790","6716","6396","5452","5512","37","1813","4194","4281","3158","3399","52","1977","2522","2115","2294","2113"
"20203","11710562","방이2동","24911","14324","10587","53","4019","6387","5622","5295","3535","37","2261","4157","3442","2476","1951","16","1758","2230","2180","2819","1584"
"20203","11710670","잠실2동","7793","5196","2597","10","1494","2265","2042","1556","426","9","938","1589","1387","1026","247","1","556","676","655","530","179"
"20203","11740600","천호1동","2450","1407","1043","6","246","461","597","573","567","1","100","239","304","336","427","5","146","222","293","237","140"
"20203","11110540","삼청동","5862","4751","1111","3","726","1549","1817","1381","386","0","460","1187","1543","1230","331","3","266","362","274","151","55"
"20203","11110630","종로5?6가동","15588","9737","5851","407","3613","4484","3824","2369","891","114","1498","2891","2796","1819","619","293","2115","1593","1028","550","272"
"20203","11110670","창신1동","1307","566","741","1","117","231","397","315","246","0","47","88","128","140","163","1","70","143","269","175","83"
"20203","11110650","혜화동","6669","3263","3406","30","1094","1790","1598","1324","833","22","380","867","848","687","459","8","714","923","750","637","374"
"20203","11170690","서빙고동","14416","9448","4968","37","2566","4289","4433","2273","818","15","1228","2510","3241","1816","638","22","1338","1779","1192","457","180"
"20203","11170590","용문동","2710","1570","1140","11","527","732","741","503","196","7","221","430","439","338","135","4","306","302","302","165","61"
"20203","11170560","원효로1동","4677","3188","1489","21","727","1266","1220","852","591","12","430","908","848","583","407","9","297","358","372","269","184"
"20203","11170630","이촌1동","10866","6950","3916","53","1764","2919","3039","2219","872","34","876","1798","2142","1493","607","19","888","1121","897","726","265"
"20203","11170555","청파동","4834","2581","2253","14","753","1213","1147","1014","693","8","264","562","606","621","520","6","489","651","541","393","173"
"20203","11200590","금호1가동","2304","858","1446","15","272","750","937","260","70","0","88","248","371","102","49","15","184","502","566","158","21"
"20203","11200720","송정동","1247","754","493","1","181","290","313","250","212","0","88","178","172","148","168","1","93","112","141","102","44"
"20203","11215770","중곡4동","5044","2482","2562","6","871","1221","1285","1169","492","4","254","568","628","634","394","2","617","653","657","535","98"
"20203","11215710","화양동","2662","1687","975","9","348","425","650","775","455","4","133","230","426","533","361","5","215","195","224","242","94"
"20203","11230610","답십리2동","4215","3060","1155","32","687","954","962","850","730","28","504","727","697","583","521","4","183","227","265","267","209"
"20203","11230750","이문2동","2210","1168","1042","2","268","474","498","560","408","1","93","229","233","307","305","1","175","245","265","253","103"
"20203","11230650","장안1동","10768","6778","3990","34","1470","2114","2327","2359","2464","26","880","1351","1448","1427","1646","8","590","763","879","932","818"
"20203","11260540","면목4동","1624","1162","462","2","121","264","432","588","217","1","55","160","292","481","173","1","66","104","140","107","44"
"20203","11290660","길음1동","6329","3095","3234","419","2211","1546","1057","690","406","176","957","813","522","320","307","243","1254","733","535","370","99"
"20203","11290610","보문동","6952","5271","1681","6","667","2047","1463","1460","1309","2","365","1644","1172","1170","918","4","302","403","291","290","391"
"20203","11290555","삼선동","6459","3237","3222","8","699","1546","1938","1603","665","4","247","667","937","1001","381","4","452","879","1001","602","284"
"20203","11290760","장위1동","1324","690","634","2","238","278","309","277","220","1","110","154","156","135","134","1","128","124","153","142","86"
"20203","11290630","정릉2동","1757","773","984","0","286","418","473","380","200","0","74","179","186","185","149","0","212","239","287","195","51"
"20203","11305603","번2동","1380","655","725","1","201","205","357","391","225","0","85","107","157","187","119","1","116","98","200","204","106"
"20203","11350630","상계1동","5569","3527","2042","23","644","1148","1345","1414","995","18","369","775","875","881","609","5","275","373","470","533","386"
"20203","11350670","상계5동","1861","927","934","5","128","213","314","464","737","2","52","114","139","210","410","3","76","99","175","254","327"
"20203","11350695","상계6?7동","6346","2810","3536","19","890","1498","1624","1611","704","11","233","564","725","883","394","8","657","934","899","728","310"
"20203","11350560","월계1동","2778","1511","1267","13","430","656","717","544","418","5","200","395","362","278","271","8","230","261","355","266","147"
"20203","11350624","중계4동","2064","1128","936","12","201","421","483","539","408","7","75","203","253","283","307","5","126","218","230","256","101"
"20203","11350612","하계2동","1414","910","504","2","145","263","384","465","155","0","82","161","240","294","133","2","63","102","144","171","22"
"20203","11380570","대조동","2617","1284","1333","5","323","553","704","596","436","4","119","269","331","267","294","1","204","284","373","329","142"
"20203","11380640","증산동","2848","1844","1004","2","364","748","783","642","309","2","169","501","515","424","233","0","195","247","268","218","76"
"20203","11410585","신촌동","5047","2648","2399","12","786","1329","1274","1079","567","7","305","582","652","701","401","5","481","747","622","378","166"
"20203","11410620","홍제1동","2477","1275","1202","5","265","373","628","847","359","2","77","175","328","475","218","3","188","198","300","372","141"
"20203","11440690","망원1동","3153","1750","1403","10","855","862","647","467","312","3","496","462","313","276","200","7","359","400","334","191","112"
"20203","11440730","성산2동","2757","1239","1518","5","275","511","724","838","404","3","99","251","327","330","229","2","176","260","397","508","175"
"20203","11470510","목1동","17427","11303","6124","49","3004","4738","4346","3560","1730","31","1399","3112","3084","2553","1124","18","1605","1626","1262","1007","606"
"20203","11470600","신월5동","2190","1209","981","8","278","535","546","550","273","5","127","267","283","322","205","3","151","268","263","228","68"
"20203","11470610","신월6동","1115","652","463","1","118","205","253","306","232","0","45","105","138","173","191","1","73","100","115","133","41"
"20203","11470680","신정7동","5753","3432","2321","14","656","1376","1762","1305","640","8","306","770","1070","807","471","6","350","606","692","498","169"
"20203","11500620","공항동","33826","17706","16120","10","5671","11101","9233","6573","1238","2","1358","4648","5380","5415","903","8","4313","6453","3853","1158","335"
"20203","11500530","등촌2동","4992","2944","2048","6","614","985","1193","1272","922","2","259","533","721","804","625","4","355","452","472","468","297"
"20203","11500615","우장산동","6277","3448","2829","6","1358","1416","1329","1316","852","4","515","819","782","778","550","2","843","597","547","538","302"
"20203","11500550","화곡2동","1532","914","618","6","188","416","397","369","156","3","108","271","238","193","101","3","80","145","159","176","55"
"20203","11500591","화곡6동","10754","6820","3934","35","1515","2863","2741","2431","1169","9","750","1821","1754","1606","880","26","765","1042","987","825","289"
"20203","11530760","개봉3동","1995","1198","797","5","278","485","501","427","299","5","136","299","299","240","219","0","142","186","202","187","80"
"20203","11560630","신길1동","3535","1563","1972","4","633","842","785","696","575","0","202","405","373","294","289","4","431","437","412","402","286"
"20203","11560670","신길5동","1404","679","725","2","140","296","455","347","164","1","69","136","164","177","132","1","71","160","291","170","32"
"20203","11560540","여의동","217817","154569","63248","520","40050","78066","55998","33396","9787","195","22109","55804","43252","26581","6628","325","17941","22262","12746","6815","3159"
"20203","11620585","낙성대동","10344","5721","4623","20","1677","3541","2220","1585","1301","10","761","1862","1167","922","999","10","916","1679","1053","663","302"
"20203","11620685","신사동","4234","2870","1364","2","678","1206","1226","768","354","2","298","818","953","572","227","0","380","388","273","196","127"
"20203","11620605","은천동","4644","2204","2440","12","629","867","980","1276","880","1","210","402","501","575","515","11","419","465","479","701","365"
"20203","11650590","방배본동","28234","15628","12606","120","5284","7281","7505","5047","2997","82","1798","3804","4370","3275","2299","38","3486","3477","3135","1772","698"
"20203","11680610","대치2동","92377","51697","40680","530","16781","25425","21288","17434","10919","232","7729","15578","13694","8997","5467","298","9052","9847","7594","8437","5452"
"20203","11680590","삼성2동","62165","35711","26454","150","12530","20151","15787","8793","4754","61","5197","11854","10528","4946","3125","89","7333","8297","5259","3847","1629"
"20203","11680700","세곡동","1534","879","655","10","124","276","310","436","378","5","55","140","178","256","245","5","69","136","132","180","133"
"20203","11680650","역삼2동","51209","30365","20844","208","11790","14220","12162","9047","3782","85","5685","9112","8095","4730","2658","123","6105","5108","4067","4317","1124"
"20203","11680730","일원1동","2518","1370","1148","4","343","476","566","543","586","2","149","251","293","284","391","2","194","225","273","259","195"
"20203","11680565","청담동","57122","32691","24431","172","11877","18886","14178","8558","3451","72","4465","10782","9320","5650","2402","100","7412","8104","4858","2908","1049"
"20203","11710531","거여1동","3835","2832","1003","11","951","1067","919","530","357","9","659","841","701","364","258","2","292","226","218","166","99"
"20203","11710647","위례동","1268","1216","52","0","4","80","347","681","156","0","4","78","336","650","148","0","0","2","11","31","8"
"20203","11710690","잠실4동","9652","7756","1896","42","1285","3032","2803","2051","439","18","925","2493","2310","1675","335","24","360","539","493","376","104"
"20203","11710710","잠실6동","46691","24881","21810","93","7429","12391","13316","11902","1560","29","3439","7617","7686","4936","1174","64","3990","4774","5630","6966","386"
"20203","11710650","잠실본동","9422","6016","3406","45","1284","1797","2201","2088","2007","4","575","1097","1382","1438","1520","41","709","700","819","650","487"
"20203","11710646","장지동","6769","4617","2152","13","730","1085","1597","1784","1560","4","406","721","1070","1256","1160","9","324","364","527","528","400"
"20203","11740590","암사3동","3192","1912","1280","6","286","449","571","829","1051","3","146","269","312","478","704","3","140","180","259","351","347"
"20203","11140670","황학동","1714","1102","612","1","271","455","422","342","223","1","157","285","265","225","169","0","114","170","157","117","54"
"20203","11140540","회현동","58705","36279","22426","199","10994","20696","16047","8525","2244","68","5132","12355","10455","6703","1566","131","5862","8341","5592","1822","678"
"20203","11200690","성수2가3동","23863","15312","8551","83","3917","6067","5966","4768","3062","63","2176","4061","4011","2880","2121","20","1741","2006","1955","1888","941"
"20203","11215840","자양3동","3370","2410","960","8","406","863","937","843","313","3","252","605","689","618","243","5","154","258","248","225","70"
"20203","11260580","상봉1동","2499","1715","784","14","303","440","514","655","573","11","193","268","289","450","504","3","110","172","225","205","69"
"20203","11260590","상봉2동","5328","3673","1655","17","631","1376","1754","1205","345","13","369","964","1173","877","277","4","262","412","581","328","68"
"20203","11290600","안암동","4686","3030","1656","8","655","1203","1295","1013","512","3","333","745","832","715","402","5","322","458","463","298","110"
"20203","11320710","방학3동","3005","1804","1201","10","510","688","696","694","407","9","324","395","438","336","302","1","186","293","258","358","105"
"20203","11320680","쌍문3동","2022","963","1059","4","437","452","474","472","183","3","113","208","246","266","127","1","324","244","228","206","56"
"20203","11350710","상계9동","2626","1662","964","2","339","658","654","741","232","2","184","418","385","493","180","0","155","240","269","248","52"
"20203","11350580","월계3동","1502","756","746","1","166","265","395","434","241","1","63","137","182","228","145","0","103","128","213","206","96"
"20203","11350625","중계2?3동","2225","1256","969","5","288","582","570","571","209","4","170","349","294","305","134","1","118","233","276","266","75"
"20203","11380580","응암1동","2895","1605","1290","7","306","489","680","669","744","5","141","230","355","339","535","2","165","259","325","330","209"
"20203","11410615","연희동","14856","9739","5117","82","2345","3661","3196","4080","1492","43","1297","2440","1997","2924","1038","39","1048","1221","1199","1156","454"
"20203","11410660","홍은1동","7584","1500","6084","3","262","551","2062","3659","1047","1","98","189","374","439","399","2","164","362","1688","3220","648"
"20203","11440600","대흥동","5628","2774","2854","65","2228","1272","827","772","464","22","867","656","452","470","307","43","1361","616","375","302","157"
"20203","11440700","망원2동","5201","3099","2102","17","652","971","1126","1574","861","10","356","715","787","730","501","7","296","256","339","844","360"
"20203","11470611","신월7동","4357","2856","1501","4","467","719","894","1036","1237","3","345","547","587","630","744","1","122","172","307","406","493"
"20203","11470630","신정2동","13985","8015","5970","66","2513","4519","3729","2456","702","30","1020","2487","2309","1628","541","36","1493","2032","1420","828","161"
"20203","11530550","구로4동","2159","1229","930","5","243","425","532","527","427","3","112","228","294","293","299","2","131","197","238","234","128"
"20203","11545510","가산동","84451","55529","28922","300","16641","26228","20890","12369","8023","193","8827","17613","15063","8220","5613","107","7814","8615","5827","4149","2410"
"20203","11545620","독산2동","1789","993","796","1","230","372","417","495","274","0","125","176","207","282","203","1","105","196","210","213","71"
"20203","11545680","시흥2동","3435","2024","1411","4","342","681","873","1027","508","3","199","387","492","597","346","1","143","294","381","430","162"
"20203","11560585","도림동","1619","1028","591","12","144","272","393","413","385","10","65","165","247","262","279","2","79","107","146","151","106"
"20203","11560605","문래동","81647","59216","22431","162","12600","26629","25117","12877","4262","62","7033","20252","20512","8694","2663","100","5567","6377","4605","4183","1599"
"20203","11590660","대방동","11271","7474","3797","22","1880","3051","2637","2515","1166","7","998","2084","1836","1812","737","15","882","967","801","703","429"
"20203","11590560","상도4동","2530","1503","1027","3","355","559","610","636","367","2","174","328","367","445","187","1","181","231","243","191","180"
"20203","11620735","대학동","3077","2250","827","3","433","739","863","742","297","1","256","500","673","587","233","2","177","239","190","155","64"
"20203","11620665","서림동","1808","1022","786","8","273","316","451","387","373","2","137","168","241","231","243","6","136","148","210","156","130"
"20203","11650621","방배4동","21837","13492","8345","61","3771","6017","5424","4166","2398","27","1599","3546","3678","2918","1724","34","2172","2471","1746","1248","674"
"20203","11650651","양재1동","33395","21554","11841","445","7793","9217","7561","4987","3392","215","3960","6187","5334","3319","2539","230","3833","3030","2227","1668","853"
"20211","11110530","사직동","47822","29932","17890","53","6303","13536","14415","9470","4045","14","2635","8315","9863","6619","2486","39","3668","5221","4552","2851","1559"
"20211","11170700","보광동","1059","532","527","1","137","225","268","258","170","1","26","109","139","145","112","0","111","116","129","113","58"
"20211","11170520","용산2가동","1795","1266","529","0","150","298","628","603","116","0","59","164","490","472","81","0","91","134","138","131","35"
"20211","11170640","이촌2동","2906","1976","930","8","411","803","858","630","196","3","184","508","647","491","143","5","227","295","211","139","53"
"20211","11200615","금호2?3가동","697","365","332","0","81","125","162","160","169","0","19","50","81","89","126","0","62","75","81","71","43"
"20211","11200645","옥수동","4791","1847","2944","5","1224","1430","1086","718","328","0","306","528","505","336","172","5","918","902","581","382","156"
"20211","11215810","광장동","16633","10092","6541","181","5160","4368","3223","2556","1145","56","2475","2824","2177","1712","848","125","2685","1544","1046","844","297"
"20211","11215830","자양2동","5005","3083","1922","20","716","1123","1284","1268","594","12","473","710","764","692","432","8","243","413","520","576","162"
"20211","11215847","자양4동","1152","729","423","6","101","178","269","290","308","5","46","95","157","184","242","1","55","83","112","106","66"
"20211","11215740","중곡1동","5496","2668","2828","82","1416","1044","1099","1287","568","28","605","563","545","517","410","54","811","481","554","770","158"
"20211","11230536","용신동","23899","12377","11522","56","2872","5303","5905","5893","3870","28","1358","3033","3112","2709","2137","28","1514","2270","2793","3184","1733"
"20211","11230720","휘경1동","1421","830","591","5","153","273","354","367","269","1","58","153","224","248","146","4","95","120","130","119","123"
"20211","11230730","휘경2동","4402","2273","2129","7","589","968","1138","1052","648","4","174","461","596","562","476","3","415","507","542","490","172"
"20211","11260655","망우본동","3417","1787","1630","14","378","624","763","1020","618","1","129","239","359","562","497","13","249","385","404","458","121"
"20211","11260570","면목7동","1410","772","638","2","173","268","338","383","246","2","59","120","177","222","192","0","114","148","161","161","54"
"20211","11260630","묵2동","2062","1388","674","1","299","504","494","556","208","1","171","341","326","406","143","0","128","163","168","150","65"
"20211","11260680","신내1동","4245","2030","2215","1","751","928","780","1114","671","1","204","390","376","549","510","0","547","538","404","565","161"
"20211","11290685","길음2동","722","307","415","3","80","138","190","198","113","2","35","58","87","70","55","1","45","80","103","128","58"
"20211","11290525","성북동","23717","18050","5667","44","3093","5817","6878","6849","1036","13","1710","4056","5451","6104","716","31","1383","1761","1427","745","320"
"20211","11290780","장위3동","1195","728","467","6","175","228","252","297","237","2","65","121","143","188","209","4","110","107","109","109","28"
"20211","11290705","종암동","22158","11647","10511","63","1867","5592","7813","6324","499","13","799","2048","3570","4921","296","50","1068","3544","4243","1403","203"
"20211","11305535","미아동","1850","1039","811","2","199","342","519","499","289","2","86","168","289","302","192","0","113","174","230","197","97"
"20211","11305608","번3동","1263","689","574","11","130","211","308","355","248","7","51","100","168","196","167","4","79","111","140","159","81"
"20211","11305660","인수동","4298","2498","1800","5","441","856","1098","1224","674","3","164","453","662","728","488","2","277","403","436","496","186"
"20211","11320690","방학1동","6582","3804","2778","14","664","1442","1618","1954","890","11","355","839","836","1104","659","3","309","603","782","850","231"
"20211","11320670","쌍문2동","1469","825","644","1","171","253","341","415","288","0","53","115","179","260","218","1","118","138","162","155","70"
"20211","11350720","상계10동","1064","449","615","0","164","226","285","302","87","0","35","95","112","144","63","0","129","131","173","158","24"
"20211","11350570","월계2동","1268","617","651","8","146","281","342","348","143","6","54","111","154","182","110","2","92","170","188","166","33"
"20211","11410710","북가좌1동","1739","1357","382","0","49","113","193","345","1039","0","16","52","88","234","967","0","33","61","105","111","72"
"20211","11410655","홍제2동","739","379","360","0","113","162","187","163","114","0","40","107","95","79","58","0","73","55","92","84","56"
"20211","11440585","도화동","13141","7986","5155","24","2416","3200","3302","2929","1270","12","1264","2199","2176","1526","809","12","1152","1001","1126","1403","461"
"20211","11440740","상암동","15320","9403","5917","39","3231","5547","4162","1731","610","17","1420","3496","2771","1209","490","22","1811","2051","1391","522","120"
"20211","11440660","서교동","26960","13797","13163","135","5627","7574","6249","4402","2973","88","2301","3787","3449","2331","1841","47","3326","3787","2800","2071","1132"
"20211","11440710","연남동","3213","1975","1238","4","517","760","777","678","477","4","232","412","461","463","403","0","285","348","316","215","74"
"20211","11500535","등촌3동","15368","8147","7221","44","1901","3264","3431","3801","2927","22","831","1785","2013","1850","1646","22","1070","1479","1418","1951","1281"
"20211","11500640","방화2동","3390","2190","1200","9","367","654","764","880","716","8","200","392","490","561","539","1","167","262","274","319","177"
"20211","11500641","방화3동","5011","3236","1775","7","488","1063","1262","1375","816","5","248","561","780","968","674","2","240","502","482","407","142"
"20211","11500570","화곡4동","2710","1207","1503","3","637","730","552","506","282","2","151","317","267","269","201","1","486","413","285","237","81"
"20211","11500590","화곡본동","2983","1681","1302","13","337","586","716","710","621","11","127","318","406","374","445","2","210","268","310","336","176"
"20211","11530595","가리봉동","972","454","518","1","95","161","224","209","282","0","42","74","102","83","153","1","53","87","122","126","129"
"20211","11530520","구로1동","4769","2813","1956","5","551","1184","1128","986","915","3","307","754","763","603","383","2","244","430","365","383","532"
"20211","11530770","오류1동","4294","2719","1575","14","556","798","1050","1234","642","7","393","537","636","709","437","7","163","261","414","525","205"
"20211","11560650","신길3동","1332","863","469","2","100","223","302","327","378","2","41","133","192","209","286","0","59","90","110","118","92"
"20211","11560690","신길7동","2693","1837","856","6","318","515","610","768","476","4","198","350","406","493","386","2","120","165","204","275","90"
"20211","11590530","상도1동","6189","3568","2621","10","958","1525","1507","1366","823","2","406","854","904","844","558","8","552","671","603","522","265"
"20211","11620525","보라매동","1838","943","895","8","253","408","426","448","295","3","107","206","219","212","196","5","146","202","207","236","99"
"20211","11620695","신림동","1946","1168","778","4","173","275","462","443","589","1","63","144","255","257","448","3","110","131","207","186","141"
"20211","11620615","중앙동","1420","666","754","3","174","256","327","381","279","2","71","125","154","182","132","1","103","131","173","199","147"
"20211","11620545","청림동","2705","1543","1162","4","408","900","885","393","115","3","178","504","529","253","76","1","230","396","356","140","39"
"20211","11650600","방배1동","19003","12553","6450","92","3748","5826","4604","3465","1268","61","1778","3553","3393","2828","940","31","1970","2273","1211","637","328"
"20211","11650531","서초4동","37488","21433","16055","138","7320","11471","9418","6641","2500","63","2783","6553","6110","4162","1762","75","4537","4918","3308","2479","738"
"20211","11680531","논현2동","55372","35328","20044","151","10602","16012","13330","8967","6310","47","4602","9575","9465","6803","4836","104","6000","6437","3865","2164","1474"
"20211","11680580","삼성1동","130157","87840","42317","310","26223","39031","34864","23107","6622","153","14094","25801","25719","18114","3959","157","12129","13230","9145","4993","2663"
"20211","11710631","가락1동","5913","4134","1779","0","404","1101","1627","1695","1086","0","271","843","1198","1111","711","0","133","258","429","584","375"
"20211","11710540","마천1동","955","471","484","2","112","201","273","249","118","1","46","98","129","118","79","1","66","103","144","131","39"
"20211","11710510","풍납1동","1718","964","754","1","228","386","435","451","217","1","120","208","229","240","166","0","108","178","206","211","51"
"20211","11710520","풍납2동","23596","11568","12028","3","5113","8054","5886","3553","987","0","1384","4183","3091","2173","737","3","3729","3871","2795","1380","250"
"20211","11740640","성내1동","17072","11605","5467","42","2020","3567","3667","4407","3369","17","1169","2225","2403","3188","2603","25","851","1342","1264","1219","766"
"20211","11110570","무악동","608","169","439","7","168","169","147","80","37","6","35","32","47","26","23","1","133","137","100","54","14"
"20211","11140665","동화동","1504","682","822","2","239","362","395","319","187","1","62","126","191","176","126","1","177","236","204","143","61"
"20211","11140635","약수동","17658","6830","10828","51","2837","6596","4891","2424","859","11","862","2322","1622","1389","624","40","1975","4274","3269","1035","235"
"20211","11140605","을지로동","15914","8662","7252","70","3844","3863","3457","2755","1925","17","1005","2127","2244","1916","1353","53","2839","1736","1213","839","572"
"20211","11170530","남영동","21173","8924","12249","187","8038","5217","4031","2705","995","22","1507","2802","2399","1454","740","165","6531","2415","1632","1251","255"
"20211","11170685","한남동","41934","30661","11273","135","6886","12388","11000","9625","1900","89","3268","8250","8923","8616","1515","46","3618","4138","2077","1009","385"
"20211","11200650","성수1가1동","3550","2228","1322","3","452","745","793","940","617","1","207","466","510","640","404","2","245","279","283","300","213"
"20211","11200520","왕십리2동","1259","746","513","2","175","319","360","269","134","2","85","169","221","170","99","0","90","150","139","99","35"
"20211","11200580","응봉동","1688","695","993","12","400","449","373","285","169","2","89","156","175","146","127","10","311","293","198","139","42"
"20211","11200560","행당1동","2359","1588","771","1","298","491","600","671","298","0","148","303","414","507","216","1","150","188","186","164","82"
"20211","11215870","구의3동","12940","7885","5055","27","1521","2728","3129","3229","2306","8","873","1900","2126","1661","1317","19","648","828","1003","1568","989"
"20211","11230660","장안2동","6304","3377","2927","46","1936","1218","1256","1163","685","27","1005","698","580","567","500","19","931","520","676","596","185"
"20211","11290715","월곡1동","2594","1577","1017","4","204","338","530","555","963","4","76","163","278","360","696","0","128","175","252","195","267"
"20211","11290770","장위2동","1746","1050","696","3","158","292","415","420","458","2","57","144","233","260","354","1","101","148","182","160","104"
"20211","11290640","정릉3동","2441","1649","792","15","383","695","593","440","315","14","207","494","418","314","202","1","176","201","175","126","113"
"20211","11305595","번1동","2555","1499","1056","2","322","516","510","657","548","0","139","316","307","420","317","2","183","200","203","237","231"
"20211","11305575","삼각산동","1296","708","588","1","227","343","406","210","109","0","93","192","227","105","91","1","134","151","179","105","18"
"20211","11305625","수유2동","2222","1180","1042","1","105","171","422","658","865","0","30","90","266","448","346","1","75","81","156","210","519"
"20211","11305645","우이동","2841","1745","1096","4","171","263","394","669","1340","3","51","126","214","460","891","1","120","137","180","209","449"
"20211","11320515","창5동","7114","4495","2619","9","821","1589","1757","1497","1441","7","428","1090","1177","820","973","2","393","499","580","677","468"
"20211","11350595","공릉1동","6301","3404","2897","8","659","982","1376","1729","1547","4","299","541","682","893","985","4","360","441","694","836","562"
"20211","11350700","상계8동","1180","616","564","3","167","344","290","263","113","1","59","215","121","143","77","2","108","129","169","120","36"
"20211","11410690","남가좌1동","3997","2401","1596","11","278","509","695","992","1512","8","190","341","440","522","900","3","88","168","255","470","612"
"20211","11440565","공덕동","14467","8329","6138","84","3210","3917","3860","2545","851","33","1283","2076","2451","1878","608","51","1927","1841","1409","667","243"
"20211","11440610","염리동","3956","2587","1369","75","736","884","795","861","605","27","372","596","586","593","413","48","364","288","209","268","192"
"20211","11470550","목5동","31153","18954","12199","114","5058","8049","7547","6516","3869","55","2331","4850","4764","4269","2685","59","2727","3199","2783","2247","1184"
"20211","11470570","신월2동","2996","1737","1259","12","259","472","804","817","632","9","142","279","419","437","451","3","117","193","385","380","181"
"20211","11470670","신정6동","18155","11030","7125","92","3488","5238","4247","3672","1418","74","1698","3218","2712","2347","981","18","1790","2020","1535","1325","437"
"20211","11500540","화곡1동","5031","2822","2209","21","535","1016","1247","1402","810","17","249","591","676","789","500","4","286","425","571","613","310"
"20211","11530750","개봉2동","8038","3972","4066","37","1415","1946","1909","1903","828","17","804","1236","844","639","432","20","611","710","1065","1264","396"
"20211","11530730","고척2동","3143","1958","1185","10","356","698","794","841","444","7","220","440","469","485","337","3","136","258","325","356","107"
"20211","11530560","구로5동","14392","9095","5297","44","2014","3370","3745","3190","2029","33","1138","2322","2481","1889","1232","11","876","1048","1264","1301","797"
"20211","11560620","양평2동","14774","8451","6323","38","2693","4021","4060","2540","1422","15","1180","2429","2300","1491","1036","23","1513","1592","1760","1049","386"
"20211","11560535","영등포동","14217","7943","6274","48","2615","3539","3349","2794","1872","14","977","1979","2088","1652","1233","34","1638","1560","1261","1142","639"
"20211","11590670","신대방1동","7418","4694","2724","24","1422","2370","1722","1183","697","14","724","1528","1188","772","468","10","698","842","534","411","229"
"20211","11620645","서원동","2912","1206","1706","5","563","630","529","646","539","2","143","260","265","235","301","3","420","370","264","411","238"
"20211","11620625","인헌동","3435","1976","1459","13","701","985","867","536","333","5","324","608","515","277","247","8","377","377","352","259","86"
"20211","11620595","청룡동","6665","3660","3005","8","1087","1894","1590","1510","576","3","433","957","884","988","395","5","654","937","706","522","181"
"20211","11650570","반포2동","9861","5872","3989","18","1652","3059","2563","1656","913","10","723","1849","1650","999","641","8","929","1210","913","657","272"
"20211","11650520","서초2동","67858","45080","22778","159","14201","22383","16994","10387","3734","54","7752","15121","11691","7781","2681","105","6449","7262","5303","2606","1053"
"20211","11650652","양재2동","43401","32515","10886","106","5761","10598","12175","11422","3339","59","3488","7792","9341","9309","2526","47","2273","2806","2834","2113","813"
"20211","11680740","일원2동","5600","3682","1918","17","832","1447","1587","1319","398","5","407","891","1091","992","296","12","425","556","496","327","102"
"20211","11710620","가락본동","27955","16882","11073","89","3790","6716","6396","5452","5512","37","1813","4194","4281","3158","3399","52","1977","2522","2115","2294","2113"
"20211","11710562","방이2동","24911","14324","10587","53","4019","6387","5622","5295","3535","37","2261","4157","3442","2476","1951","16","1758","2230","2180","2819","1584"
"20211","11710670","잠실2동","7793","5196","2597","10","1494","2265","2042","1556","426","9","938","1589","1387","1026","247","1","556","676","655","530","179"
"20211","11740600","천호1동","2450","1407","1043","6","246","461","597","573","567","1","100","239","304","336","427","5","146","222","293","237","140"
"20211","11110540","삼청동","5862","4751","1111","3","726","1549","1817","1381","386","0","460","1187","1543","1230","331","3","266","362","274","151","55"
"20211","11110630","종로5?6가동","15588","9737","5851","407","3613","4484","3824","2369","891","114","1498","2891","2796","1819","619","293","2115","1593","1028","550","272"
"20211","11110670","창신1동","1307","566","741","1","117","231","397","315","246","0","47","88","128","140","163","1","70","143","269","175","83"
"20211","11110650","혜화동","6669","3263","3406","30","1094","1790","1598","1324","833","22","380","867","848","687","459","8","714","923","750","637","374"
"20211","11170690","서빙고동","14416","9448","4968","37","2566","4289","4433","2273","818","15","1228","2510","3241","1816","638","22","1338","1779","1192","457","180"
"20211","11170590","용문동","2710","1570","1140","11","527","732","741","503","196","7","221","430","439","338","135","4","306","302","302","165","61"
"20211","11170560","원효로1동","4677","3188","1489","21","727","1266","1220","852","591","12","430","908","848","583","407","9","297","358","372","269","184"
"20211","11170630","이촌1동","10866","6950","3916","53","1764","2919","3039","2219","872","34","876","1798","2142","1493","607","19","888","1121","897","726","265"
"20211","11170555","청파동","4834","2581","2253","14","753","1213","1147","1014","693","8","264","562","606","621","520","6","489","651","541","393","173"
"20211","11200590","금호1가동","2304","858","1446","15","272","750","937","260","70","0","88","248","371","102","49","15","184","502","566","158","21"
"20211","11200720","송정동","1247","754","493","1","181","290","313","250","212","0","88","178","172","148","168","1","93","112","141","102","44"
"20211","11215770","중곡4동","5044","2482","2562","6","871","1221","1285","1169","492","4","254","568","628","634","394","2","617","653","657","535","98"
"20211","11215710","화양동","2662","1687","975","9","348","425","650","775","455","4","133","230","426","533","361","5","215","195","224","242","94"
"20211","11230610","답십리2동","4215","3060","1155","32","687","954","962","850","730","28","504","727","697","583","521","4","183","227","265","267","209"
"20211","11230750","이문2동","2210","1168","1042","2","268","474","498","560","408","1","93","229","233","307","305","1","175","245","265","253","103"
"20211","11230650","장안1동","10768","6778","3990","34","1470","2114","2327","2359","2464","26","880","1351","1448","1427","1646","8","590","763","879","932","818"
"20211","11260540","면목4동","1624","1162","462","2","121","264","432","588","217","1","55","160","292","481","173","1","66","104","140","107","44"
"20211","11290660","길음1동","6329","3095","3234","419","2211","1546","1057","690","406","176","957","813","522","320","307","243","1254","733","535","370","99"
"20211","11290610","보문동","6952","5271","1681","6","667","2047","1463","1460","1309","2","365","1644","1172","1170","918","4","302","403","291","290","391"
"20211","11290555","삼선동","6459","3237","3222","8","699","1546","1938","1603","665","4","247","667","937","1001","381","4","452","879","1001","602","284"
"20211","11290760","장위1동","1324","690","634","2","238","278","309","277","220","1","110","154","156","135","134","1","128","124","153","142","86"
"20211","11290630","정릉2동","1757","773","984","0","286","418","473","380","200","0","74","179","186","185","149","0","212","239","287","195","51"
"20211","11305603","번2동","1380","655","725","1","201","205","357","391","225","0","85","107","157","187","119","1","116","98","200","204","106"
"20211","11350630","상계1동","5569","3527","2042","23","644","1148","1345","1414","995","18","369","775","875","881","609","5","275","373","470","533","386"
"20211","11350670","상계5동","1861","927","934","5","128","213","314","464","737","2","52","114","139","210","410","3","76","99","175","254","327"
"20211","11350695","상계6?7동","6346","2810","3536","19","890","1498","1624","1611","704","11","233","564","725","883","394","8","657","934","899","728","310"
"20211","11350560","월계1동","2778","1511","1267","13","430","656","717","544","418","5","200","395","362","278","271","8","230","261","355","266","147"
"20211","11350624","중계4동","2064","1128","936","12","201","421","483","539","408","7","75","203","253","283","307","5","126","218","230","256","101"
"20211","11350612","하계2동","1414","910","504","2","145","263","384","465","155","0","82","161","240","294","133","2","63","102","144","171","22"
"20211","11380570","대조동","2617","1284","1333","5","323","553","704","596","436","4","119","269","331","267","294","1","204","284","373","329","142"
"20211","11380640","증산동","2848","1844","1004","2","364","748","783","642","309","2","169","501","515","424","233","0","195","247","268","218","76"
"20211","11410585","신촌동","5047","2648","2399","12","786","1329","1274","1079","567","7","305","582","652","701","401","5","481","747","622","378","166"
"20211","11410620","홍제1동","2477","1275","1202","5","265","373","628","847","359","2","77","175","328","475","218","3","188","198","300","372","141"
"20211","11440690","망원1동","3153","1750","1403","10","855","862","647","467","312","3","496","462","313","276","200","7","359","400","334","191","112"
"20211","11440730","성산2동","2757","1239","1518","5","275","511","724","838","404","3","99","251","327","330","229","2","176","260","397","508","175"
"20211","11470510","목1동","17427","11303","6124","49","3004","4738","4346","3560","1730","31","1399","3112","3084","2553","1124","18","1605","1626","1262","1007","606"
"20211","11470600","신월5동","2190","1209","981","8","278","535","546","550","273","5","127","267","283","322","205","3","151","268","263","228","68"
"20211","11470610","신월6동","1115","652","463","1","118","205","253","306","232","0","45","105","138","173","191","1","73","100","115","133","41"
"20211","11470680","신정7동","5753","3432","2321","14","656","1376","1762","1305","640","8","306","770","1070","807","471","6","350","606","692","498","169"
"20211","11500620","공항동","33826","17706","16120","10","5671","11101","9233","6573","1238","2","1358","4648","5380","5415","903","8","4313","6453","3853","1158","335"
"20211","11500530","등촌2동","4992","2944","2048","6","614","985","1193","1272","922","2","259","533","721","804","625","4","355","452","472","468","297"
"20211","11500615","우장산동","6277","3448","2829","6","1358","1416","1329","1316","852","4","515","819","782","778","550","2","843","597","547","538","302"
"20211","11500550","화곡2동","1532","914","618","6","188","416","397","369","156","3","108","271","238","193","101","3","80","145","159","176","55"
"20211","11500591","화곡6동","10754","6820","3934","35","1515","2863","2741","2431","1169","9","750","1821","1754","1606","880","26","765","1042","987","825","289"
"20211","11530760","개봉3동","1995","1198","797","5","278","485","501","427","299","5","136","299","299","240","219","0","142","186","202","187","80"
"20211","11560630","신길1동","3535","1563","1972","4","633","842","785","696","575","0","202","405","373","294","289","4","431","437","412","402","286"
"20212","11110530","사직동","47822","29932","17890","53","6303","13536","14415","9470","4045","14","2635","8315","9863","6619","2486","39","3668","5221","4552","2851","1559"
"20212","11170700","보광동","1059","532","527","1","137","225","268","258","170","1","26","109","139","145","112","0","111","116","129","113","58"
"20212","11170520","용산2가동","1795","1266","529","0","150","298","628","603","116","0","59","164","490","472","81","0","91","134","138","131","35"
"20212","11170640","이촌2동","2906","1976","930","8","411","803","858","630","196","3","184","508","647","491","143","5","227","295","211","139","53"
"20212","11200615","금호2?3가동","697","365","332","0","81","125","162","160","169","0","19","50","81","89","126","0","62","75","81","71","43"
"20212","11200645","옥수동","4791","1847","2944","5","1224","1430","1086","718","328","0","306","528","505","336","172","5","918","902","581","382","156"
"20212","11215810","광장동","16633","10092","6541","181","5160","4368","3223","2556","1145","56","2475","2824","2177","1712","848","125","2685","1544","1046","844","297"
"20212","11215830","자양2동","5005","3083","1922","20","716","1123","1284","1268","594","12","473","710","764","692","432","8","243","413","520","576","162"
"20212","11215847","자양4동","1152","729","423","6","101","178","269","290","308","5","46","95","157","184","242","1","55","83","112","106","66"
"20212","11215740","중곡1동","5496","2668","2828","82","1416","1044","1099","1287","568","28","605","563","545","517","410","54","811","481","554","770","158"
"20212","11230536","용신동","23899","12377","11522","56","2872","5303","5905","5893","3870","28","1358","3033","3112","2709","2137","28","1514","2270","2793","3184","1733"
"20212","11230720","휘경1동","1421","830","591","5","153","273","354","367","269","1","58","153","224","248","146","4","95","120","130","119","123"
"20212","11230730","휘경2동","4402","2273","2129","7","589","968","1138","1052","648","4","174","461","596","562","476","3","415","507","542","490","172"
"20212","11260655","망우본동","3417","1787","1630","14","378","624","763","1020","618","1","129","239","359","562","497","13","249","385","404","458","121"
"20212","11260570","면목7동","1410","772","638","2","173","268","338","383","246","2","59","120","177","222","192","0","114","148","161","161","54"
"20212","11260630","묵2동","2062","1388","674","1","299","504","494","556","208","1","171","341","326","406","143","0","128","163","168","150","65"
"20212","11260680","신내1동","4245","2030","2215","1","751","928","780","1114","671","1","204","390","376","549","510","0","547","538","404","565","161"
"20212","11290685","길음2동","722","307","415","3","80","138","190","198","113","2","35","58","87","70","55","1","45","80","103","128","58"
"20212","11290525","성북동","23717","18050","5667","44","3093","5817","6878","6849","1036","13","1710","4056","5451","6104","716","31","1383","1761","1427","745","320"
"20212","11290780","장위3동","1195","728","467","6","175","228","252","297","237","2","65","121","143","188","209","4","110","107","109","109","28"
"20212","11290705","종암동","22158","11647","10511","63","1867","5592","7813","6324","499","13","799","2048","3570","4921","296","50","1068","3544","4243","1403","203"
"20212","11305535","미아동","1850","1039","811","2","199","342","519","499","289","2","86","168","289","302","192","0","113","174","230","197","97"
"20212","11305608","번3동","1263","689","574","11","130","211","308","355","248","7","51","100","168","196","167","4","79","111","140","159","81"
"20212","11305660","인수동","4298","2498","1800","5","441","856","1098","1224","674","3","164","453","662","728","488","2","277","403","436","496","186"
"20212","11320690","방학1동","6582","3804","2778","14","664","1442","1618","1954","890","11","355","839","836","1104","659","3","309","603","782","850","231"
"20212","11320670","쌍문2동","1469","825","644","1","171","253","341","415","288","0","53","115","179","260","218","1","118","138","162","155","70"
"20212","11350720","상계10동","1064","449","615","0","164","226","285","302","87","0","35","95","112","144","63","0","129","131","173","158","24"
"20212","11350570","월계2동","1268","617","651","8","146","281","342","348","143","6","54","111","154","182","110","2","92","170","188","166","33"
"20212","11410710","북가좌1동","1739","1357","382","0","49","113","193","345","1039","0","16","52","88","234","967","0","33","61","105","111","72"
"20212","11410655","홍제2동","739","379","360","0","113","162","187","163","114","0","40","107","95","79","58","0","73","55","92","84","56"
"20212","11440585","도화동","13141","7986","5155","24","2416","3200","3302","2929","1270","12","1264","2199","2176","1526","809","12","1152","1001","1126","1403","461"
"20212","11440740","상암동","15320","9403","5917","39","3231","5547","4162","1731","610","17","1420","3496","2771","1209","490","22","1811","2051","1391","522","120"
"20212","11440660","서교동","26960","13797","13163","135","5627","7574","6249","4402","2973","88","2301","3787","3449","2331","1841","47","3326","3787","2800","2071","1132"
"20212","11440710","연남동","3213","1975","1238","4","517","760","777","678","477","4","232","412","461","463","403","0","285","348","316","215","74"
"20212","11500535","등촌3동","15368","8147","7221","44","1901","3264","3431","3801","2927","22","831","1785","2013","1850","1646","22","1070","1479","1418","1951","1281"
"20212","11500640","방화2동","3390","2190","1200","9","367","654","764","880","716","8","200","392","490","561","539","1","167","262","274","319","177"
"20212","11500641","방화3동","5011","3236","1775","7","488","1063","1262","1375","816","5","248","561","780","968","674","2","240","502","482","407","142"
"20212","11500570","화곡4동","2710","1207","1503","3","637","730","552","506","282","2","151","317","267","269","201","1","486","413","285","237","81"
"20212","11500590","화곡본동","2983","1681","1302","13","337","586","716","710","621","11","127","318","406","374","445","2","210","268","310","336","176"
"20212","11530595","가리봉동","972","454","518","1","95","161","224","209","282","0","42","74","102","83","153","1","53","87","122","126","129"
"20212","11530520","구로1동","4769","2813","1956","5","551","1184","1128","986","915","3","307","754","763","603","383","2","244","430","365","383","532"
"20212","11530770","오류1동","4294","2719","1575","14","556","798","1050","1234","642","7","393","537","636","709","437","7","163","261","414","525","205"
"20212","11560650","신길3동","1332","863","469","2","100","223","302","327","378","2","41","133","192","209","286","0","59","90","110","118","92"
"20212","11560690","신길7동","2693","1837","856","6","318","515","610","768","476","4","198","350","406","493","386","2","120","165","204","275","90"
"20212","11590530","상도1동","6189","3568","2621","10","958","1525","1507","1366","823","2","406","854","904","844","558","8","552","671","603","522","265"
"20212","11620525","보라매동","1838","943","895","8","253","408","426","448","295","3","107","206","219","212","196","5","146","202","207","236","99"
"20212","11620695","신림동","1946","1168","778","4","173","275","462","443","589","1","63","144","255","257","448","3","110","131","207","186","141"
"20212","11620615","중앙동","1420","666","754","3","174","256","327","381","279","2","71","125","154","182","132","1","103","131","173","199","147"
"20212","11620545","청림동","2705","1543","1162","4","408","900","885","393","115","3","178","504","529","253","76","1","230","396","356","140","39"
"20212","11650600","방배1동","19003","12553","6450","92","3748","5826","4604","3465","1268","61","1778","3553","3393","2828","940","31","1970","2273","1211","637","328"
"20212","11650531","서초4동","37488","21433","16055","138","7320","11471","9418","6641","2500","63","2783","6553","6110","4162","1762","75","4537","4918","3308","2479","738"
"20212","11680531","논현2동","55372","35328","20044","151","10602","16012","13330","8967","6310","47","4602","9575","9465","6803","4836","104","6000","6437","3865","2164","1474"
"20212","11680580","삼성1동","130157","87840","42317","310","26223","39031","34864","23107","6622","153","14094","25801","25719","18114","3959","157","12129","13230","9145","4993","2663"
"20212","11710631","가락1동","5913","4134","1779","0","404","1101","1627","1695","1086","0","271","843","1198","1111","711","0","133","258","429","584","375"
"20212","11710540","마천1동","955","471","484","2","112","201","273","249","118","1","46","98","129","118","79","1","66","103","144","131","39"
"20212","11710510","풍납1동","1718","964","754","1","228","386","435","451","217","1","120","208","229","240","166","0","108","178","206","211","51"
"20212","11710520","풍납2동","23596","11568","12028","3","5113","8054","5886","3553","987","0","1384","4183","3091","2173","737","3","3729","3871","2795","1380","250"
"20212","11740640","성내1동","17072","11605","5467","42","2020","3567","3667","4407","3369","17","1169","2225","2403","3188","2603","25","851","1342","1264","1219","766"
"20212","11110570","무악동","608","169","439","7","168","169","147","80","37","6","35","32","47","26","23","1","133","137","100","54","14"
"20212","11140665","동화동","1504","682","822","2","239","362","395","319","187","1","62","126","191","176","126","1","177","236","204","143","61"
"20212","11140635","약수동","17658","6830","10828","51","2837","6596","4891","2424","859","11","862","2322","1622","1389","624","40","1975","4274","3269","1035","235"
"20212","11140605","을지로동","15914","8662","7252","70","3844","3863","3457","2755","1925","17","1005","2127","2244","1916","1353","53","2839","1736","1213","839","572"
"20212","11170530","남영동","21173","8924","12249","187","8038","5217","4031","2705","995","22","1507","2802","2399","1454","740","165","6531","2415","1632","1251","255"
"20212","11170685","한남동","41934","30661","11273","135","6886","12388","11000","9625","1900","89","3268","8250","8923","8616","1515","46","3618","4138","2077","1009","385"
"20212","11200650","성수1가1동","3550","2228","1322","3","452","745","793","940","617","1","207","466","510","640","404","2","245","279","283","300","213"
"20212","11200520","왕십리2동","1259","746","513","2","175","319","360","269","134","2","85","169","221","170","99","0","90","150","139","99","35"
"20212","11200580","응봉동","1688","695","993","12","400","449","373","285","169","2","89","156","175","146","127","10","311","293","198","139","42"
"20212","11200560","행당1동","2359","1588","771","1","298","491","600","671","298","0","148","303","414","507","216","1","150","188","186","164","82"
"20212","11215870","구의3동","12940","7885","5055","27","1521","2728","3129","3229","2306","8","873","1900","2126","1661","1317","19","648","828","1003","1568","989"
"20212","11230660","장안2동","6304","3377","2927","46","1936","1218","1256","1163","685","27","1005","698","580","567","500","19","931","520","676","596","185"
"20212","11290715","월곡1동","2594","1577","1017","4","204","338","530","555","963","4","76","163","278","360","696","0","128","175","252","195","267"
"20212","11290770","장위2동","1746","1050","696","3","158","292","415","420","458","2","57","144","233","260","354","1","101","148","182","160","104"
"20212","11290640","정릉3동","2441","1649","792","15","383","695","593","440","315","14","207","494","418","314","202","1","176","201","175","126","113"
"20212","11305595","번1동","2555","1499","1056","2","322","516","510","657","548","0","139","316","307","420","317","2","183","200","203","237","231"
"20212","11305575","삼각산동","1296","708","588","1","227","343","406","210","109","0","93","192","227","105","91","1","134","151","179","105","18"
"20212","11305625","수유2동","2222","1180","1042","1","105","171","422","658","865","0","30","90","266","448","346","1","75","81","156","210","519"
"20212","11305645","우이동","2841","1745","1096","4","171","263","394","669","1340","3","51","126","214","460","891","1","120","137","180","209","449"
"20212","11320515","창5동","7114","4495","2619","9","821","1589","1757","1497","1441","7","428","1090","1177","820","973","2","393","499","580","677","468"
"20212","11350595","공릉1동","6301","3404","2897","8","659","982","1376","1729","1547","4","299","541","682","893","985","4","360","441","694","836","562"
"20212","11350700","상계8동","1180","616","564","3","167","344","290","263","113","1","59","215","121","143","77","2","108","129","169","120","36"
"20212","11410690","남가좌1동","3997","2401","1596","11","278","509","695","992","1512","8","190","341","440","522","900","3","88","168","255","470","612"
"20212","11440565","공덕동","14467","8329","6138","84","3210","3917","3860","2545","851","33","1283","2076","2451","1878","608","51","1927","1841","1409","667","243"
"20212","11440610","염리동","3956","2587","1369","75","736","884","795","861","605","27","372","596","586","593","413","48","364","288","209","268","192"
"20212","11470550","목5동","31153","18954","12199","114","5058","8049","7547","6516","3869","55","2331","4850","4764","4269","2685","59","2727","3199","2783","2247","1184"
"20212","11470570","신월2동","2996","1737","1259","12","259","472","804","817","632","9","142","279","419","437","451","3","117","193","385","380","181"
"20212","11470670","신정6동","18155","11030","7125","92","3488","5238","4247","3672","1418","74","1698","3218","2712","2347","981","18","1790","2020","1535","1325","437"
"20212","11500540","화곡1동","5031","2822","2209","21","535","1016","1247","1402","810","17","249","591","676","789","500","4","286","425","571","613","310"
"20212","11530750","개봉2동","8038","3972","4066","37","1415","1946","1909","1903","828","17","804","1236","844","639","432","20","611","710","1065","1264","396"
"20212","11530730","고척2동","3143","1958","1185","10","356","698","794","841","444","7","220","440","469","485","337","3","136","258","325","356","107"
"20212","11530560","구로5동","14392","9095","5297","44","2014","3370","3745","3190","2029","33","1138","2322","2481","1889","1232","11","876","1048","1264","1301","797"
"20212","11560620","양평2동","14774","8451","6323","38","2693","4021","4060","2540","1422","15","1180","2429","2300","1491","1036","23","1513","1592","1760","1049","386"
"20212","11560535","영등포동","14217","7943","6274","48","2615","3539","3349","2794","1872","14","977","1979","2088","1652","1233","34","1638","1560","1261","1142","639"
"20212","11590670","신대방1동","7418","4694","2724","24","1422","2370","1722","1183","697","14","724","1528","1188","772","468","10","698","842","534","411","229"
"20212","11620645","서원동","2912","1206","1706","5","563","630","529","646","539","2","143","260","265","235","301","3","420","370","264","411","238"
"20212","11620625","인헌동","3435","1976","1459","13","701","985","867","536","333","5","324","608","515","277","247","8","377","377","352","259","86"
"20212","11620595","청룡동","6665","3660","3005","8","1087","1894","1590","1510","576","3","433","957","884","988","395","5","654","937","706","522","181"
"20212","11650570","반포2동","9861","5872","3989","18","1652","3059","2563","1656","913","10","723","1849","1650","999","641","8","929","1210","913","657","272"
"20212","11650520","서초2동","67858","45080","22778","159","14201","22383","16994","10387","3734","54","7752","15121","11691","7781","2681","105","6449","7262","5303","2606","1053"
"20212","11650652","양재2동","43401","32515","10886","106","5761","10598","12175","11422","3339","59","3488","7792","9341","9309","2526","47","2273","2806","2834","2113","813"
"20212","11680740","일원2동","5600","3682","1918","17","832","1447","1587","1319","398","5","407","891","1091","992","296","12","425","556","496","327","102"
"20212","11710620","가락본동","27955","16882","11073","89","3790","6716","6396","5452","5512","37","1813","4194","4281","3158","3399","52","1977","2522","2115","2294","2113"
"20212","11710562","방이2동","24911","14324","10587","53","4019","6387","5622","5295","3535","37","2261","4157","3442","2476","1951","16","1758","2230","2180","2819","1584"
"20212","11710670","잠실2동","7793","5196","2597","10","1494","2265","2042","1556","426","9","938","1589","1387","1026","247","1","556","676","655","530","179"
"20212","11740600","천호1동","2450","1407","1043","6","246","461","597","573","567","1","100","239","304","336","427","5","146","222","293","237","140"
"20212","11110540","삼청동","5862","4751","1111","3","726","1549","1817","1381","386","0","460","1187","1543","1230","331","3","266","362","274","151","55"
"20212","11110630","종로5?6가동","15588","9737","5851","407","3613","4484","3824","2369","891","114","1498","2891","2796","1819","619","293","2115","1593","1028","550","272"
"20212","11110670","창신1동","1307","566","741","1","117","231","397","315","246","0","47","88","128","140","163","1","70","143","269","175","83"
"20212","11110650","혜화동","6669","3263","3406","30","1094","1790","1598","1324","833","22","380","867","848","687","459","8","714","923","750","637","374"
"20212","11170690","서빙고동","14416","9448","4968","37","2566","4289","4433","2273","818","15","1228","2510","3241","1816","638","22","1338","1779","1192","457","180"
"20212","11170590","용문동","2710","1570","1140","11","527","732","741","503","196","7","221","430","439","338","135","4","306","302","302","165","61"
"20212","11170560","원효로1동","4677","3188","1489","21","727","1266","1220","852","591","12","430","908","848","583","407","9","297","358","372","269","184"
"20212","11170630","이촌1동","10866","6950","3916","53","1764","2919","3039","2219","872","34","876","1798","2142","1493","607","19","888","1121","897","726","265"
"20212","11170555","청파동","4834","2581","2253","14","753","1213","1147","1014","693","8","264","562","606","621","520","6","489","651","541","393","173"
"20212","11200590","금호1가동","2304","858","1446","15","272","750","937","260","70","0","88","248","371","102","49","15","184","502","566","158","21"
"20212","11200720","송정동","1247","754","493","1","181","290","313","250","212","0","88","178","172","148","168","1","93","112","141","102","44"
"20212","11215770","중곡4동","5044","2482","2562","6","871","1221","1285","1169","492","4","254","568","628","634","394","2","617","653","657","535","98"
"20212","11215710","화양동","2662","1687","975","9","348","425","650","775","455","4","133","230","426","533","361","5","215","195","224","242","94"
"20212","11230610","답십리2동","4215","3060","1155","32","687","954","962","850","730","28","504","727","697","583","521","4","183","227","265","267","209"
"20212","11230750","이문2동","2210","1168","1042","2","268","474","498","560","408","1","93","229","233","307","305","1","175","245","265","253","103"
"20212","11230650","장안1동","10768","6778","3990","34","1470","2114","2327","2359","2464","26","880","1351","1448","1427","1646","8","590","763","879","932","818"
"20212","11260540","면목4동","1624","1162","462","2","121","264","432","588","217","1","55","160","292","481","173","1","66","104","140","107","44"
"20212","11290660","길음1동","6329","3095","3234","419","2211","1546","1057","690","406","176","957","813","522","320","307","243","1254","733","535","370","99"
"20212","11290610","보문동","6952","5271","1681","6","667","2047","1463","1460","1309","2","365","1644","1172","1170","918","4","302","403","291","290","391"
"20212","11290555","삼선동","6459","3237","3222","8","699","1546","1938","1603","665","4","247","667","937","1001","381","4","452","879","1001","602","284"
"20212","11290760","장위1동","1324","690","634","2","238","278","309","277","220","1","110","154","156","135","134","1","128","124","153","142","86"
"20212","11290630","정릉2동","1757","773","984","0","286","418","473","380","200","0","74","179","186","185","149","0","212","239","287","195","51"
"20212","11305603","번2동","1380","655","725","1","201","205","357","391","225","0","85","107","157","187","119","1","116","98","200","204","106"
"20212","11350630","상계1동","5569","3527","2042","23","644","1148","1345","1414","995","18","369","775","875","881","609","5","275","373","470","533","386"
"20212","11350670","상계5동","1861","927","934","5","128","213","314","464","737","2","52","114","139","210","410","3","76","99","175","254","327"
"20212","11350695","상계6?7동","6346","2810","3536","19","890","1498","1624","1611","704","11","233","564","725","883","394","8","657","934","899","728","310"
"20212","11350560","월계1동","2778","1511","1267","13","430","656","717","544","418","5","200","395","362","278","271","8","230","261","355","266","147"
"20212","11350624","중계4동","2064","1128","936","12","201","421","483","539","408","7","75","203","253","283","307","5","126","218","230","256","101"
"20212","11350612","하계2동","1414","910","504","2","145","263","384","465","155","0","82","161","240","294","133","2","63","102","144","171","22"
"20212","11380570","대조동","2617","1284","1333","5","323","553","704","596","436","4","119","269","331","267","294","1","204","284","373","329","142"
"20212","11380640","증산동","2848","1844","1004","2","364","748","783","642","309","2","169","501","515","424","233","0","195","247","268","218","76"
"20212","11410585","신촌동","5047","2648","2399","12","786","1329","1274","1079","567","7","305","582","652","701","401","5","481","747","622","378","166"
"20212","11410620","홍제1동","2477","1275","1202","5","265","373","628","847","359","2","77","175","328","475","218","3","188","198","300","372","141"
"20212","11440690","망원1동","3153","1750","1403","10","855","862","647","467","312","3","496","462","313","276","200","7","359","400","334","191","112"
"20212","11440730","성산2동","2757","1239","1518","5","275","511","724","838","404","3","99","251","327","330","229","2","176","260","397","508","175"
"20212","11470510","목1동","17427","11303","6124","49","3004","4738","4346","3560","1730","31","1399","3112","3084","2553","1124","18","1605","1626","1262","1007","606"
"20212","11470600","신월5동","2190","1209","981","8","278","535","546","550","273","5","127","267","283","322","205","3","151","268","263","228","68"
"20212","11470610","신월6동","1115","652","463","1","118","205","253","306","232","0","45","105","138","173","191","1","73","100","115","133","41"
"20212","11470680","신정7동","5753","3432","2321","14","656","1376","1762","1305","640","8","306","770","1070","807","471","6","350","606","692","498","169"
"20212","11500620","공항동","33826","17706","16120","10","5671","11101","9233","6573","1238","2","1358","4648","5380","5415","903","8","4313","6453","3853","1158","335"
"20212","11500530","등촌2동","4992","2944","2048","6","614","985","1193","1272","922","2","259","533","721","804","625","4","355","452","472","468","297"
"20212","11500615","우장산동","6277","3448","2829","6","1358","1416","1329","1316","852","4","515","819","782","778","550","2","843","597","547","538","302"
"20212","11500550","화곡2동","1532","914","618","6","188","416","397","369","156","3","108","271","238","193","101","3","80","145","159","176","55"
"20212","11500591","화곡6동","10754","6820","3934","35","1515","2863","2741","2431","1169","9","750","1821","1754","1606","880","26","765","1042","987","825","289"
"20212","11530760","개봉3동","1995","1198","797","5","278","485","501","427","299","5","136","299","299","240","219","0","142","186","202","187","80"
"20212","11560630","신길1동","3535","1563","1972","4","633","842","785","696","575","0","202","405","373","294","289","4","431","437","412","402","286"
"20212","11560670","신길5동","1404","679","725","2","140","296","455","347","164","1","69","136","164","177","132","1","71","160","291","170","32"
"20212","11560540","여의동","217817","154569","63248","520","40050","78066","55998","33396","9787","195","22109","55804","43252","26581","6628","325","17941","22262","12746","6815","3159"
"20212","11620585","낙성대동","10344","5721","4623","20","1677","3541","2220","1585","1301","10","761","1862","1167","922","999","10","916","1679","1053","663","302"
"20212","11620685","신사동","4234","2870","1364","2","678","1206","1226","768","354","2","298","818","953","572","227","0","380","388","273","196","127"
"20212","11620605","은천동","4644","2204","2440","12","629","867","980","1276","880","1","210","402","501","575","515","11","419","465","479","701","365"
"20212","11650590","방배본동","28234","15628","12606","120","5284","7281","7505","5047","2997","82","1798","3804","4370","3275","2299","38","3486","3477","3135","1772","698"
"20212","11680610","대치2동","92377","51697","40680","530","16781","25425","21288","17434","10919","232","7729","15578","13694","8997","5467","298","9052","9847","7594","8437","5452"
"20212","11680590","삼성2동","62165","35711","26454","150","12530","20151","15787","8793","4754","61","5197","11854","10528","4946","3125","89","7333","8297","5259","3847","1629"
"20212","11680700","세곡동","1534","879","655","10","124","276","310","436","378","5","55","140","178","256","245","5","69","136","132","180","133"
"20212","11680650","역삼2동","51209","30365","20844","208","11790","14220","12162","9047","3782","85","5685","9112","8095","4730","2658","123","6105","5108","4067","4317","1124"
"20212","11680730","일원1동","2518","1370","1148","4","343","476","566","543","586","2","149","251","293","284","391","2","194","225","273","259","195"
"20212","11680565","청담동","57122","32691","24431","172","11877","18886","14178","8558","3451","72","4465","10782","9320","5650","2402","100","7412","8104","4858","2908","1049"
"20212","11710531","거여1동","3835","2832","1003","11","951","1067","919","530","357","9","659","841","701","364","258","2","292","226","218","166","99"
"20212","11710647","위례동","1268","1216","52","0","4","80","347","681","156","0","4","78","336","650","148","0","0","2","11","31","8"
"20212","11710690","잠실4동","9652","7756","1896","42","1285","3032","2803","2051","439","18","925","2493","2310","1675","335","24","360","539","493","376","104"
"20212","11710710","잠실6동","46691","24881","21810","93","7429","12391","13316","11902","1560","29","3439","7617","7686","4936","1174","64","3990","4774","5630","6966","386"
"20212","11710650","잠실본동","9422","6016","3406","45","1284","1797","2201","2088","2007","4","575","1097","1382","1438","1520","41","709","700","819","650","487"
"20212","11710646","장지동","6769","4617","2152","13","730","1085","1597","1784","1560","4","406","721","1070","1256","1160","9","324","364","527","528","400"
"20212","11740590","암사3동","3192","1912","1280","6","286","449","571","829","1051","3","146","269","312","478","704","3","140","180","259","351","347"
"20212","11140670","황학동","1714","1102","612","1","271","455","422","342","223","1","157","285","265","225","169","0","114","170","157","117","54"
"20212","11140540","회현동","58705","36279","22426","199","10994","20696","16047","8525","2244","68","5132","12355","10455","6703","1566","131","5862","8341","5592","1822","678"
"20212","11200690","성수2가3동","23863","15312","8551","83","3917","6067","5966","4768","3062","63","2176","4061","4011","2880","2121","20","1741","2006","1955","1888","941"
"20212","11215840","자양3동","3370","2410","960","8","406","863","937","843","313","3","252","605","689","618","243","5","154","258","248","225","70"
"20212","11260580","상봉1동","2499","1715","784","14","303","440","514","655","573","11","193","268","289","450","504","3","110","172","225","205","69"
"20212","11260590","상봉2동","5328","3673","1655","17","631","1376","1754","1205","345","13","369","964","1173","877","277","4","262","412","581","328","68"
"20212","11290600","안암동","4686","3030","1656","8","655","1203","1295","1013","512","3","333","745","832","715","402","5","322","458","463","298","110"
"20212","11320710","방학3동","3005","1804","1201","10","510","688","696","694","407","9","324","395","438","336","302","1","186","293","258","358","105"
"20212","11320680","쌍문3동","2022","963","1059","4","437","452","474","472","183","3","113","208","246","266","127","1","324","244","228","206","56"
"20212","11350710","상계9동","2626","1662","964","2","339","658","654","741","232","2","184","418","385","493","180","0","155","240","269","248","52"
"20212","11350580","월계3동","1502","756","746","1","166","265","395","434","241","1","63","137","182","228","145","0","103","128","213","206","96"
"20212","11350625","중계2?3동","2225","1256","969","5","288","582","570","571","209","4","170","349","294","305","134","1","118","233","276","266","75"
"20212","11380580","응암1동","2895","1605","1290","7","306","489","680","669","744","5","141","230","355","339","535","2","165","259","325","330","209"
"20212","11410615","연희동","14856","9739","5117","82","2345","3661","3196","4080","1492","43","1297","2440","1997","2924","1038","39","1048","1221","1199","1156","454"
"20212","11410660","홍은1동","7584","1500","6084","3","262","551","2062","3659","1047","1","98","189","374","439","399","2","164","362","1688","3220","648"
"20212","11440600","대흥동","5628","2774","2854","65","2228","1272","827","772","464","22","867","656","452","470","307","43","1361","616","375","302","157"
"20212","11440700","망원2동","5201","3099","2102","17","652","971","1126","1574","861","10","356","715","787","730","501","7","296","256","339","844","360"
"20212","11470611","신월7동","4357","2856","1501","4","467","719","894","1036","1237","3","345","547","587","630","744","1","122","172","307","406","493"
"20212","11470630","신정2동","13985","8015","5970","66","2513","4519","3729","2456","702","30","1020","2487","2309","1628","541","36","1493","2032","1420","828","161"
"20212","11530550","구로4동","2159","1229","930","5","243","425","532","527","427","3","112","228","294","293","299","2","131","197","238","234","128"
"20212","11545510","가산동","84451","55529","28922","300","16641","26228","20890","12369","8023","193","8827","17613","15063","8220","5613","107","7814","8615","5827","4149","2410"
"20212","11545620","독산2동","1789","993","796","1","230","372","417","495","274","0","125","176","207","282","203","1","105","196","210","213","71"
"20212","11545680","시흥2동","3435","2024","1411","4","342","681","873","1027","508","3","199","387","492","597","346","1","143","294","381","430","162"
"20212","11560585","도림동","1619","1028","591","12","144","272","393","413","385","10","65","165","247","262","279","2","79","107","146","151","106"
"20212","11560605","문래동","81647","59216","22431","162","12600","26629","25117","12877","4262","62","7033","20252","20512","8694","2663","100","5567","6377","4605","4183","1599"
"20212","11590660","대방동","11271","7474","3797","22","1880","3051","2637","2515","1166","7","998","2084","1836","1812","737","15","882","967","801","703","429"
"20212","11590560","상도4동","2530","1503","1027","3","355","559","610","636","367","2","174","328","367","445","187","1","181","231","243","191","180"
"20212","11620735","대학동","3077","2250","827","3","433","739","863","742","297","1","256","500","673","587","233","2","177","239","190","155","64"
"20212","11620665","서림동","1808","1022","786","8","273","316","451","387","373","2","137","168","241","231","243","6","136","148","210","156","130"
"20212","11650621","방배4동","21837","13492","8345","61","3771","6017","5424","4166","2398","27","1599","3546","3678","2918","1724","34","2172","2471","1746","1248","674"
"20212","11650651","양재1동","33395","21554","11841","445","7793","9217","7561","4987","3392","215","3960","6187","5334","3319","2539","230","3833","3030","2227","1668","853"
"20212","11680660","개포1동","18376","11295","7081","74","2873","4869","4780","3809","1971","30","1298","2691","3296","2574","1406","44","1575","2178","1484","1235","565"
"20212","11680656","도곡2동","192577","131699","60878","923","36796","75687","55314","19948","3909","583","19659","51843","42526","14511","2577","340","17137","23844","12788","5437","1332"
"20212","11680640","역삼1동","170825","101049","69776","494","34443","51961","43997","29792","10138","189","16474","32429","28719","16126","7112","305","17969","19532","15278","13666","3026"
"20212","11680720","일원본동","36779","20548","16231","181","9454","10978","8976","5878","1312","82","3541","6120","5771","4133","901","99","5913","4858","3205","1745","411"
"20212","11710550","마천2동","2599","1634","965","1","266","601","708","658","365","0","158","375","403","395","303","1","108","226","305","263","62"
"20212","11710561","방이1동","9129","6671","2458","30","952","1771","2392","2432","1552","19","450","1125","1786","1953","1338","11","502","646","606","479","214"
"20212","11710580","송파1동","8660","5413","3247","19","1228","1938","2145","1877","1453","8","530","1150","1399","1255","1071","11","698","788","746","622","382"
"20212","11740690","둔촌1동","1519","845","674","2","191","367","379","391","189","2","92","205","217","206","123","0","99","162","162","185","66"
"20212","11740520","상일동","3611","1827","1784","6","521","804","899","953","428","2","177","402","542","432","272","4","344","402","357","521","156"
"20212","11110640","이화동","5235","2876","2359","13","804","1303","1339","1082","694","6","257","600","777","725","511","7","547","703","562","357","183"
"20212","11110680","창신2동","344","116","228","0","22","40","89","116","77","0","4","11","32","39","30","0","18","29","57","77","47"
"20212","11110560","평창동","23179","12994","10185","45","2878","6197","7579","5016","1464","18","1373","3171","4476","3013","943","27","1505","3026","3103","2003","521"
"20212","11140590","광희동","42508","21177","21331","438","12207","11215","8725","6715","3208","189","5936","6526","5053","2274","1199","249","6271","4689","3672","4441","2009"
"20212","11140680","중림동","4348","2429","1919","3","913","1392","1134","599","307","2","420","754","630","399","224","1","493","638","504","200","83"
"20212","11170650","이태원1동","13034","5712","7322","26","3821","5020","2528","1242","397","14","981","2109","1400","906","302","12","2840","2911","1128","336","95"
"20212","11170625","한강로동","47142","23273","23869","183","9616","14692","13436","6917","2298","87","3914","6875","6681","4207","1509","96","5702","7817","6755","2710","789"
"20212","11215860","구의2동","4204","2612","1592","56","598","727","1055","1126","642","24","306","400","689","739","454","32","292","327","366","387","188"
"20212","11215760","중곡3동","1489","932","557","4","181","361","396","333","214","0","97","252","232","209","142","4","84","109","164","124","72"
"20212","11230560","전농1동","1537","956","581","2","180","270","401","417","267","0","113","170","263","260","150","2","67","100","138","157","117"
"20212","11230570","전농2동","4013","2089","1924","4","468","848","1061","1068","564","1","193","397","571","552","375","3","275","451","490","516","189"
"20212","11260550","면목5동","1080","728","352","1","105","184","287","266","237","1","67","138","140","175","207","0","38","46","147","91","30"
"20212","11260565","면목본동","1764","942","822","1","239","402","450","411","261","0","88","202","232","232","188","1","151","200","218","179","73"
"20212","11290810","석관동","3732","2418","1314","15","344","584","700","754","1335","8","170","353","396","466","1025","7","174","231","304","288","310"
"20212","11290620","정릉1동","1152","621","531","6","149","206","258","298","235","1","41","74","129","183","193","5","108","132","129","115","42"
"20212","11305615","수유1동","1920","874","1046","2","205","347","488","555","323","0","58","142","208","241","225","2","147","205","280","314","98"
"20212","11320522","도봉2동","2128","1350","778","1","113","274","364","537","839","0","39","137","202","352","620","1","74","137","162","185","219"
"20212","11320511","창1동","1790","815","975","6","246","361","472","484","221","3","96","141","213","228","134","3","150","220","259","256","87"
"20212","11350600","공릉2동","7078","3252","3826","29","1186","1746","1707","1652","758","3","368","800","796","808","477","26","818","946","911","844","281"
"20212","11350640","상계2동","2484","1209","1275","6","342","425","617","634","460","3","127","236","291","302","250","3","215","189","326","332","210"
"20212","11350621","중계1동","2169","1191","978","4","284","476","650","541","214","3","119","259","345","297","168","1","165","217","305","244","46"
"20212","11380552","갈현2동","3915","2012","1903","9","404","778","1023","1035","666","7","187","434","483","463","438","2","217","344","540","572","228"
"20212","11380560","구산동","4328","2305","2023","11","537","811","958","1354","657","1","205","363","455","843","438","10","332","448","503","511","219"
"20212","11380530","불광2동","3113","1510","1603","2","194","431","503","653","1330","1","68","222","203","273","743","1","126","209","300","380","587"
"20212","11380590","응암2동","1048","669","379","1","133","138","236","299","241","1","75","75","138","179","201","0","58","63","98","120","40"
"20212","11410700","남가좌2동","1792","933","859","1","205","375","486","493","232","0","73","179","233","280","168","1","132","196","253","213","64"
"20212","11410720","북가좌2동","3057","1561","1496","8","472","602","675","756","544","4","143","304","374","410","326","4","329","298","301","346","218"
"20212","11440655","서강동","6283","3927","2356","43","1080","1516","1510","1228","906","27","531","894","993","811","671","16","549","622","517","417","235"
"20212","11440720","성산1동","5829","3864","1965","19","753","1219","1334","1134","1370","15","369","757","847","790","1086","4","384","462","487","344","284"
"20212","11440590","용강동","13701","8118","5583","13","2008","3377","3238","2712","2353","9","969","1995","2139","1574","1432","4","1039","1382","1099","1138","921"
"20212","11470580","신월3동","1679","963","716","2","177","310","382","494","314","0","66","132","204","310","251","2","111","178","178","184","63"
"20212","11470590","신월4동","1813","1221","592","1","108","222","423","574","485","1","50","117","246","383","424","0","58","105","177","191","61"
"20212","11500604","가양2동","2849","1494","1355","9","375","668","690","678","429","6","175","360","369","336","248","3","200","308","321","342","181"
"20212","11500630","방화1동","7575","5922","1653","10","805","1601","1852","2167","1140","7","575","1308","1478","1793","761","3","230","293","374","374","379"
"20212","11500560","화곡3동","5333","3288","2045","10","724","1292","1364","1226","717","7","390","860","825","689","517","3","334","432","539","537","200"
"20212","11545610","독산1동","12850","8228","4622","40","1027","1759","2150","2804","5070","34","604","1165","1369","1723","3333","6","423","594","781","1081","1737"
"20212","11545630","독산3동","4188","2958","1230","10","366","639","730","800","1643","2","195","372","390","474","1525","8","171","267","340","326","118"
"20212","11560550","당산1동","9078","5438","3640","15","1539","2557","2014","1676","1277","8","613","1428","1263","1168","958","7","926","1129","751","508","319"
"20212","11560660","신길4동","1248","617","631","2","211","297","315","295","128","0","75","138","153","159","92","2","136","159","162","136","36"
"20212","11560680","신길6동","2634","1646","988","10","289","619","687","570","459","7","144","384","416","357","338","3","145","235","271","213","121"
"20212","11590510","노량진1동","5875","3297","2578","18","766","1395","1471","1398","827","12","329","798","898","755","505","6","437","597","573","643","322"
"20212","11590540","상도2동","1732","887","845","6","212","400","459","414","241","0","94","212","243","207","131","6","118","188","216","207","110"
"20212","11620630","남현동","3714","2442","1272","5","617","926","1001","721","444","3","338","621","701","472","307","2","279","305","300","249","137"
"20212","11620575","행운동","4257","2373","1884","15","636","1035","1002","964","605","8","316","584","534","500","431","7","320","451","468","464","174"
"20212","11650581","반포4동","94714","83567","11147","80","9480","20099","25531","35193","4331","34","7191","16727","22658","33449","3508","46","2289","3372","2873","1744","823"
"20212","11650610","방배2동","16805","8184","8621","37","2831","4294","4601","3237","1805","8","985","1931","2132","1909","1219","29","1846","2363","2469","1328","586"
"20212","11650510","서초1동","47386","26528","20858","101","9928","12282","10432","11564","3079","39","3558","6616","6055","8015","2245","62","6370","5666","4377","3549","834"
"20212","11650540","잠원동","16302","9442","6860","68","3397","4796","4022","2503","1516","36","1340","2803","2667","1569","1027","32","2057","1993","1355","934","489"
"20212","11680750","수서동","18037","9516","8521","27","2570","4859","4850","3583","2148","15","1151","2611","2544","1902","1293","12","1419","2248","2306","1681","855"
"20212","11710632","가락2동","10171","6862","3309","22","1354","2162","2015","1893","2725","16","801","1478","1339","1132","2096","6","553","684","676","761","629"
"20212","11710720","잠실7동","14130","6338","7792","52","1984","2775","3999","4487","833","31","995","1820","1888","1074","530","21","989","955","2111","3413","303"
"20212","11740700","둔촌2동","4961","2239","2722","4","946","1293","1058","1026","634","2","281","537","526","489","404","2","665","756","532","537","230"
"20212","11110615","종로1?2?3?4가동","97451","53687","43764","1427","19755","29598","26670","15288","4713","620","8610","14862","15621","10763","3211","807","11145","14736","11049","4525","1502"
"20212","11140650","신당5동","871","462","409","5","105","184","211","191","175","5","47","83","108","101","118","0","58","101","103","90","57"
"20212","11140645","청구동","3104","1714","1390","6","455","830","727","664","422","3","157","432","465","413","244","3","298","398","262","251","178"
"20212","11170580","효창동","1644","932","712","3","218","412","462","363","186","2","103","243","275","183","126","1","115","169","187","180","60"
"20212","11200620","금호4가동","1331","791","540","1","151","308","365","323","183","1","56","159","235","202","138","0","95","149","130","121","45"
"20212","11200670","성수2가1동","10042","6355","3687","107","2280","2880","2284","1625","866","57","1033","1862","1557","1147","699","50","1247","1018","727","478","167"
"20212","11200790","용답동","4708","2845","1863","30","1172","1311","961","753","481","2","511","843","633","476","380","28","661","468","328","277","101"
"20212","11200570","행당2동","268","104","164","0","31","57","76","66","38","0","14","23","24","16","27","0","17","34","52","50","11"
"20212","11215780","능동","2288","1405","883","7","330","533","589","459","370","3","160","314","371","276","281","4","170","219","218","183","89"
"20212","11230545","제기동","5479","3268","2211","10","735","1334","1323","1152","925","3","312","789","843","680","641","7","423","545","480","472","284"
"20212","11230710","회기동","784","371","413","1","93","180","195","178","137","1","28","71","89","84","98","0","65","109","106","94","39"
"20212","11260660","망우3동","1076","573","503","1","96","157","257","314","251","1","35","66","120","172","179","0","61","91","137","142","72"
"20212","11260620","묵1동","2604","1240","1364","4","285","604","740","629","342","1","102","281","337","286","233","3","183","323","403","343","109"
"20212","11260610","중화2동","1532","868","664","9","181","236","386","343","377","7","89","111","195","197","269","2","92","125","191","146","108"
"20212","11290725","월곡2동","4825","3059","1766","6","757","1363","1166","854","679","1","379","896","712","512","559","5","378","467","454","342","120"
"20212","11290650","정릉4동","2401","1467","934","2","203","363","582","760","491","0","64","182","369","511","341","2","139","181","213","249","150"
"20212","11305555","송천동","1900","953","947","3","145","324","405","482","541","2","42","149","190","273","297","1","103","175","215","209","244"
"20212","11320521","도봉1동","2162","1429","733","1","104","246","486","761","564","1","26","129","286","544","443","0","78","117","200","217","121"
"20212","11320660","쌍문1동","1769","844","925","0","216","280","472","488","313","0","56","101","185","251","251","0","160","179","287","237","62"
"20212","11350611","하계1동","4631","2934","1697","10","541","947","1177","1316","640","7","252","547","704","929","495","3","289","400","473","387","145"
"20212","11380551","갈현1동","2607","1348","1259","11","445","605","620","564","362","7","183","321","312","288","237","4","262","284","308","276","125"
"20212","11380510","녹번동","5199","2759","2440","14","602","1221","1380","1375","607","9","291","593","665","805","396","5","311","628","715","570","211"
"20212","11380650","수색동","1766","1115","651","0","231","468","426","349","292","0","114","299","263","220","219","0","117","169","163","129","73"
"20212","11380600","응암3동","2243","1094","1149","1","246","524","620","544","308","0","93","261","288","251","201","1","153","263","332","293","107"
"20212","11380690","진관동","3595","1885","1710","4","367","871","969","867","517","2","170","543","543","367","260","2","197","328","426","500","257"
"20212","11410555","북아현동","1845","1353","492","0","191","416","503","517","218","0","82","314","396","401","160","0","109","102","107","116","58"
"20212","11410565","충현동","14173","8784","5389","22","1788","3587","3729","3349","1698","13","845","2173","2366","2194","1193","9","943","1414","1363","1155","505"
"20212","11440630","신수동","5675","3230","2445","14","686","1567","1578","1378","452","12","255","740","902","974","347","2","431","827","676","404","105"
"20212","11470540","목4동","2879","1741","1138","7","354","627","828","712","351","4","144","373","493","453","274","3","210","254","335","259","77"
"20212","11470640","신정3동","7022","4988","2034","7","565","1340","1751","1490","1869","1","271","806","1186","1041","1683","6","294","534","565","449","186"
"20212","11500520","등촌1동","8609","5163","3446","22","1724","2223","1900","1545","1195","13","636","1404","1311","1008","791","9","1088","819","589","537","404"
"20212","11500510","염창동","19659","9116","10543","50","3048","5769","5855","3303","1634","29","1102","2522","2356","1821","1286","21","1946","3247","3499","1482","348"
"20212","11530740","개봉1동","4844","2808","2036","9","463","1029","1149","1259","935","7","239","570","592","717","683","2","224","459","557","542","252"
"20212","11530530","구로2동","13937","8549","5388","41","1703","3217","3450","3483","2043","20","796","1900","2064","2280","1489","21","907","1317","1386","1203","554"
"20212","11530540","구로3동","52394","34315","18079","202","10890","17618","13256","6528","3900","132","5505","11682","9334","4548","3114","70","5385","5936","3922","1980","786"
"20212","11530800","항동","1601","998","603","2","147","323","512","371","246","1","53","172","316","264","192","1","94","151","196","107","54"
"20212","11545670","시흥1동","6679","3563","3116","15","926","1606","1587","1664","881","10","425","798","798","941","591","5","501","808","789","723","290"
"20212","11560560","당산2동","14108","9461","4647","48","2208","3163","3415","3108","2166","22","1130","1980","2383","2282","1664","26","1078","1183","1032","826","502"
"20212","11590630","사당2동","2674","1472","1202","15","427","777","722","492","241","6","208","472","426","226","134","9","219","305","296","266","107"
"20212","11590640","사당3동","3596","2099","1497","3","446","802","955","838","552","0","176","433","585","500","405","3","270","369","370","338","147"
"20212","11590605","흑석동","1446","824","622","2","197","319","389","321","218","1","100","177","223","176","147","1","97","142","166","145","71"
"20212","11620715","난향동","1315","649","666","1","151","289","365","283","226","0","41","132","152","144","180","1","110","157","213","139","46"
"20212","11620655","신원동","1011","576","435","5","113","213","247","244","189","3","60","118","146","143","106","2","53","95","101","101","83"
"20212","11620725","조원동","3254","2026","1228","7","613","788","789","699","358","2","285","513","503","469","254","5","328","275","286","230","104"
"20212","11650550","반포본동","24429","13311","11118","37","4041","8064","6985","4177","1125","22","1479","4403","3916","2614","877","15","2562","3661","3069","1563","248"
"20212","11650530","서초3동","68236","40512","27724","193","11708","20440","17471","12437","5987","88","4953","11908","11177","8110","4276","105","6755","8532","6294","4327","1711"
"20212","11680690","개포4동","8809","6333","2476","21","1063","1992","2481","2105","1147","9","526","1333","1880","1637","948","12","537","659","601","468","199"
"20212","11680510","신사동","27942","16647","11295","98","5802","8429","7084","4252","2277","41","2251","5152","4743","2778","1682","57","3551","3277","2341","1474","595"
"20212","11710642","문정2동","41453","26054","15399","81","5936","12616","12707","7337","2776","36","2842","7120","8712","5617","1727","45","3094","5496","3995","1720","1049"
"20212","11710610","삼전동","7762","5230","2532","5","936","1763","1740","1549","1769","5","530","1154","1145","951","1445","0","406","609","595","598","324"
"20212","11710600","석촌동","8870","5856","3014","20","1074","2021","2072","1815","1868","12","607","1458","1402","1073","1304","8","467","563","670","742","564"
"20212","11710590","송파2동","14196","8974","5222","63","2237","3514","3721","3393","1268","47","1080","2233","2681","2128","805","16","1157","1281","1040","1265","463"
"20212","11740560","고덕2동","1985","1260","725","0","118","259","426","694","488","0","27","115","243","481","394","0","91","144","183","213","94"
"20212","11740650","성내2동","2304","1410","894","7","391","474","511","467","454","3","252","290","298","287","280","4","139","184","213","180","174"
"20212","11740580","암사2동","2638","964","1674","3","269","441","620","793","512","3","97","204","251","229","180","0","172","237","369","564","332"
"20212","11110580","교남동","847","498","349","3","100","217","222","173","132","1","35","111","132","116","103","2","65","106","90","57","29"
"20212","11110550","부암동","4115","2286","1829","8","695","1179","1099","798","336","3","287","651","630","483","232","5","408","528","469","315","104"
"20212","11110700","숭인1동","460","210","250","1","87","99","102","101","70","0","16","42","51","53","48","1","71","57","51","48","22"
"20212","11110710","숭인2동","1942","998","944","9","288","341","456","464","384","5","89","162","255","278","209","4","199","179","201","186","175"
"20212","11110515","청운효자동","10628","6827","3801","65","1929","3064","2954","1874","742","7","842","1921","2196","1349","512","58","1087","1143","758","525","230"
"20212","11140625","다산동","6567","4125","2442","12","1165","2090","1574","1149","577","3","481","1432","1099","702","408","9","684","658","475","447","169"
"20212","11140520","소공동","77533","41196","36337","404","22441","24493","17068","10242","2885","116","7294","12188","12180","7491","1927","288","15147","12305","4888","2751","958"
"20212","11140615","신당동","3199","1726","1473","33","894","680","608","585","399","13","401","354","314","373","271","20","493","326","294","212","128"
"20212","11140580","장충동","10396","5498","4898","51","2383","2853","2688","1978","443","13","839","1601","1603","1139","303","38","1544","1252","1085","839","140"
"20212","11170660","이태원2동","1258","696","562","5","213","404","318","198","120","2","96","223","170","110","95","3","117","181","148","88","25"
"20212","11200660","성수1가2동","6301","4314","1987","24","1008","1280","1327","1359","1303","15","599","850","854","963","1033","9","409","430","473","396","270"
"20212","11215730","군자동","2363","1289","1074","5","295","494","527","536","506","2","119","258","304","283","323","3","176","236","223","253","183"
"20212","11215820","자양1동","12355","9722","2633","5","841","1746","3348","5029","1386","5","376","1117","2681","4367","1176","0","465","629","667","662","210"
"20212","11215750","중곡2동","2814","1604","1210","4","390","568","717","661","474","1","239","330","379","348","307","3","151","238","338","313","167"
"20212","11230600","답십리1동","6333","3031","3302","9","924","1297","1755","1680","668","4","626","866","637","452","446","5","298","431","1118","1228","222"
"20212","11260520","면목2동","1492","821","671","4","152","249","327","436","324","2","51","112","171","247","238","2","101","137","156","189","86"
"20212","11290575","동선동","2511","1246","1265","27","334","520","566","624","440","16","114","226","274","337","279","11","220","294","292","287","161"
"20212","11305534","삼양동","1087","628","459","5","145","205","255","257","220","3","60","98","133","160","174","2","85","107","122","97","46"
"20212","11305635","수유3동","3385","1724","1661","10","367","814","869","876","449","8","144","349","405","534","284","2","223","465","464","342","165"
"20212","11320700","방학2동","1017","474","543","0","95","205","247","208","262","0","40","102","115","103","114","0","55","103","132","105","148"
"20212","11320681","쌍문4동","1365","711","654","0","144","324","378","347","172","0","43","156","192","184","136","0","101","168","186","163","36"
"20212","11320512","창2동","2466","1391","1075","11","299","549","665","571","371","10","137","321","363","293","267","1","162","228","302","278","104"
"20212","11320514","창4동","2724","1708","1016","2","286","524","672","743","497","1","127","277","399","498","406","1","159","247","273","245","91"
"20212","11350619","중계본동","1798","881","917","8","209","368","445","499","269","6","100","188","195","227","165","2","109","180","250","272","104"
"20212","11380520","불광1동","3646","1607","2039","6","523","861","954","838","464","2","193","377","428","368","239","4","330","484","526","470","225"
"20212","11470530","목3동","2504","1376","1128","3","327","551","660","602","361","2","163","320","355","306","230","1","164","231","305","296","131"
"20212","11470560","신월1동","2247","1444","803","6","213","373","517","727","411","3","111","232","314","480","304","3","102","141","203","247","107"
"20212","11470620","신정1동","11571","6760","4811","51","2043","2900","2904","2459","1214","46","852","1805","1741","1428","888","5","1191","1095","1163","1031","326"
"20212","11470650","신정4동","7226","3988","3238","16","1221","1286","1376","1506","1821","8","376","629","698","817","1460","8","845","657","678","689","361"
"20212","11500611","발산1동","3230","1862","1368","4","229","472","852","1035","638","2","103","237","408","598","514","2","126","235","444","437","124"
"20212","11500593","화곡8동","2037","1114","923","7","298","523","565","373","271","6","135","286","282","223","182","1","163","237","283","150","89"
"20212","11530790","수궁동","3693","2490","1203","23","382","709","841","1029","709","20","234","445","526","700","565","3","148","264","315","329","144"
"20212","11530510","신도림동","13037","8565","4472","38","2126","4038","3175","2358","1302","18","890","2755","2286","1629","987","20","1236","1283","889","729","315"
"20212","11530780","오류2동","2785","1685","1100","4","281","624","732","696","448","1","120","353","422","440","349","3","161","271","310","256","99"
"20212","11545690","시흥3동","7990","4735","3255","17","592","1163","1847","2084","2287","8","314","754","1071","1135","1453","9","278","409","776","949","834"
"20212","11545700","시흥4동","1558","936","622","16","243","318","440","378","163","12","148","218","263","176","119","4","95","100","177","202","44"
"20212","11545710","시흥5동","1721","1012","709","21","247","398","427","359","269","15","130","260","249","185","173","6","117","138","178","174","96"
"20212","11560700","대림1동","2425","937","1488","0","785","549","491","412","188","0","166","197","240","208","126","0","619","352","251","204","62"
"20212","11560610","양평1동","12821","7428","5393","53","2537","2953","2834","2570","1874","22","1298","1886","1691","1321","1210","31","1239","1067","1143","1249","664"
"20212","11590650","사당4동","1399","726","673","5","155","229","303","271","436","4","59","115","137","126","285","1","96","114","166","145","151"
"20212","11590651","사당5동","1931","1038","893","2","242","468","579","457","183","1","112","219","297","257","152","1","130","249","282","200","31"
"20212","11620745","삼성동","1795","991","804","9","195","365","476","476","274","2","83","180","251","260","215","7","112","185","225","216","59"
"20212","11620565","성현동","7335","2785","4550","55","1046","1290","1680","2205","1059","31","479","676","763","595","241","24","567","614","917","1610","818"
"20212","11650660","내곡동","14211","9232","4979","62","2050","2934","2992","3044","3129","53","1454","2116","2049","1745","1815","9","596","818","943","1299","1314"
"20212","11650560","반포1동","7332","4498","2834","9","1338","2420","1829","1125","611","2","633","1581","1213","625","444","7","705","839","616","500","167"
"20212","11650580","반포3동","8637","4815","3822","20","1367","2193","1912","1729","1416","7","578","1294","1265","1001","670","13","789","899","647","728","746"
"20212","11680521","논현1동","41576","24313","17263","162","10856","12491","8831","5739","3497","68","4624","7421","5950","3705","2545","94","6232","5070","2881","2034","952"
"20212","11680600","대치1동","20053","10683","9370","37","3668","6545","4998","3118","1687","15","1378","3248","2827","1994","1221","22","2290","3297","2171","1124","466"
"20212","11680545","압구정동","44490","25047","19443","256","9903","13905","10212","6655","3559","102","3671","7810","6873","4381","2210","154","6232","6095","3339","2274","1349"
"20212","11710570","오금동","27438","19217","8221","45","3630","6522","6925","6613","3703","29","2126","4408","5118","5012","2524","16","1504","2114","1807","1601","1179"
"20212","11710566","오륜동","25084","14536","10548","45","4062","7583","6511","5022","1861","14","1636","3946","4187","3325","1428","31","2426","3637","2324","1697","433"
"20212","11710680","잠실3동","21831","14806","7025","108","3990","5469","5434","4132","2698","48","2079","3783","4024","2965","1907","60","1911","1686","1410","1167","791"
"20212","11740515","강일동","1357","886","471","0","196","292","374","333","162","0","98","199","237","215","137","0","98","93","137","118","25"
"20212","11740550","고덕1동","2188","1136","1052","0","240","487","569","526","366","0","108","271","280","241","236","0","132","216","289","285","130"
"20212","11740685","길동","9468","4805","4663","25","1369","1886","2128","2298","1762","15","541","1001","1136","1055","1057","10","828","885","992","1243","705"
"20212","11740530","명일1동","4220","2357","1863","9","623","1131","1061","762","634","4","293","679","693","390","298","5","330","452","368","372","336"
"20212","11740570","암사1동","3940","2413","1527","6","504","843","830","791","966","2","246","550","529","537","549","4","258","293","301","254","417"
"20212","11110600","가회동","11728","8729","2999","7","1263","4028","3519","2201","710","6","655","2966","2750","1810","542","1","608","1062","769","391","168"
"20212","11110690","창신3동","300","142","158","1","38","80","74","78","29","0","14","34","35","41","18","1","24","46","39","37","11"
"20212","11140550","명동","72930","42220","30710","107","11914","24562","19786","12954","3607","41","4764","12669","12754","9554","2438","66","7150","11893","7032","3400","1169"
"20212","11140570","필동","17346","8148","9198","41","2497","4384","5350","3789","1285","16","843","2169","2511","1781","828","25","1654","2215","2839","2008","457"
"20212","11170570","원효로2동","4609","3303","1306","17","726","1387","1277","740","462","7","416","989","980","547","364","10","310","398","297","193","98"
"20212","11170510","후암동","2324","1371","953","9","361","509","641","516","288","7","137","304","418","306","199","2","224","205","223","210","89"
"20212","11200540","마장동","7683","5451","2232","32","651","1345","1769","2510","1376","28","387","920","1288","1803","1025","4","264","425","481","707","351"
"20212","11200550","사근동","2650","1837","813","2","159","472","841","788","388","2","59","297","569","596","314","0","100","175","272","192","74"
"20212","11200535","왕십리도선동","5949","2726","3223","23","982","1143","1247","1456","1098","4","341","631","669","614","467","19","641","512","578","842","631"
"20212","11215850","구의1동","3628","2155","1473","9","515","899","1000","818","387","8","269","519","553","530","276","1","246","380","447","288","111"
"20212","11230740","이문1동","4076","1851","2225","3","781","1042","1081","784","385","2","164","402","537","471","275","1","617","640","544","313","110"
"20212","11230705","청량리동","4909","2614","2295","7","873","1407","941","916","765","5","334","799","527","516","433","2","539","608","414","400","332"
"20212","11260575","면목3?8동","3459","2159","1300","7","341","614","876","936","685","2","118","323","518","673","525","5","223","291","358","263","160"
"20212","11260690","신내2동","3776","2095","1681","8","503","948","927","926","464","5","209","446","476","601","358","3","294","502","451","325","106"
"20212","11260600","중화1동","1955","1034","921","0","231","422","496","461","345","0","87","173","241","257","276","0","144","249","255","204","69"
"20212","11290580","돈암1동","2329","1067","1262","9","677","705","484","321","133","0","162","352","257","181","115","9","515","353","227","140","18"
"20212","11290590","돈암2동","11726","7090","4636","44","1806","2813","3721","2083","1259","13","834","1672","2483","1535","553","31","972","1141","1238","548","706"
"20212","11305545","송중동","2249","1126","1123","13","239","363","636","577","421","11","98","158","279","282","298","2","141","205","357","295","123"
"20212","11320513","창3동","775","403","372","1","82","159","233","192","108","0","23","87","136","93","64","1","59","72","97","99","44"
"20212","11350665","상계3?4동","2343","1623","720","1","143","225","563","854","557","0","53","113","356","647","454","1","90","112","207","207","103"
"20212","11380631","신사1동","2475","1318","1157","2","267","513","566","607","520","0","108","252","308","291","359","2","159","261","258","316","161"
"20212","11380632","신사2동","1918","1332","586","5","228","379","473","475","358","5","169","255","279","313","311","0","59","124","194","162","47"
"20212","11380625","역촌동","4694","2257","2437","13","779","952","1204","1060","686","3","282","432","566","512","462","10","497","520","638","548","224"
"20212","11410520","천연동","1823","985","838","2","163","301","468","629","260","2","55","136","264","369","159","0","108","165","204","260","101"
"20212","11410685","홍은2동","5835","3769","2066","38","926","1570","1420","1250","631","32","524","1029","916","820","448","6","402","541","504","430","183"
"20212","11410640","홍제3동","1201","596","605","4","116","149","247","307","378","1","41","59","115","157","223","3","75","90","132","150","155"
"20212","11440555","아현동","11780","6477","5303","23","2240","3776","3328","2004","409","9","975","2113","1872","1217","291","14","1265","1663","1456","787","118"
"20212","11440680","합정동","5738","3211","2527","14","955","1644","1487","1049","589","11","379","809","935","673","404","3","576","835","552","376","185"
"20212","11470520","목2동","5530","3082","2448","4","766","1343","1466","1257","694","3","362","729","810","727","451","1","404","614","656","530","243"
"20212","11500603","가양1동","5337","3304","2033","4","589","1111","1212","1288","1133","2","247","674","720","830","831","2","342","437","492","458","302"
"20212","11500605","가양3동","3216","2060","1156","13","542","708","898","664","391","7","352","475","573","394","259","6","190","233","325","270","132"
"20212","11530720","고척1동","7767","5490","2277","7","690","1575","2040","2362","1093","5","361","1045","1423","1771","885","2","329","530","617","591","208"
"20212","11545640","독산4동","1765","991","774","2","225","303","376","416","443","1","128","180","220","205","257","1","97","123","156","211","186"
"20212","11560710","대림2동","4606","2336","2270","27","855","1092","1021","707","904","8","328","577","443","397","583","19","527","515","578","310","321"
"20212","11560720","대림3동","6057","3897","2160","17","635","1258","1552","1442","1153","5","328","877","1105","901","681","12","307","381","447","541","472"
"20212","11560515","영등포본동","5708","3229","2479","36","808","1406","1461","1375","622","15","347","711","835","853","468","21","461","695","626","522","154"
"20212","11590520","노량진2동","4687","2431","2256","11","746","1363","1135","951","481","3","389","592","527","608","312","8","357","771","608","343","169"
"20212","11590620","사당1동","3916","2054","1862","9","659","963","1044","718","523","4","217","469","523","427","414","5","442","494","521","291","109"
"20212","11590550","상도3동","1371","776","595","1","119","278","361","320","292","1","68","182","212","159","154","0","51","96","149","161","138"
"20212","11590680","신대방2동","22031","14020","8011","54","4027","4597","4124","5144","4085","30","3041","3521","2633","2623","2172","24","986","1076","1491","2521","1913"
"20212","11620775","난곡동","1481","807","674","0","165","296","361","425","234","0","68","153","180","237","169","0","97","143","181","188","65"
"20212","11620765","미성동","3689","2177","1512","28","364","650","866","953","828","22","226","379","483","494","573","6","138","271","383","459","255"
"20212","11650620","방배3동","17809","11648","6161","114","2781","5297","4805","2896","1916","37","1413","3322","3453","1995","1428","77","1368","1975","1352","901","488"
"20212","11680670","개포2동","9490","6220","3270","35","1658","2701","2271","1757","1068","14","884","1810","1564","1122","826","21","774","891","707","635","242"
"20212","11680630","대치4동","33305","20468","12837","149","5336","9904","9047","5656","3213","21","2296","5995","6187","3965","2004","128","3040","3909","2860","1691","1209"
"20212","11680655","도곡1동","40888","28978","11910","97","6985","9515","11398","10350","2543","71","3545","6237","8574","8481","2070","26","3440","3278","2824","1869","473"
"20212","11710532","거여2동","2952","1523","1429","13","377","486","723","879","474","6","209","286","369","394","259","7","168","200","354","485","215"
"20212","11710641","문정1동","34975","27013","7962","17","3178","6528","10070","13196","1986","9","1869","4711","7830","11299","1295","8","1309","1817","2240","1897","691"
"20212","11740540","명일2동","2874","1969","905","5","337","819","768","610","335","3","172","581","558","393","262","2","165","238","210","217","73"
"20212","11740660","성내3동","4641","2789","1852","15","658","1034","1162","962","810","13","344","656","703","541","532","2","314","378","459","421","278"
"20212","11740610","천호2동","3817","1970","1847","14","484","802","933","884","700","8","199","378","464","440","481","6","285","424","469","444","219"
"20212","11740620","천호3동","2763","1566","1197","3","170","305","475","502","1308","3","64","139","236","255","869","0","106","166","239","247","439"
"20213","11110530","사직동","47822","29932","17890","53","6303","13536","14415","9470","4045","14","2635","8315","9863","6619","2486","39","3668","5221","4552","2851","1559"
"20213","11170700","보광동","1059","532","527","1","137","225","268","258","170","1","26","109","139","145","112","0","111","116","129","113","58"
"20213","11170520","용산2가동","1795","1266","529","0","150","298","628","603","116","0","59","164","490","472","81","0","91","134","138","131","35"
"20213","11170640","이촌2동","2906","1976","930","8","411","803","858","630","196","3","184","508","647","491","143","5","227","295","211","139","53"
"20213","11200615","금호2?3가동","697","365","332","0","81","125","162","160","169","0","19","50","81","89","126","0","62","75","81","71","43"
"20213","11200645","옥수동","4791","1847","2944","5","1224","1430","1086","718","328","0","306","528","505","336","172","5","918","902","581","382","156"
"20213","11215810","광장동","16633","10092","6541","181","5160","4368","3223","2556","1145","56","2475","2824","2177","1712","848","125","2685","1544","1046","844","297"
"20213","11215830","자양2동","5005","3083","1922","20","716","1123","1284","1268","594","12","473","710","764","692","432","8","243","413","520","576","162"
"20213","11215847","자양4동","1152","729","423","6","101","178","269","290","308","5","46","95","157","184","242","1","55","83","112","106","66"
"20213","11215740","중곡1동","5496","2668","2828","82","1416","1044","1099","1287","568","28","605","563","545","517","410","54","811","481","554","770","158"
"20213","11230536","용신동","23899","12377","11522","56","2872","5303","5905","5893","3870","28","1358","3033","3112","2709","2137","28","1514","2270","2793","3184","1733"
"20213","11230720","휘경1동","1421","830","591","5","153","273","354","367","269","1","58","153","224","248","146","4","95","120","130","119","123"
"20213","11230730","휘경2동","4402","2273","2129","7","589","968","1138","1052","648","4","174","461","596","562","476","3","415","507","542","490","172"
"20213","11260655","망우본동","3417","1787","1630","14","378","624","763","1020","618","1","129","239","359","562","497","13","249","385","404","458","121"
"20213","11260570","면목7동","1410","772","638","2","173","268","338","383","246","2","59","120","177","222","192","0","114","148","161","161","54"
"20213","11260630","묵2동","2062","1388","674","1","299","504","494","556","208","1","171","341","326","406","143","0","128","163","168","150","65"
"20213","11260680","신내1동","4245","2030","2215","1","751","928","780","1114","671","1","204","390","376","549","510","0","547","538","404","565","161"
"20213","11290685","길음2동","722","307","415","3","80","138","190","198","113","2","35","58","87","70","55","1","45","80","103","128","58"
"20213","11290525","성북동","23717","18050","5667","44","3093","5817","6878","6849","1036","13","1710","4056","5451","6104","716","31","1383","1761","1427","745","320"
"20213","11290780","장위3동","1195","728","467","6","175","228","252","297","237","2","65","121","143","188","209","4","110","107","109","109","28"
"20213","11290705","종암동","22158","11647","10511","63","1867","5592","7813","6324","499","13","799","2048","3570","4921","296","50","1068","3544","4243","1403","203"
"20213","11305535","미아동","1850","1039","811","2","199","342","519","499","289","2","86","168","289","302","192","0","113","174","230","197","97"
"20213","11305608","번3동","1263","689","574","11","130","211","308","355","248","7","51","100","168","196","167","4","79","111","140","159","81"
"20213","11305660","인수동","4298","2498","1800","5","441","856","1098","1224","674","3","164","453","662","728","488","2","277","403","436","496","186"
"20213","11320690","방학1동","6582","3804","2778","14","664","1442","1618","1954","890","11","355","839","836","1104","659","3","309","603","782","850","231"
"20213","11320670","쌍문2동","1469","825","644","1","171","253","341","415","288","0","53","115","179","260","218","1","118","138","162","155","70"
"20213","11350720","상계10동","1064","449","615","0","164","226","285","302","87","0","35","95","112","144","63","0","129","131","173","158","24"
"20213","11350570","월계2동","1268","617","651","8","146","281","342","348","143","6","54","111","154","182","110","2","92","170","188","166","33"
"20213","11410710","북가좌1동","1739","1357","382","0","49","113","193","345","1039","0","16","52","88","234","967","0","33","61","105","111","72"
"20213","11410655","홍제2동","739","379","360","0","113","162","187","163","114","0","40","107","95","79","58","0","73","55","92","84","56"
"20213","11440585","도화동","13141","7986","5155","24","2416","3200","3302","2929","1270","12","1264","2199","2176","1526","809","12","1152","1001","1126","1403","461"
"20213","11440740","상암동","15320","9403","5917","39","3231","5547","4162","1731","610","17","1420","3496","2771","1209","490","22","1811","2051","1391","522","120"
"20213","11440660","서교동","26960","13797","13163","135","5627","7574","6249","4402","2973","88","2301","3787","3449","2331","1841","47","3326","3787","2800","2071","1132"
"20213","11440710","연남동","3213","1975","1238","4","517","760","777","678","477","4","232","412","461","463","403","0","285","348","316","215","74"
"20213","11500535","등촌3동","15368","8147","7221","44","1901","3264","3431","3801","2927","22","831","1785","2013","1850","1646","22","1070","1479","1418","1951","1281"
"20213","11500640","방화2동","3390","2190","1200","9","367","654","764","880","716","8","200","392","490","561","539","1","167","262","274","319","177"
"20213","11500641","방화3동","5011","3236","1775","7","488","1063","1262","1375","816","5","248","561","780","968","674","2","240","502","482","407","142"
"20213","11500570","화곡4동","2710","1207","1503","3","637","730","552","506","282","2","151","317","267","269","201","1","486","413","285","237","81"
"20213","11500590","화곡본동","2983","1681","1302","13","337","586","716","710","621","11","127","318","406","374","445","2","210","268","310","336","176"
"20213","11530595","가리봉동","972","454","518","1","95","161","224","209","282","0","42","74","102","83","153","1","53","87","122","126","129"
"20213","11530520","구로1동","4769","2813","1956","5","551","1184","1128","986","915","3","307","754","763","603","383","2","244","430","365","383","532"
"20213","11530770","오류1동","4294","2719","1575","14","556","798","1050","1234","642","7","393","537","636","709","437","7","163","261","414","525","205"
"20213","11560650","신길3동","1332","863","469","2","100","223","302","327","378","2","41","133","192","209","286","0","59","90","110","118","92"
"20213","11560690","신길7동","2693","1837","856","6","318","515","610","768","476","4","198","350","406","493","386","2","120","165","204","275","90"
"20213","11590530","상도1동","6189","3568","2621","10","958","1525","1507","1366","823","2","406","854","904","844","558","8","552","671","603","522","265"
"20213","11620525","보라매동","1838","943","895","8","253","408","426","448","295","3","107","206","219","212","196","5","146","202","207","236","99"
"20213","11620695","신림동","1946","1168","778","4","173","275","462","443","589","1","63","144","255","257","448","3","110","131","207","186","141"
"20213","11620615","중앙동","1420","666","754","3","174","256","327","381","279","2","71","125","154","182","132","1","103","131","173","199","147"
"20213","11620545","청림동","2705","1543","1162","4","408","900","885","393","115","3","178","504","529","253","76","1","230","396","356","140","39"
"20213","11650600","방배1동","19003","12553","6450","92","3748","5826","4604","3465","1268","61","1778","3553","3393","2828","940","31","1970","2273","1211","637","328"
"20213","11650531","서초4동","37488","21433","16055","138","7320","11471","9418","6641","2500","63","2783","6553","6110","4162","1762","75","4537","4918","3308","2479","738"
"20213","11680531","논현2동","55372","35328","20044","151","10602","16012","13330","8967","6310","47","4602","9575","9465","6803","4836","104","6000","6437","3865","2164","1474"
"20213","11680580","삼성1동","130157","87840","42317","310","26223","39031","34864","23107","6622","153","14094","25801","25719","18114","3959","157","12129","13230","9145","4993","2663"
"20213","11710631","가락1동","5913","4134","1779","0","404","1101","1627","1695","1086","0","271","843","1198","1111","711","0","133","258","429","584","375"
"20213","11710540","마천1동","955","471","484","2","112","201","273","249","118","1","46","98","129","118","79","1","66","103","144","131","39"
"20213","11710510","풍납1동","1718","964","754","1","228","386","435","451","217","1","120","208","229","240","166","0","108","178","206","211","51"
"20213","11710520","풍납2동","23596","11568","12028","3","5113","8054","5886","3553","987","0","1384","4183","3091","2173","737","3","3729","3871","2795","1380","250"
"20213","11740640","성내1동","17072","11605","5467","42","2020","3567","3667","4407","3369","17","1169","2225","2403","3188","2603","25","851","1342","1264","1219","766"
"20213","11110570","무악동","608","169","439","7","168","169","147","80","37","6","35","32","47","26","23","1","133","137","100","54","14"
"20213","11140665","동화동","1504","682","822","2","239","362","395","319","187","1","62","126","191","176","126","1","177","236","204","143","61"
"20213","11140635","약수동","17658","6830","10828","51","2837","6596","4891","2424","859","11","862","2322","1622","1389","624","40","1975","4274","3269","1035","235"
"20213","11140605","을지로동","15914","8662","7252","70","3844","3863","3457","2755","1925","17","1005","2127","2244","1916","1353","53","2839","1736","1213","839","572"
"20213","11170530","남영동","21173","8924","12249","187","8038","5217","4031","2705","995","22","1507","2802","2399","1454","740","165","6531","2415","1632","1251","255"
"20213","11170685","한남동","41934","30661","11273","135","6886","12388","11000","9625","1900","89","3268","8250","8923","8616","1515","46","3618","4138","2077","1009","385"
"20213","11200650","성수1가1동","3550","2228","1322","3","452","745","793","940","617","1","207","466","510","640","404","2","245","279","283","300","213"
"20213","11200520","왕십리2동","1259","746","513","2","175","319","360","269","134","2","85","169","221","170","99","0","90","150","139","99","35"
"20213","11200580","응봉동","1688","695","993","12","400","449","373","285","169","2","89","156","175","146","127","10","311","293","198","139","42"
"20213","11200560","행당1동","2359","1588","771","1","298","491","600","671","298","0","148","303","414","507","216","1","150","188","186","164","82"
"20213","11215870","구의3동","12940","7885","5055","27","1521","2728","3129","3229","2306","8","873","1900","2126","1661","1317","19","648","828","1003","1568","989"
"20213","11230660","장안2동","6304","3377","2927","46","1936","1218","1256","1163","685","27","1005","698","580","567","500","19","931","520","676","596","185"
"20213","11290715","월곡1동","2594","1577","1017","4","204","338","530","555","963","4","76","163","278","360","696","0","128","175","252","195","267"
"20213","11290770","장위2동","1746","1050","696","3","158","292","415","420","458","2","57","144","233","260","354","1","101","148","182","160","104"
"20213","11290640","정릉3동","2441","1649","792","15","383","695","593","440","315","14","207","494","418","314","202","1","176","201","175","126","113"
"20213","11305595","번1동","2555","1499","1056","2","322","516","510","657","548","0","139","316","307","420","317","2","183","200","203","237","231"
"20213","11305575","삼각산동","1296","708","588","1","227","343","406","210","109","0","93","192","227","105","91","1","134","151","179","105","18"
"20213","11305625","수유2동","2222","1180","1042","1","105","171","422","658","865","0","30","90","266","448","346","1","75","81","156","210","519"
"20213","11305645","우이동","2841","1745","1096","4","171","263","394","669","1340","3","51","126","214","460","891","1","120","137","180","209","449"
"20213","11320515","창5동","7114","4495","2619","9","821","1589","1757","1497","1441","7","428","1090","1177","820","973","2","393","499","580","677","468"
"20213","11350595","공릉1동","6301","3404","2897","8","659","982","1376","1729","1547","4","299","541","682","893","985","4","360","441","694","836","562"
"20213","11350700","상계8동","1180","616","564","3","167","344","290","263","113","1","59","215","121","143","77","2","108","129","169","120","36"
"20213","11410690","남가좌1동","3997","2401","1596","11","278","509","695","992","1512","8","190","341","440","522","900","3","88","168","255","470","612"
"20213","11440565","공덕동","14467","8329","6138","84","3210","3917","3860","2545","851","33","1283","2076","2451","1878","608","51","1927","1841","1409","667","243"
"20213","11440610","염리동","3956","2587","1369","75","736","884","795","861","605","27","372","596","586","593","413","48","364","288","209","268","192"
"20213","11470550","목5동","31153","18954","12199","114","5058","8049","7547","6516","3869","55","2331","4850","4764","4269","2685","59","2727","3199","2783","2247","1184"
"20213","11470570","신월2동","2996","1737","1259","12","259","472","804","817","632","9","142","279","419","437","451","3","117","193","385","380","181"
"20213","11470670","신정6동","18155","11030","7125","92","3488","5238","4247","3672","1418","74","1698","3218","2712","2347","981","18","1790","2020","1535","1325","437"
"20213","11500540","화곡1동","5031","2822","2209","21","535","1016","1247","1402","810","17","249","591","676","789","500","4","286","425","571","613","310"
"20213","11530750","개봉2동","8038","3972","4066","37","1415","1946","1909","1903","828","17","804","1236","844","639","432","20","611","710","1065","1264","396"
"20213","11530730","고척2동","3143","1958","1185","10","356","698","794","841","444","7","220","440","469","485","337","3","136","258","325","356","107"
"20213","11530560","구로5동","14392","9095","5297","44","2014","3370","3745","3190","2029","33","1138","2322","2481","1889","1232","11","876","1048","1264","1301","797"
"20213","11560620","양평2동","14774","8451","6323","38","2693","4021","4060","2540","1422","15","1180","2429","2300","1491","1036","23","1513","1592","1760","1049","386"
"20213","11560535","영등포동","14217","7943","6274","48","2615","3539","3349","2794","1872","14","977","1979","2088","1652","1233","34","1638","1560","1261","1142","639"
"20213","11590670","신대방1동","7418","4694","2724","24","1422","2370","1722","1183","697","14","724","1528","1188","772","468","10","698","842","534","411","229"
"20221","11110530","사직동","47822","29932","17890","53","6303","13536","14415","9470","4045","14","2635","8315","9863","6619","2486","39","3668","5221","4552","2851","1559"
"20221","11170700","보광동","1059","532","527","1","137","225","268","258","170","1","26","109","139","145","112","0","111","116","129","113","58"
"20221","11170520","용산2가동","1795","1266","529","0","150","298","628","603","116","0","59","164","490","472","81","0","91","134","138","131","35"
"20221","11170640","이촌2동","2906","1976","930","8","411","803","858","630","196","3","184","508","647","491","143","5","227","295","211","139","53"
"20221","11200615","금호2?3가동","697","365","332","0","81","125","162","160","169","0","19","50","81","89","126","0","62","75","81","71","43"
"20221","11200645","옥수동","4791","1847","2944","5","1224","1430","1086","718","328","0","306","528","505","336","172","5","918","902","581","382","156"
"20221","11215810","광장동","16633","10092","6541","181","5160","4368","3223","2556","1145","56","2475","2824","2177","1712","848","125","2685","1544","1046","844","297"
"20221","11215830","자양2동","5005","3083","1922","20","716","1123","1284","1268","594","12","473","710","764","692","432","8","243","413","520","576","162"
"20221","11215847","자양4동","1152","729","423","6","101","178","269","290","308","5","46","95","157","184","242","1","55","83","112","106","66"
"20221","11215740","중곡1동","5496","2668","2828","82","1416","1044","1099","1287","568","28","605","563","545","517","410","54","811","481","554","770","158"
"20221","11230536","용신동","23899","12377","11522","56","2872","5303","5905","5893","3870","28","1358","3033","3112","2709","2137","28","1514","2270","2793","3184","1733"
"20221","11230720","휘경1동","1421","830","591","5","153","273","354","367","269","1","58","153","224","248","146","4","95","120","130","119","123"
"20221","11230730","휘경2동","4402","2273","2129","7","589","968","1138","1052","648","4","174","461","596","562","476","3","415","507","542","490","172"
"20221","11260655","망우본동","3417","1787","1630","14","378","624","763","1020","618","1","129","239","359","562","497","13","249","385","404","458","121"
"20221","11260570","면목7동","1410","772","638","2","173","268","338","383","246","2","59","120","177","222","192","0","114","148","161","161","54"
"20221","11260630","묵2동","2062","1388","674","1","299","504","494","556","208","1","171","341","326","406","143","0","128","163","168","150","65"
"20221","11260680","신내1동","4245","2030","2215","1","751","928","780","1114","671","1","204","390","376","549","510","0","547","538","404","565","161"
"20221","11290685","길음2동","722","307","415","3","80","138","190","198","113","2","35","58","87","70","55","1","45","80","103","128","58"
"20221","11290525","성북동","23717","18050","5667","44","3093","5817","6878","6849","1036","13","1710","4056","5451","6104","716","31","1383","1761","1427","745","320"
"20221","11290780","장위3동","1195","728","467","6","175","228","252","297","237","2","65","121","143","188","209","4","110","107","109","109","28"
"20221","11290705","종암동","22158","11647","10511","63","1867","5592","7813","6324","499","13","799","2048","3570","4921","296","50","1068","3544","4243","1403","203"
"20221","11305535","미아동","1850","1039","811","2","199","342","519","499","289","2","86","168","289","302","192","0","113","174","230","197","97"
"20221","11305608","번3동","1263","689","574","11","130","211","308","355","248","7","51","100","168","196","167","4","79","111","140","159","81"
"20221","11305660","인수동","4298","2498","1800","5","441","856","1098","1224","674","3","164","453","662","728","488","2","277","403","436","496","186"
"20221","11320690","방학1동","6582","3804","2778","14","664","1442","1618","1954","890","11","355","839","836","1104","659","3","309","603","782","850","231"
"20221","11320670","쌍문2동","1469","825","644","1","171","253","341","415","288","0","53","115","179","260","218","1","118","138","162","155","70"
"20221","11350720","상계10동","1064","449","615","0","164","226","285","302","87","0","35","95","112","144","63","0","129","131","173","158","24"
"20221","11350570","월계2동","1268","617","651","8","146","281","342","348","143","6","54","111","154","182","110","2","92","170","188","166","33"
"20221","11410710","북가좌1동","1739","1357","382","0","49","113","193","345","1039","0","16","52","88","234","967","0","33","61","105","111","72"
"20221","11410655","홍제2동","739","379","360","0","113","162","187","163","114","0","40","107","95","79","58","0","73","55","92","84","56"
"20221","11440585","도화동","13141","7986","5155","24","2416","3200","3302","2929","1270","12","1264","2199","2176","1526","809","12","1152","1001","1126","1403","461"
"20221","11440740","상암동","15320","9403","5917","39","3231","5547","4162","1731","610","17","1420","3496","2771","1209","490","22","1811","2051","1391","522","120"
"20221","11440660","서교동","26960","13797","13163","135","5627","7574","6249","4402","2973","88","2301","3787","3449","2331","1841","47","3326","3787","2800","2071","1132"
"20221","11440710","연남동","3213","1975","1238","4","517","760","777","678","477","4","232","412","461","463","403","0","285","348","316","215","74"
"20221","11500535","등촌3동","15368","8147","7221","44","1901","3264","3431","3801","2927","22","831","1785","2013","1850","1646","22","1070","1479","1418","1951","1281"
"20221","11500640","방화2동","3390","2190","1200","9","367","654","764","880","716","8","200","392","490","561","539","1","167","262","274","319","177"
"20221","11500641","방화3동","5011","3236","1775","7","488","1063","1262","1375","816","5","248","561","780","968","674","2","240","502","482","407","142"
"20221","11500570","화곡4동","2710","1207","1503","3","637","730","552","506","282","2","151","317","267","269","201","1","486","413","285","237","81"
"20221","11500590","화곡본동","2983","1681","1302","13","337","586","716","710","621","11","127","318","406","374","445","2","210","268","310","336","176"
"20221","11530595","가리봉동","972","454","518","1","95","161","224","209","282","0","42","74","102","83","153","1","53","87","122","126","129"
"20221","11530520","구로1동","4769","2813","1956","5","551","1184","1128","986","915","3","307","754","763","603","383","2","244","430","365","383","532"
"20221","11530770","오류1동","4294","2719","1575","14","556","798","1050","1234","642","7","393","537","636","709","437","7","163","261","414","525","205"
"20221","11560650","신길3동","1332","863","469","2","100","223","302","327","378","2","41","133","192","209","286","0","59","90","110","118","92"
"20221","11560690","신길7동","2693","1837","856","6","318","515","610","768","476","4","198","350","406","493","386","2","120","165","204","275","90"
"20221","11590530","상도1동","6189","3568","2621","10","958","1525","1507","1366","823","2","406","854","904","844","558","8","552","671","603","522","265"
"20221","11620525","보라매동","1838","943","895","8","253","408","426","448","295","3","107","206","219","212","196","5","146","202","207","236","99"
"20221","11620695","신림동","1946","1168","778","4","173","275","462","443","589","1","63","144","255","257","448","3","110","131","207","186","141"
"20221","11620615","중앙동","1420","666","754","3","174","256","327","381","279","2","71","125","154","182","132","1","103","131","173","199","147"
"20221","11620545","청림동","2705","1543","1162","4","408","900","885","393","115","3","178","504","529","253","76","1","230","396","356","140","39"
"20221","11650600","방배1동","19003","12553","6450","92","3748","5826","4604","3465","1268","61","1778","3553","3393","2828","940","31","1970","2273","1211","637","328"
"20221","11650531","서초4동","37488","21433","16055","138","7320","11471","9418","6641","2500","63","2783","6553","6110","4162","1762","75","4537","4918","3308","2479","738"
"20221","11680531","논현2동","55372","35328","20044","151","10602","16012","13330","8967","6310","47","4602","9575","9465","6803","4836","104","6000","6437","3865","2164","1474"
"20221","11680580","삼성1동","130157","87840","42317","310","26223","39031","34864","23107","6622","153","14094","25801","25719","18114","3959","157","12129","13230","9145","4993","2663"
"20221","11710631","가락1동","5913","4134","1779","0","404","1101","1627","1695","1086","0","271","843","1198","1111","711","0","133","258","429","584","375"
"20221","11710540","마천1동","955","471","484","2","112","201","273","249","118","1","46","98","129","118","79","1","66","103","144","131","39"
"20221","11710510","풍납1동","1718","964","754","1","228","386","435","451","217","1","120","208","229","240","166","0","108","178","206","211","51"
"20221","11710520","풍납2동","23596","11568","12028","3","5113","8054","5886","3553","987","0","1384","4183","3091","2173","737","3","3729","3871","2795","1380","250"
"20221","11740640","성내1동","17072","11605","5467","42","2020","3567","3667","4407","3369","17","1169","2225","2403","3188","2603","25","851","1342","1264","1219","766"
"20221","11110570","무악동","608","169","439","7","168","169","147","80","37","6","35","32","47","26","23","1","133","137","100","54","14"
"20221","11140665","동화동","1504","682","822","2","239","362","395","319","187","1","62","126","191","176","126","1","177","236","204","143","61"
"20221","11140635","약수동","17658","6830","10828","51","2837","6596","4891","2424","859","11","862","2322","1622","1389","624","40","1975","4274","3269","1035","235"
"20221","11140605","을지로동","15914","8662","7252","70","3844","3863","3457","2755","1925","17","1005","2127","2244","1916","1353","53","2839","1736","1213","839","572"
"20221","11170530","남영동","21173","8924","12249","187","8038","5217","4031","2705","995","22","1507","2802","2399","1454","740","165","6531","2415","1632","1251","255"
"20221","11170685","한남동","41934","30661","11273","135","6886","12388","11000","9625","1900","89","3268","8250","8923","8616","1515","46","3618","4138","2077","1009","385"
"20221","11200650","성수1가1동","3550","2228","1322","3","452","745","793","940","617","1","207","466","510","640","404","2","245","279","283","300","213"
"20221","11200520","왕십리2동","1259","746","513","2","175","319","360","269","134","2","85","169","221","170","99","0","90","150","139","99","35"
"20221","11200580","응봉동","1688","695","993","12","400","449","373","285","169","2","89","156","175","146","127","10","311","293","198","139","42"
"20221","11200560","행당1동","2359","1588","771","1","298","491","600","671","298","0","148","303","414","507","216","1","150","188","186","164","82"
"20221","11215870","구의3동","12940","7885","5055","27","1521","2728","3129","3229","2306","8","873","1900","2126","1661","1317","19","648","828","1003","1568","989"
"20221","11230660","장안2동","6304","3377","2927","46","1936","1218","1256","1163","685","27","1005","698","580","567","500","19","931","520","676","596","185"
"20221","11290715","월곡1동","2594","1577","1017","4","204","338","530","555","963","4","76","163","278","360","696","0","128","175","252","195","267"
"20221","11290770","장위2동","1746","1050","696","3","158","292","415","420","458","2","57","144","233","260","354","1","101","148","182","160","104"
"20221","11290640","정릉3동","2441","1649","792","15","383","695","593","440","315","14","207","494","418","314","202","1","176","201","175","126","113"
"20221","11305595","번1동","2555","1499","1056","2","322","516","510","657","548","0","139","316","307","420","317","2","183","200","203","237","231"
"20221","11305575","삼각산동","1296","708","588","1","227","343","406","210","109","0","93","192","227","105","91","1","134","151","179","105","18"
"20221","11305625","수유2동","2222","1180","1042","1","105","171","422","658","865","0","30","90","266","448","346","1","75","81","156","210","519"
"20221","11305645","우이동","2841","1745","1096","4","171","263","394","669","1340","3","51","126","214","460","891","1","120","137","180","209","449"
"20221","11320515","창5동","7114","4495","2619","9","821","1589","1757","1497","1441","7","428","1090","1177","820","973","2","393","499","580","677","468"
"20221","11350595","공릉1동","6301","3404","2897","8","659","982","1376","1729","1547","4","299","541","682","893","985","4","360","441","694","836","562"
"20221","11350700","상계8동","1180","616","564","3","167","344","290","263","113","1","59","215","121","143","77","2","108","129","169","120","36"
"20221","11410690","남가좌1동","3997","2401","1596","11","278","509","695","992","1512","8","190","341","440","522","900","3","88","168","255","470","612"
"20221","11440565","공덕동","14467","8329","6138","84","3210","3917","3860","2545","851","33","1283","2076","2451","1878","608","51","1927","1841","1409","667","243"
"20221","11440610","염리동","3956","2587","1369","75","736","884","795","861","605","27","372","596","586","593","413","48","364","288","209","268","192"
"20221","11470550","목5동","31153","18954","12199","114","5058","8049","7547","6516","3869","55","2331","4850","4764","4269","2685","59","2727","3199","2783","2247","1184"
"20221","11470570","신월2동","2996","1737","1259","12","259","472","804","817","632","9","142","279","419","437","451","3","117","193","385","380","181"
"20221","11470670","신정6동","18155","11030","7125","92","3488","5238","4247","3672","1418","74","1698","3218","2712","2347","981","18","1790","2020","1535","1325","437"
"20221","11500540","화곡1동","5031","2822","2209","21","535","1016","1247","1402","810","17","249","591","676","789","500","4","286","425","571","613","310"
"20221","11530750","개봉2동","8038","3972","4066","37","1415","1946","1909","1903","828","17","804","1236","844","639","432","20","611","710","1065","1264","396"
"20221","11530730","고척2동","3143","1958","1185","10","356","698","794","841","444","7","220","440","469","485","337","3","136","258","325","356","107"
"20221","11530560","구로5동","14392","9095","5297","44","2014","3370","3745","3190","2029","33","1138","2322","2481","1889","1232","11","876","1048","1264","1301","797"
"20221","11560620","양평2동","14774","8451","6323","38","2693","4021","4060","2540","1422","15","1180","2429","2300","1491","1036","23","1513","1592","1760","1049","386"
"20221","11560535","영등포동","14217","7943","6274","48","2615","3539","3349","2794","1872","14","977","1979","2088","1652","1233","34","1638","1560","1261","1142","639"
"20221","11590670","신대방1동","7418","4694","2724","24","1422","2370","1722","1183","697","14","724","1528","1188","772","468","10","698","842","534","411","229"
"20221","11620645","서원동","2912","1206","1706","5","563","630","529","646","539","2","143","260","265","235","301","3","420","370","264","411","238"
"20221","11620625","인헌동","3435","1976","1459","13","701","985","867","536","333","5","324","608","515","277","247","8","377","377","352","259","86"
"20221","11620595","청룡동","6665","3660","3005","8","1087","1894","1590","1510","576","3","433","957","884","988","395","5","654","937","706","522","181"
"20221","11650570","반포2동","9861","5872","3989","18","1652","3059","2563","1656","913","10","723","1849","1650","999","641","8","929","1210","913","657","272"
"20221","11650520","서초2동","67858","45080","22778","159","14201","22383","16994","10387","3734","54","7752","15121","11691","7781","2681","105","6449","7262","5303","2606","1053"
"20221","11650652","양재2동","43401","32515","10886","106","5761","10598","12175","11422","3339","59","3488","7792","9341","9309","2526","47","2273","2806","2834","2113","813"
"20221","11680740","일원2동","5600","3682","1918","17","832","1447","1587","1319","398","5","407","891","1091","992","296","12","425","556","496","327","102"
"20221","11710620","가락본동","27955","16882","11073","89","3790","6716","6396","5452","5512","37","1813","4194","4281","3158","3399","52","1977","2522","2115","2294","2113"
"20221","11710562","방이2동","24911","14324","10587","53","4019","6387","5622","5295","3535","37","2261","4157","3442","2476","1951","16","1758","2230","2180","2819","1584"
"20221","11710670","잠실2동","7793","5196","2597","10","1494","2265","2042","1556","426","9","938","1589","1387","1026","247","1","556","676","655","530","179"
"20221","11740600","천호1동","2450","1407","1043","6","246","461","597","573","567","1","100","239","304","336","427","5","146","222","293","237","140"
"20221","11110540","삼청동","5862","4751","1111","3","726","1549","1817","1381","386","0","460","1187","1543","1230","331","3","266","362","274","151","55"
"20221","11110630","종로5?6가동","15588","9737","5851","407","3613","4484","3824","2369","891","114","1498","2891","2796","1819","619","293","2115","1593","1028","550","272"
"20221","11110670","창신1동","1307","566","741","1","117","231","397","315","246","0","47","88","128","140","163","1","70","143","269","175","83"
"20221","11110650","혜화동","6669","3263","3406","30","1094","1790","1598","1324","833","22","380","867","848","687","459","8","714","923","750","637","374"
"20221","11170690","서빙고동","14416","9448","4968","37","2566","4289","4433","2273","818","15","1228","2510","3241","1816","638","22","1338","1779","1192","457","180"
"20221","11170590","용문동","2710","1570","1140","11","527","732","741","503","196","7","221","430","439","338","135","4","306","302","302","165","61"
"20221","11170560","원효로1동","4677","3188","1489","21","727","1266","1220","852","591","12","430","908","848","583","407","9","297","358","372","269","184"
"20221","11170630","이촌1동","10866","6950","3916","53","1764","2919","3039","2219","872","34","876","1798","2142","1493","607","19","888","1121","897","726","265"
"20221","11170555","청파동","4834","2581","2253","14","753","1213","1147","1014","693","8","264","562","606","621","520","6","489","651","541","393","173"
"20221","11200590","금호1가동","2304","858","1446","15","272","750","937","260","70","0","88","248","371","102","49","15","184","502","566","158","21"
"20221","11200720","송정동","1247","754","493","1","181","290","313","250","212","0","88","178","172","148","168","1","93","112","141","102","44"
"20221","11215770","중곡4동","5044","2482","2562","6","871","1221","1285","1169","492","4","254","568","628","634","394","2","617","653","657","535","98"
"20221","11215710","화양동","2662","1687","975","9","348","425","650","775","455","4","133","230","426","533","361","5","215","195","224","242","94"
"20221","11230610","답십리2동","4215","3060","1155","32","687","954","962","850","730","28","504","727","697","583","521","4","183","227","265","267","209"
"20221","11230750","이문2동","2210","1168","1042","2","268","474","498","560","408","1","93","229","233","307","305","1","175","245","265","253","103"
"20221","11230650","장안1동","10768","6778","3990","34","1470","2114","2327","2359","2464","26","880","1351","1448","1427","1646","8","590","763","879","932","818"
"20221","11260540","면목4동","1624","1162","462","2","121","264","432","588","217","1","55","160","292","481","173","1","66","104","140","107","44"
"20221","11290660","길음1동","6329","3095","3234","419","2211","1546","1057","690","406","176","957","813","522","320","307","243","1254","733","535","370","99"
"20221","11290610","보문동","6952","5271","1681","6","667","2047","1463","1460","1309","2","365","1644","1172","1170","918","4","302","403","291","290","391"
"20221","11290555","삼선동","6459","3237","3222","8","699","1546","1938","1603","665","4","247","667","937","1001","381","4","452","879","1001","602","284"
"20221","11290760","장위1동","1324","690","634","2","238","278","309","277","220","1","110","154","156","135","134","1","128","124","153","142","86"
"20221","11290630","정릉2동","1757","773","984","0","286","418","473","380","200","0","74","179","186","185","149","0","212","239","287","195","51"
"20221","11305603","번2동","1380","655","725","1","201","205","357","391","225","0","85","107","157","187","119","1","116","98","200","204","106"
"20221","11350630","상계1동","5569","3527","2042","23","644","1148","1345","1414","995","18","369","775","875","881","609","5","275","373","470","533","386"
"20221","11350670","상계5동","1861","927","934","5","128","213","314","464","737","2","52","114","139","210","410","3","76","99","175","254","327"
"20221","11350695","상계6?7동","6346","2810","3536","19","890","1498","1624","1611","704","11","233","564","725","883","394","8","657","934","899","728","310"
"20221","11350560","월계1동","2778","1511","1267","13","430","656","717","544","418","5","200","395","362","278","271","8","230","261","355","266","147"
"20221","11350624","중계4동","2064","1128","936","12","201","421","483","539","408","7","75","203","253","283","307","5","126","218","230","256","101"
"20221","11350612","하계2동","1414","910","504","2","145","263","384","465","155","0","82","161","240","294","133","2","63","102","144","171","22"
"20221","11380570","대조동","2617","1284","1333","5","323","553","704","596","436","4","119","269","331","267","294","1","204","284","373","329","142"
"20221","11380640","증산동","2848","1844","1004","2","364","748","783","642","309","2","169","501","515","424","233","0","195","247","268","218","76"
"20221","11410585","신촌동","5047","2648","2399","12","786","1329","1274","1079","567","7","305","582","652","701","401","5","481","747","622","378","166"
"20221","11410620","홍제1동","2477","1275","1202","5","265","373","628","847","359","2","77","175","328","475","218","3","188","198","300","372","141"
"20221","11440690","망원1동","3153","1750","1403","10","855","862","647","467","312","3","496","462","313","276","200","7","359","400","334","191","112"
"20221","11440730","성산2동","2757","1239","1518","5","275","511","724","838","404","3","99","251","327","330","229","2","176","260","397","508","175"
"20221","11470510","목1동","17427","11303","6124","49","3004","4738","4346","3560","1730","31","1399","3112","3084","2553","1124","18","1605","1626","1262","1007","606"
"20221","11470600","신월5동","2190","1209","981","8","278","535","546","550","273","5","127","267","283","322","205","3","151","268","263","228","68"
"20221","11470610","신월6동","1115","652","463","1","118","205","253","306","232","0","45","105","138","173","191","1","73","100","115","133","41"
"20221","11470680","신정7동","5753","3432","2321","14","656","1376","1762","1305","640","8","306","770","1070","807","471","6","350","606","692","498","169"
"20221","11500620","공항동","33826","17706","16120","10","5671","11101","9233","6573","1238","2","1358","4648","5380","5415","903","8","4313","6453","3853","1158","335"
"20221","11500530","등촌2동","4992","2944","2048","6","614","985","1193","1272","922","2","259","533","721","804","625","4","355","452","472","468","297"
"20221","11500615","우장산동","6277","3448","2829","6","1358","1416","1329","1316","852","4","515","819","782","778","550","2","843","597","547","538","302"
"20221","11500550","화곡2동","1532","914","618","6","188","416","397","369","156","3","108","271","238","193","101","3","80","145","159","176","55"
"20221","11500591","화곡6동","10754","6820","3934","35","1515","2863","2741","2431","1169","9","750","1821","1754","1606","880","26","765","1042","987","825","289"
"20221","11530760","개봉3동","1995","1198","797","5","278","485","501","427","299","5","136","299","299","240","219","0","142","186","202","187","80"
"20221","11560630","신길1동","3535","1563","1972","4","633","842","785","696","575","0","202","405","373","294","289","4","431","437","412","402","286"
"20221","11560670","신길5동","1404","679","725","2","140","296","455","347","164","1","69","136","164","177","132","1","71","160","291","170","32"
"20221","11560540","여의동","217817","154569","63248","520","40050","78066","55998","33396","9787","195","22109","55804","43252","26581","6628","325","17941","22262","12746","6815","3159"
"20221","11620585","낙성대동","10344","5721","4623","20","1677","3541","2220","1585","1301","10","761","1862","1167","922","999","10","916","1679","1053","663","302"
"20221","11620685","신사동","4234","2870","1364","2","678","1206","1226","768","354","2","298","818","953","572","227","0","380","388","273","196","127"
"20221","11620605","은천동","4644","2204","2440","12","629","867","980","1276","880","1","210","402","501","575","515","11","419","465","479","701","365"
"20221","11650590","방배본동","28234","15628","12606","120","5284","7281","7505","5047","2997","82","1798","3804","4370","3275","2299","38","3486","3477","3135","1772","698"
"20221","11680610","대치2동","92377","51697","40680","530","16781","25425","21288","17434","10919","232","7729","15578","13694","8997","5467","298","9052","9847","7594","8437","5452"
"20221","11680590","삼성2동","62165","35711","26454","150","12530","20151","15787","8793","4754","61","5197","11854","10528","4946","3125","89","7333","8297","5259","3847","1629"
"20221","11680700","세곡동","1534","879","655","10","124","276","310","436","378","5","55","140","178","256","245","5","69","136","132","180","133"
"20221","11680650","역삼2동","51209","30365","20844","208","11790","14220","12162","9047","3782","85","5685","9112","8095","4730","2658","123","6105","5108","4067","4317","1124"
"20221","11680730","일원1동","2518","1370","1148","4","343","476","566","543","586","2","149","251","293","284","391","2","194","225","273","259","195"
"20221","11680565","청담동","57122","32691","24431","172","11877","18886","14178","8558","3451","72","4465","10782","9320","5650","2402","100","7412","8104","4858","2908","1049"
"20221","11710531","거여1동","3835","2832","1003","11","951","1067","919","530","357","9","659","841","701","364","258","2","292","226","218","166","99"
"20221","11710647","위례동","1268","1216","52","0","4","80","347","681","156","0","4","78","336","650","148","0","0","2","11","31","8"
"20221","11710690","잠실4동","9652","7756","1896","42","1285","3032","2803","2051","439","18","925","2493","2310","1675","335","24","360","539","493","376","104"
"20221","11710710","잠실6동","46691","24881","21810","93","7429","12391","13316","11902","1560","29","3439","7617","7686","4936","1174","64","3990","4774","5630","6966","386"
"20221","11710650","잠실본동","9422","6016","3406","45","1284","1797","2201","2088","2007","4","575","1097","1382","1438","1520","41","709","700","819","650","487"
"20221","11710646","장지동","6769","4617","2152","13","730","1085","1597","1784","1560","4","406","721","1070","1256","1160","9","324","364","527","528","400"
"20221","11740590","암사3동","3192","1912","1280","6","286","449","571","829","1051","3","146","269","312","478","704","3","140","180","259","351","347"
"20221","11140670","황학동","1714","1102","612","1","271","455","422","342","223","1","157","285","265","225","169","0","114","170","157","117","54"
"20221","11140540","회현동","58705","36279","22426","199","10994","20696","16047","8525","2244","68","5132","12355","10455","6703","1566","131","5862","8341","5592","1822","678"
"20221","11200690","성수2가3동","23863","15312","8551","83","3917","6067","5966","4768","3062","63","2176","4061","4011","2880","2121","20","1741","2006","1955","1888","941"
"20221","11215840","자양3동","3370","2410","960","8","406","863","937","843","313","3","252","605","689","618","243","5","154","258","248","225","70"
"20221","11260580","상봉1동","2499","1715","784","14","303","440","514","655","573","11","193","268","289","450","504","3","110","172","225","205","69"
"20221","11260590","상봉2동","5328","3673","1655","17","631","1376","1754","1205","345","13","369","964","1173","877","277","4","262","412","581","328","68"
"20221","11290600","안암동","4686","3030","1656","8","655","1203","1295","1013","512","3","333","745","832","715","402","5","322","458","463","298","110"
"20221","11320710","방학3동","3005","1804","1201","10","510","688","696","694","407","9","324","395","438","336","302","1","186","293","258","358","105"
"20221","11320680","쌍문3동","2022","963","1059","4","437","452","474","472","183","3","113","208","246","266","127","1","324","244","228","206","56"
"20221","11350710","상계9동","2626","1662","964","2","339","658","654","741","232","2","184","418","385","493","180","0","155","240","269","248","52"
"20221","11350580","월계3동","1502","756","746","1","166","265","395","434","241","1","63","137","182","228","145","0","103","128","213","206","96"
"20221","11350625","중계2?3동","2225","1256","969","5","288","582","570","571","209","4","170","349","294","305","134","1","118","233","276","266","75"
"20221","11380580","응암1동","2895","1605","1290","7","306","489","680","669","744","5","141","230","355","339","535","2","165","259","325","330","209"
"20221","11410615","연희동","14856","9739","5117","82","2345","3661","3196","4080","1492","43","1297","2440","1997","2924","1038","39","1048","1221","1199","1156","454"
"20221","11410660","홍은1동","7584","1500","6084","3","262","551","2062","3659","1047","1","98","189","374","439","399","2","164","362","1688","3220","648"
"20221","11440600","대흥동","5628","2774","2854","65","2228","1272","827","772","464","22","867","656","452","470","307","43","1361","616","375","302","157"
"20221","11440700","망원2동","5201","3099","2102","17","652","971","1126","1574","861","10","356","715","787","730","501","7","296","256","339","844","360"
"20221","11470611","신월7동","4357","2856","1501","4","467","719","894","1036","1237","3","345","547","587","630","744","1","122","172","307","406","493"
"20221","11470630","신정2동","13985","8015","5970","66","2513","4519","3729","2456","702","30","1020","2487","2309","1628","541","36","1493","2032","1420","828","161"
"20221","11530550","구로4동","2159","1229","930","5","243","425","532","527","427","3","112","228","294","293","299","2","131","197","238","234","128"
"20221","11545510","가산동","84451","55529","28922","300","16641","26228","20890","12369","8023","193","8827","17613","15063","8220","5613","107","7814","8615","5827","4149","2410"
"20221","11545620","독산2동","1789","993","796","1","230","372","417","495","274","0","125","176","207","282","203","1","105","196","210","213","71"
"20221","11545680","시흥2동","3435","2024","1411","4","342","681","873","1027","508","3","199","387","492","597","346","1","143","294","381","430","162"
"20221","11560585","도림동","1619","1028","591","12","144","272","393","413","385","10","65","165","247","262","279","2","79","107","146","151","106"
"20221","11560605","문래동","81647","59216","22431","162","12600","26629","25117","12877","4262","62","7033","20252","20512","8694","2663","100","5567","6377","4605","4183","1599"
"20221","11590660","대방동","11271","7474","3797","22","1880","3051","2637","2515","1166","7","998","2084","1836","1812","737","15","882","967","801","703","429"
"20221","11590560","상도4동","2530","1503","1027","3","355","559","610","636","367","2","174","328","367","445","187","1","181","231","243","191","180"
"20221","11620735","대학동","3077","2250","827","3","433","739","863","742","297","1","256","500","673","587","233","2","177","239","190","155","64"
"20221","11620665","서림동","1808","1022","786","8","273","316","451","387","373","2","137","168","241","231","243","6","136","148","210","156","130"
"20221","11650621","방배4동","21837","13492","8345","61","3771","6017","5424","4166","2398","27","1599","3546","3678","2918","1724","34","2172","2471","1746","1248","674"
"20221","11650651","양재1동","33395","21554","11841","445","7793","9217","7561","4987","3392","215","3960","6187","5334","3319","2539","230","3833","3030","2227","1668","853"
"20221","11680660","개포1동","18376","11295","7081","74","2873","4869","4780","3809","1971","30","1298","2691","3296","2574","1406","44","1575","2178","1484","1235","565"
"20221","11680656","도곡2동","192577","131699","60878","923","36796","75687","55314","19948","3909","583","19659","51843","42526","14511","2577","340","17137","23844","12788","5437","1332"
"20221","11680640","역삼1동","170825","101049","69776","494","34443","51961","43997","29792","10138","189","16474","32429","28719","16126","7112","305","17969","19532","15278","13666","3026"
"20221","11680720","일원본동","36779","20548","16231","181","9454","10978","8976","5878","1312","82","3541","6120","5771","4133","901","99","5913","4858","3205","1745","411"
"20221","11710550","마천2동","2599","1634","965","1","266","601","708","658","365","0","158","375","403","395","303","1","108","226","305","263","62"
"20221","11710561","방이1동","9129","6671","2458","30","952","1771","2392","2432","1552","19","450","1125","1786","1953","1338","11","502","646","606","479","214"
"20221","11710580","송파1동","8660","5413","3247","19","1228","1938","2145","1877","1453","8","530","1150","1399","1255","1071","11","698","788","746","622","382"
"20221","11740690","둔촌1동","1519","845","674","2","191","367","379","391","189","2","92","205","217","206","123","0","99","162","162","185","66"
"20221","11740520","상일동","3611","1827","1784","6","521","804","899","953","428","2","177","402","542","432","272","4","344","402","357","521","156"
"20221","11110640","이화동","5235","2876","2359","13","804","1303","1339","1082","694","6","257","600","777","725","511","7","547","703","562","357","183"
"20221","11110680","창신2동","344","116","228","0","22","40","89","116","77","0","4","11","32","39","30","0","18","29","57","77","47"
"20221","11110560","평창동","23179","12994","10185","45","2878","6197","7579","5016","1464","18","1373","3171","4476","3013","943","27","1505","3026","3103","2003","521"
"20221","11140590","광희동","42508","21177","21331","438","12207","11215","8725","6715","3208","189","5936","6526","5053","2274","1199","249","6271","4689","3672","4441","2009"
"20221","11140680","중림동","4348","2429","1919","3","913","1392","1134","599","307","2","420","754","630","399","224","1","493","638","504","200","83"
"20221","11170650","이태원1동","13034","5712","7322","26","3821","5020","2528","1242","397","14","981","2109","1400","906","302","12","2840","2911","1128","336","95"
"20221","11170625","한강로동","47142","23273","23869","183","9616","14692","13436","6917","2298","87","3914","6875","6681","4207","1509","96","5702","7817","6755","2710","789"
"20221","11215860","구의2동","4204","2612","1592","56","598","727","1055","1126","642","24","306","400","689","739","454","32","292","327","366","387","188"
"20221","11215760","중곡3동","1489","932","557","4","181","361","396","333","214","0","97","252","232","209","142","4","84","109","164","124","72"
"20221","11230560","전농1동","1537","956","581","2","180","270","401","417","267","0","113","170","263","260","150","2","67","100","138","157","117"
"20221","11230570","전농2동","4013","2089","1924","4","468","848","1061","1068","564","1","193","397","571","552","375","3","275","451","490","516","189"
"20221","11260550","면목5동","1080","728","352","1","105","184","287","266","237","1","67","138","140","175","207","0","38","46","147","91","30"
"20221","11260565","면목본동","1764","942","822","1","239","402","450","411","261","0","88","202","232","232","188","1","151","200","218","179","73"
"20221","11290810","석관동","3732","2418","1314","15","344","584","700","754","1335","8","170","353","396","466","1025","7","174","231","304","288","310"
"20221","11290620","정릉1동","1152","621","531","6","149","206","258","298","235","1","41","74","129","183","193","5","108","132","129","115","42"
"20221","11305615","수유1동","1920","874","1046","2","205","347","488","555","323","0","58","142","208","241","225","2","147","205","280","314","98"
"20221","11320522","도봉2동","2128","1350","778","1","113","274","364","537","839","0","39","137","202","352","620","1","74","137","162","185","219"
"20221","11320511","창1동","1790","815","975","6","246","361","472","484","221","3","96","141","213","228","134","3","150","220","259","256","87"
"20221","11350600","공릉2동","7078","3252","3826","29","1186","1746","1707","1652","758","3","368","800","796","808","477","26","818","946","911","844","281"
"20221","11350640","상계2동","2484","1209","1275","6","342","425","617","634","460","3","127","236","291","302","250","3","215","189","326","332","210"
"20221","11350621","중계1동","2169","1191","978","4","284","476","650","541","214","3","119","259","345","297","168","1","165","217","305","244","46"
"20221","11380552","갈현2동","3915","2012","1903","9","404","778","1023","1035","666","7","187","434","483","463","438","2","217","344","540","572","228"
"20221","11380560","구산동","4328","2305","2023","11","537","811","958","1354","657","1","205","363","455","843","438","10","332","448","503","511","219"
"20221","11380530","불광2동","3113","1510","1603","2","194","431","503","653","1330","1","68","222","203","273","743","1","126","209","300","380","587"
"20221","11380590","응암2동","1048","669","379","1","133","138","236","299","241","1","75","75","138","179","201","0","58","63","98","120","40"
"20221","11410700","남가좌2동","1792","933","859","1","205","375","486","493","232","0","73","179","233","280","168","1","132","196","253","213","64"
"20221","11410720","북가좌2동","3057","1561","1496","8","472","602","675","756","544","4","143","304","374","410","326","4","329","298","301","346","218"
"20221","11440655","서강동","6283","3927","2356","43","1080","1516","1510","1228","906","27","531","894","993","811","671","16","549","622","517","417","235"
"20221","11440720","성산1동","5829","3864","1965","19","753","1219","1334","1134","1370","15","369","757","847","790","1086","4","384","462","487","344","284"
"20221","11440590","용강동","13701","8118","5583","13","2008","3377","3238","2712","2353","9","969","1995","2139","1574","1432","4","1039","1382","1099","1138","921"
"20221","11470580","신월3동","1679","963","716","2","177","310","382","494","314","0","66","132","204","310","251","2","111","178","178","184","63"
"20221","11470590","신월4동","1813","1221","592","1","108","222","423","574","485","1","50","117","246","383","424","0","58","105","177","191","61"
"20221","11500604","가양2동","2849","1494","1355","9","375","668","690","678","429","6","175","360","369","336","248","3","200","308","321","342","181"
"20221","11500630","방화1동","7575","5922","1653","10","805","1601","1852","2167","1140","7","575","1308","1478","1793","761","3","230","293","374","374","379"
"20221","11500560","화곡3동","5333","3288","2045","10","724","1292","1364","1226","717","7","390","860","825","689","517","3","334","432","539","537","200"
"20221","11545610","독산1동","12850","8228","4622","40","1027","1759","2150","2804","5070","34","604","1165","1369","1723","3333","6","423","594","781","1081","1737"
"20221","11545630","독산3동","4188","2958","1230","10","366","639","730","800","1643","2","195","372","390","474","1525","8","171","267","340","326","118"
"20221","11560550","당산1동","9078","5438","3640","15","1539","2557","2014","1676","1277","8","613","1428","1263","1168","958","7","926","1129","751","508","319"
"20221","11560660","신길4동","1248","617","631","2","211","297","315","295","128","0","75","138","153","159","92","2","136","159","162","136","36"
"20221","11560680","신길6동","2634","1646","988","10","289","619","687","570","459","7","144","384","416","357","338","3","145","235","271","213","121"
"20221","11590510","노량진1동","5875","3297","2578","18","766","1395","1471","1398","827","12","329","798","898","755","505","6","437","597","573","643","322"
"20221","11590540","상도2동","1732","887","845","6","212","400","459","414","241","0","94","212","243","207","131","6","118","188","216","207","110"
"20221","11620630","남현동","3714","2442","1272","5","617","926","1001","721","444","3","338","621","701","472","307","2","279","305","300","249","137"
"20221","11620575","행운동","4257","2373","1884","15","636","1035","1002","964","605","8","316","584","534","500","431","7","320","451","468","464","174"
"20221","11650581","반포4동","94714","83567","11147","80","9480","20099","25531","35193","4331","34","7191","16727","22658","33449","3508","46","2289","3372","2873","1744","823"
"20221","11650610","방배2동","16805","8184","8621","37","2831","4294","4601","3237","1805","8","985","1931","2132","1909","1219","29","1846","2363","2469","1328","586"
"20221","11650510","서초1동","47386","26528","20858","101","9928","12282","10432","11564","3079","39","3558","6616","6055","8015","2245","62","6370","5666","4377","3549","834"
"20221","11650540","잠원동","16302","9442","6860","68","3397","4796","4022","2503","1516","36","1340","2803","2667","1569","1027","32","2057","1993","1355","934","489"
"20221","11680750","수서동","18037","9516","8521","27","2570","4859","4850","3583","2148","15","1151","2611","2544","1902","1293","12","1419","2248","2306","1681","855"
"20221","11710632","가락2동","10171","6862","3309","22","1354","2162","2015","1893","2725","16","801","1478","1339","1132","2096","6","553","684","676","761","629"
"20221","11710720","잠실7동","14130","6338","7792","52","1984","2775","3999","4487","833","31","995","1820","1888","1074","530","21","989","955","2111","3413","303"
"20221","11740700","둔촌2동","4961","2239","2722","4","946","1293","1058","1026","634","2","281","537","526","489","404","2","665","756","532","537","230"
"20221","11110615","종로1?2?3?4가동","97451","53687","43764","1427","19755","29598","26670","15288","4713","620","8610","14862","15621","10763","3211","807","11145","14736","11049","4525","1502"
"20221","11140650","신당5동","871","462","409","5","105","184","211","191","175","5","47","83","108","101","118","0","58","101","103","90","57"
"20221","11140645","청구동","3104","1714","1390","6","455","830","727","664","422","3","157","432","465","413","244","3","298","398","262","251","178"
"20221","11170580","효창동","1644","932","712","3","218","412","462","363","186","2","103","243","275","183","126","1","115","169","187","180","60"
"20221","11200620","금호4가동","1331","791","540","1","151","308","365","323","183","1","56","159","235","202","138","0","95","149","130","121","45"
"20221","11200670","성수2가1동","10042","6355","3687","107","2280","2880","2284","1625","866","57","1033","1862","1557","1147","699","50","1247","1018","727","478","167"
"20221","11200790","용답동","4708","2845","1863","30","1172","1311","961","753","481","2","511","843","633","476","380","28","661","468","328","277","101"
"20221","11200570","행당2동","268","104","164","0","31","57","76","66","38","0","14","23","24","16","27","0","17","34","52","50","11"
"20221","11215780","능동","2288","1405","883","7","330","533","589","459","370","3","160","314","371","276","281","4","170","219","218","183","89"
"20221","11230545","제기동","5479","3268","2211","10","735","1334","1323","1152","925","3","312","789","843","680","641","7","423","545","480","472","284"
"20221","11230710","회기동","784","371","413","1","93","180","195","178","137","1","28","71","89","84","98","0","65","109","106","94","39"
"20221","11260660","망우3동","1076","573","503","1","96","157","257","314","251","1","35","66","120","172","179","0","61","91","137","142","72"
"20221","11260620","묵1동","2604","1240","1364","4","285","604","740","629","342","1","102","281","337","286","233","3","183","323","403","343","109"
"20221","11260610","중화2동","1532","868","664","9","181","236","386","343","377","7","89","111","195","197","269","2","92","125","191","146","108"
"20221","11290725","월곡2동","4825","3059","1766","6","757","1363","1166","854","679","1","379","896","712","512","559","5","378","467","454","342","120"
"20221","11290650","정릉4동","2401","1467","934","2","203","363","582","760","491","0","64","182","369","511","341","2","139","181","213","249","150"
"20221","11305555","송천동","1900","953","947","3","145","324","405","482","541","2","42","149","190","273","297","1","103","175","215","209","244"
"20221","11320521","도봉1동","2162","1429","733","1","104","246","486","761","564","1","26","129","286","544","443","0","78","117","200","217","121"
"20221","11320660","쌍문1동","1769","844","925","0","216","280","472","488","313","0","56","101","185","251","251","0","160","179","287","237","62"
"20221","11350611","하계1동","4631","2934","1697","10","541","947","1177","1316","640","7","252","547","704","929","495","3","289","400","473","387","145"
"20221","11380551","갈현1동","2607","1348","1259","11","445","605","620","564","362","7","183","321","312","288","237","4","262","284","308","276","125"
"20221","11380510","녹번동","5199","2759","2440","14","602","1221","1380","1375","607","9","291","593","665","805","396","5","311","628","715","570","211"
"20221","11380650","수색동","1766","1115","651","0","231","468","426","349","292","0","114","299","263","220","219","0","117","169","163","129","73"
"20221","11380600","응암3동","2243","1094","1149","1","246","524","620","544","308","0","93","261","288","251","201","1","153","263","332","293","107"
"20221","11380690","진관동","3595","1885","1710","4","367","871","969","867","517","2","170","543","543","367","260","2","197","328","426","500","257"
"20221","11410555","북아현동","1845","1353","492","0","191","416","503","517","218","0","82","314","396","401","160","0","109","102","107","116","58"
"20221","11410565","충현동","14173","8784","5389","22","1788","3587","3729","3349","1698","13","845","2173","2366","2194","1193","9","943","1414","1363","1155","505"
"20221","11440630","신수동","5675","3230","2445","14","686","1567","1578","1378","452","12","255","740","902","974","347","2","431","827","676","404","105"
"20221","11470540","목4동","2879","1741","1138","7","354","627","828","712","351","4","144","373","493","453","274","3","210","254","335","259","77"
"20221","11470640","신정3동","7022","4988","2034","7","565","1340","1751","1490","1869","1","271","806","1186","1041","1683","6","294","534","565","449","186"
"20221","11500520","등촌1동","8609","5163","3446","22","1724","2223","1900","1545","1195","13","636","1404","1311","1008","791","9","1088","819","589","537","404"
"20221","11500510","염창동","19659","9116","10543","50","3048","5769","5855","3303","1634","29","1102","2522","2356","1821","1286","21","1946","3247","3499","1482","348"
"20221","11530740","개봉1동","4844","2808","2036","9","463","1029","1149","1259","935","7","239","570","592","717","683","2","224","459","557","542","252"
"20221","11530530","구로2동","13937","8549","5388","41","1703","3217","3450","3483","2043","20","796","1900","2064","2280","1489","21","907","1317","1386","1203","554"
"20221","11530540","구로3동","52394","34315","18079","202","10890","17618","13256","6528","3900","132","5505","11682","9334","4548","3114","70","5385","5936","3922","1980","786"
"20221","11530800","항동","1601","998","603","2","147","323","512","371","246","1","53","172","316","264","192","1","94","151","196","107","54"
"20221","11545670","시흥1동","6679","3563","3116","15","926","1606","1587","1664","881","10","425","798","798","941","591","5","501","808","789","723","290"
"20221","11560560","당산2동","14108","9461","4647","48","2208","3163","3415","3108","2166","22","1130","1980","2383","2282","1664","26","1078","1183","1032","826","502"
"20221","11590630","사당2동","2674","1472","1202","15","427","777","722","492","241","6","208","472","426","226","134","9","219","305","296","266","107"
"20221","11590640","사당3동","3596","2099","1497","3","446","802","955","838","552","0","176","433","585","500","405","3","270","369","370","338","147"
"20221","11590605","흑석동","1446","824","622","2","197","319","389","321","218","1","100","177","223","176","147","1","97","142","166","145","71"
"20221","11620715","난향동","1315","649","666","1","151","289","365","283","226","0","41","132","152","144","180","1","110","157","213","139","46"
"20221","11620655","신원동","1011","576","435","5","113","213","247","244","189","3","60","118","146","143","106","2","53","95","101","101","83"
"20221","11620725","조원동","3254","2026","1228","7","613","788","789","699","358","2","285","513","503","469","254","5","328","275","286","230","104"
"20221","11650550","반포본동","24429","13311","11118","37","4041","8064","6985","4177","1125","22","1479","4403","3916","2614","877","15","2562","3661","3069","1563","248"
"20221","11650530","서초3동","68236","40512","27724","193","11708","20440","17471","12437","5987","88","4953","11908","11177","8110","4276","105","6755","8532","6294","4327","1711"
"20221","11680690","개포4동","8809","6333","2476","21","1063","1992","2481","2105","1147","9","526","1333","1880","1637","948","12","537","659","601","468","199"
"20221","11680510","신사동","27942","16647","11295","98","5802","8429","7084","4252","2277","41","2251","5152","4743","2778","1682","57","3551","3277","2341","1474","595"
"20221","11710642","문정2동","41453","26054","15399","81","5936","12616","12707","7337","2776","36","2842","7120","8712","5617","1727","45","3094","5496","3995","1720","1049"
"20221","11710610","삼전동","7762","5230","2532","5","936","1763","1740","1549","1769","5","530","1154","1145","951","1445","0","406","609","595","598","324"
"20221","11710600","석촌동","8870","5856","3014","20","1074","2021","2072","1815","1868","12","607","1458","1402","1073","1304","8","467","563","670","742","564"
"20221","11710590","송파2동","14196","8974","5222","63","2237","3514","3721","3393","1268","47","1080","2233","2681","2128","805","16","1157","1281","1040","1265","463"
"20221","11740560","고덕2동","1985","1260","725","0","118","259","426","694","488","0","27","115","243","481","394","0","91","144","183","213","94"
"20221","11740650","성내2동","2304","1410","894","7","391","474","511","467","454","3","252","290","298","287","280","4","139","184","213","180","174"
"20221","11740580","암사2동","2638","964","1674","3","269","441","620","793","512","3","97","204","251","229","180","0","172","237","369","564","332"
"20221","11110580","교남동","847","498","349","3","100","217","222","173","132","1","35","111","132","116","103","2","65","106","90","57","29"
"20221","11110550","부암동","4115","2286","1829","8","695","1179","1099","798","336","3","287","651","630","483","232","5","408","528","469","315","104"
"20221","11110700","숭인1동","460","210","250","1","87","99","102","101","70","0","16","42","51","53","48","1","71","57","51","48","22"
"20221","11110710","숭인2동","1942","998","944","9","288","341","456","464","384","5","89","162","255","278","209","4","199","179","201","186","175"
"20221","11110515","청운효자동","10628","6827","3801","65","1929","3064","2954","1874","742","7","842","1921","2196","1349","512","58","1087","1143","758","525","230"
"20221","11140625","다산동","6567","4125","2442","12","1165","2090","1574","1149","577","3","481","1432","1099","702","408","9","684","658","475","447","169"
"20221","11140520","소공동","77533","41196","36337","404","22441","24493","17068","10242","2885","116","7294","12188","12180","7491","1927","288","15147","12305","4888","2751","958"
"20221","11140615","신당동","3199","1726","1473","33","894","680","608","585","399","13","401","354","314","373","271","20","493","326","294","212","128"
"20221","11140580","장충동","10396","5498","4898","51","2383","2853","2688","1978","443","13","839","1601","1603","1139","303","38","1544","1252","1085","839","140"
"20221","11170660","이태원2동","1258","696","562","5","213","404","318","198","120","2","96","223","170","110","95","3","117","181","148","88","25"
"20221","11200660","성수1가2동","6301","4314","1987","24","1008","1280","1327","1359","1303","15","599","850","854","963","1033","9","409","430","473","396","270"
"20221","11215730","군자동","2363","1289","1074","5","295","494","527","536","506","2","119","258","304","283","323","3","176","236","223","253","183"
"20221","11215820","자양1동","12355","9722","2633","5","841","1746","3348","5029","1386","5","376","1117","2681","4367","1176","0","465","629","667","662","210"
"20221","11215750","중곡2동","2814","1604","1210","4","390","568","717","661","474","1","239","330","379","348","307","3","151","238","338","313","167"
"20221","11230600","답십리1동","6333","3031","3302","9","924","1297","1755","1680","668","4","626","866","637","452","446","5","298","431","1118","1228","222"
"20221","11260520","면목2동","1492","821","671","4","152","249","327","436","324","2","51","112","171","247","238","2","101","137","156","189","86"
"20221","11290575","동선동","2511","1246","1265","27","334","520","566","624","440","16","114","226","274","337","279","11","220","294","292","287","161"
"20221","11305534","삼양동","1087","628","459","5","145","205","255","257","220","3","60","98","133","160","174","2","85","107","122","97","46"
"20221","11305635","수유3동","3385","1724","1661","10","367","814","869","876","449","8","144","349","405","534","284","2","223","465","464","342","165"
"20221","11320700","방학2동","1017","474","543","0","95","205","247","208","262","0","40","102","115","103","114","0","55","103","132","105","148"
"20221","11320681","쌍문4동","1365","711","654","0","144","324","378","347","172","0","43","156","192","184","136","0","101","168","186","163","36"
"20221","11320512","창2동","2466","1391","1075","11","299","549","665","571","371","10","137","321","363","293","267","1","162","228","302","278","104"
"20221","11320514","창4동","2724","1708","1016","2","286","524","672","743","497","1","127","277","399","498","406","1","159","247","273","245","91"
"20221","11350619","중계본동","1798","881","917","8","209","368","445","499","269","6","100","188","195","227","165","2","109","180","250","272","104"
"20221","11380520","불광1동","3646","1607","2039","6","523","861","954","838","464","2","193","377","428","368","239","4","330","484","526","470","225"
"20221","11470530","목3동","2504","1376","1128","3","327","551","660","602","361","2","163","320","355","306","230","1","164","231","305","296","131"
"20221","11470560","신월1동","2247","1444","803","6","213","373","517","727","411","3","111","232","314","480","304","3","102","141","203","247","107"
"20221","11470620","신정1동","11571","6760","4811","51","2043","2900","2904","2459","1214","46","852","1805","1741","1428","888","5","1191","1095","1163","1031","326"
"20221","11470650","신정4동","7226","3988","3238","16","1221","1286","1376","1506","1821","8","376","629","698","817","1460","8","845","657","678","689","361"
"20221","11500611","발산1동","3230","1862","1368","4","229","472","852","1035","638","2","103","237","408","598","514","2","126","235","444","437","124"
"20221","11500593","화곡8동","2037","1114","923","7","298","523","565","373","271","6","135","286","282","223","182","1","163","237","283","150","89"
"20221","11530790","수궁동","3693","2490","1203","23","382","709","841","1029","709","20","234","445","526","700","565","3","148","264","315","329","144"
"20221","11530510","신도림동","13037","8565","4472","38","2126","4038","3175","2358","1302","18","890","2755","2286","1629","987","20","1236","1283","889","729","315"
"20221","11530780","오류2동","2785","1685","1100","4","281","624","732","696","448","1","120","353","422","440","349","3","161","271","310","256","99"
"20221","11545690","시흥3동","7990","4735","3255","17","592","1163","1847","2084","2287","8","314","754","1071","1135","1453","9","278","409","776","949","834"
"20221","11545700","시흥4동","1558","936","622","16","243","318","440","378","163","12","148","218","263","176","119","4","95","100","177","202","44"
"20221","11545710","시흥5동","1721","1012","709","21","247","398","427","359","269","15","130","260","249","185","173","6","117","138","178","174","96"
"20221","11560700","대림1동","2425","937","1488","0","785","549","491","412","188","0","166","197","240","208","126","0","619","352","251","204","62"
"20221","11560610","양평1동","12821","7428","5393","53","2537","2953","2834","2570","1874","22","1298","1886","1691","1321","1210","31","1239","1067","1143","1249","664"
"20221","11590650","사당4동","1399","726","673","5","155","229","303","271","436","4","59","115","137","126","285","1","96","114","166","145","151"
"20221","11590651","사당5동","1931","1038","893","2","242","468","579","457","183","1","112","219","297","257","152","1","130","249","282","200","31"
"20221","11620745","삼성동","1795","991","804","9","195","365","476","476","274","2","83","180","251","260","215","7","112","185","225","216","59"
"20221","11620565","성현동","7335","2785","4550","55","1046","1290","1680","2205","1059","31","479","676","763","595","241","24","567","614","917","1610","818"
"20221","11650660","내곡동","14211","9232","4979","62","2050","2934","2992","3044","3129","53","1454","2116","2049","1745","1815","9","596","818","943","1299","1314"
"20221","11650560","반포1동","7332","4498","2834","9","1338","2420","1829","1125","611","2","633","1581","1213","625","444","7","705","839","616","500","167"
"20221","11650580","반포3동","8637","4815","3822","20","1367","2193","1912","1729","1416","7","578","1294","1265","1001","670","13","789","899","647","728","746"
"20221","11680521","논현1동","41576","24313","17263","162","10856","12491","8831","5739","3497","68","4624","7421","5950","3705","2545","94","6232","5070","2881","2034","952"
"20221","11680600","대치1동","20053","10683","9370","37","3668","6545","4998","3118","1687","15","1378","3248","2827","1994","1221","22","2290","3297","2171","1124","466"
"20221","11680545","압구정동","44490","25047","19443","256","9903","13905","10212","6655","3559","102","3671","7810","6873","4381","2210","154","6232","6095","3339","2274","1349"
"20221","11710570","오금동","27438","19217","8221","45","3630","6522","6925","6613","3703","29","2126","4408","5118","5012","2524","16","1504","2114","1807","1601","1179"
"20221","11710566","오륜동","25084","14536","10548","45","4062","7583","6511","5022","1861","14","1636","3946","4187","3325","1428","31","2426","3637","2324","1697","433"
"20221","11710680","잠실3동","21831","14806","7025","108","3990","5469","5434","4132","2698","48","2079","3783","4024","2965","1907","60","1911","1686","1410","1167","791"
"20221","11740515","강일동","1357","886","471","0","196","292","374","333","162","0","98","199","237","215","137","0","98","93","137","118","25"
"20221","11740550","고덕1동","2188","1136","1052","0","240","487","569","526","366","0","108","271","280","241","236","0","132","216","289","285","130"
"20221","11740685","길동","9468","4805","4663","25","1369","1886","2128","2298","1762","15","541","1001","1136","1055","1057","10","828","885","992","1243","705"
"20221","11740530","명일1동","4220","2357","1863","9","623","1131","1061","762","634","4","293","679","693","390","298","5","330","452","368","372","336"
"20221","11740570","암사1동","3940","2413","1527","6","504","843","830","791","966","2","246","550","529","537","549","4","258","293","301","254","417"
"20221","11110600","가회동","11728","8729","2999","7","1263","4028","3519","2201","710","6","655","2966","2750","1810","542","1","608","1062","769","391","168"
"20221","11110690","창신3동","300","142","158","1","38","80","74","78","29","0","14","34","35","41","18","1","24","46","39","37","11"
"20221","11140550","명동","72930","42220","30710","107","11914","24562","19786","12954","3607","41","4764","12669","12754","9554","2438","66","7150","11893","7032","3400","1169"
"20221","11140570","필동","17346","8148","9198","41","2497","4384","5350","3789","1285","16","843","2169","2511","1781","828","25","1654","2215","2839","2008","457"
"20221","11170570","원효로2동","4609","3303","1306","17","726","1387","1277","740","462","7","416","989","980","547","364","10","310","398","297","193","98"
"20221","11170510","후암동","2324","1371","953","9","361","509","641","516","288","7","137","304","418","306","199","2","224","205","223","210","89"
"20221","11200540","마장동","7683","5451","2232","32","651","1345","1769","2510","1376","28","387","920","1288","1803","1025","4","264","425","481","707","351"
"20221","11200550","사근동","2650","1837","813","2","159","472","841","788","388","2","59","297","569","596","314","0","100","175","272","192","74"
"20221","11200535","왕십리도선동","5949","2726","3223","23","982","1143","1247","1456","1098","4","341","631","669","614","467","19","641","512","578","842","631"
"20221","11215850","구의1동","3628","2155","1473","9","515","899","1000","818","387","8","269","519","553","530","276","1","246","380","447","288","111"
"20221","11230740","이문1동","4076","1851","2225","3","781","1042","1081","784","385","2","164","402","537","471","275","1","617","640","544","313","110"
"20221","11230705","청량리동","4909","2614","2295","7","873","1407","941","916","765","5","334","799","527","516","433","2","539","608","414","400","332"
"20221","11260575","면목3?8동","3459","2159","1300","7","341","614","876","936","685","2","118","323","518","673","525","5","223","291","358","263","160"
"20221","11260690","신내2동","3776","2095","1681","8","503","948","927","926","464","5","209","446","476","601","358","3","294","502","451","325","106"
"20221","11260600","중화1동","1955","1034","921","0","231","422","496","461","345","0","87","173","241","257","276","0","144","249","255","204","69"
"20221","11290580","돈암1동","2329","1067","1262","9","677","705","484","321","133","0","162","352","257","181","115","9","515","353","227","140","18"
"20221","11290590","돈암2동","11726","7090","4636","44","1806","2813","3721","2083","1259","13","834","1672","2483","1535","553","31","972","1141","1238","548","706"
"20221","11305545","송중동","2249","1126","1123","13","239","363","636","577","421","11","98","158","279","282","298","2","141","205","357","295","123"
"20221","11320513","창3동","775","403","372","1","82","159","233","192","108","0","23","87","136","93","64","1","59","72","97","99","44"
"20221","11350665","상계3?4동","2343","1623","720","1","143","225","563","854","557","0","53","113","356","647","454","1","90","112","207","207","103"
"20221","11380631","신사1동","2475","1318","1157","2","267","513","566","607","520","0","108","252","308","291","359","2","159","261","258","316","161"
"20221","11380632","신사2동","1918","1332","586","5","228","379","473","475","358","5","169","255","279","313","311","0","59","124","194","162","47"
"20221","11380625","역촌동","4694","2257","2437","13","779","952","1204","1060","686","3","282","432","566","512","462","10","497","520","638","548","224"
"20221","11410520","천연동","1823","985","838","2","163","301","468","629","260","2","55","136","264","369","159","0","108","165","204","260","101"
"20221","11410685","홍은2동","5835","3769","2066","38","926","1570","1420","1250","631","32","524","1029","916","820","448","6","402","541","504","430","183"
"20221","11410640","홍제3동","1201","596","605","4","116","149","247","307","378","1","41","59","115","157","223","3","75","90","132","150","155"
"20221","11440555","아현동","11780","6477","5303","23","2240","3776","3328","2004","409","9","975","2113","1872","1217","291","14","1265","1663","1456","787","118"
"20221","11440680","합정동","5738","3211","2527","14","955","1644","1487","1049","589","11","379","809","935","673","404","3","576","835","552","376","185"
"20221","11470520","목2동","5530","3082","2448","4","766","1343","1466","1257","694","3","362","729","810","727","451","1","404","614","656","530","243"
"20221","11500603","가양1동","5337","3304","2033","4","589","1111","1212","1288","1133","2","247","674","720","830","831","2","342","437","492","458","302"
"20221","11500605","가양3동","3216","2060","1156","13","542","708","898","664","391","7","352","475","573","394","259","6","190","233","325","270","132"
"20221","11530720","고척1동","7767","5490","2277","7","690","1575","2040","2362","1093","5","361","1045","1423","1771","885","2","329","530","617","591","208"
"20221","11545640","독산4동","1765","991","774","2","225","303","376","416","443","1","128","180","220","205","257","1","97","123","156","211","186"
"20221","11560710","대림2동","4606","2336","2270","27","855","1092","1021","707","904","8","328","577","443","397","583","19","527","515","578","310","321"
"20221","11560720","대림3동","6057","3897","2160","17","635","1258","1552","1442","1153","5","328","877","1105","901","681","12","307","381","447","541","472"
"20221","11560515","영등포본동","5708","3229","2479","36","808","1406","1461","1375","622","15","347","711","835","853","468","21","461","695","626","522","154"
"20221","11590520","노량진2동","4687","2431","2256","11","746","1363","1135","951","481","3","389","592","527","608","312","8","357","771","608","343","169"
"20221","11590620","사당1동","3916","2054","1862","9","659","963","1044","718","523","4","217","469","523","427","414","5","442","494","521","291","109"
"20221","11590550","상도3동","1371","776","595","1","119","278","361","320","292","1","68","182","212","159","154","0","51","96","149","161","138"
"20221","11590680","신대방2동","22031","14020","8011","54","4027","4597","4124","5144","4085","30","3041","3521","2633","2623","2172","24","986","1076","1491","2521","1913"
"20221","11620775","난곡동","1481","807","674","0","165","296","361","425","234","0","68","153","180","237","169","0","97","143","181","188","65"
"20221","11620765","미성동","3689","2177","1512","28","364","650","866","953","828","22","226","379","483","494","573","6","138","271","383","459","255"
"20221","11650620","방배3동","17809","11648","6161","114","2781","5297","4805","2896","1916","37","1413","3322","3453","1995","1428","77","1368","1975","1352","901","488"
"20221","11680670","개포2동","9490","6220","3270","35","1658","2701","2271","1757","1068","14","884","1810","1564","1122","826","21","774","891","707","635","242"
"20221","11680630","대치4동","33305","20468","12837","149","5336","9904","9047","5656","3213","21","2296","5995","6187","3965","2004","128","3040","3909","2860","1691","1209"
"20221","11680655","도곡1동","40888","28978","11910","97","6985","9515","11398","10350","2543","71","3545","6237","8574","8481","2070","26","3440","3278","2824","1869","473"
"20221","11710532","거여2동","2952","1523","1429","13","377","486","723","879","474","6","209","286","369","394","259","7","168","200","354","485","215"
"20221","11710641","문정1동","34975","27013","7962","17","3178","6528","10070","13196","1986","9","1869","4711","7830","11299","1295","8","1309","1817","2240","1897","691"
"20221","11740540","명일2동","2874","1969","905","5","337","819","768","610","335","3","172","581","558","393","262","2","165","238","210","217","73"
"20221","11740660","성내3동","4641","2789","1852","15","658","1034","1162","962","810","13","344","656","703","541","532","2","314","378","459","421","278"
"20221","11740610","천호2동","3817","1970","1847","14","484","802","933","884","700","8","199","378","464","440","481","6","285","424","469","444","219"
"20221","11740620","천호3동","2763","1566","1197","3","170","305","475","502","1308","3","64","139","236","255","869","0","106","166","239","247","439"
"20222","11110530","사직동","47822","29932","17890","53","6303","13536","14415","9470","4045","14","2635","8315","9863","6619","2486","39","3668","5221","4552","2851","1559"
"20222","11170700","보광동","1059","532","527","1","137","225","268","258","170","1","26","109","139","145","112","0","111","116","129","113","58"
"20222","11170520","용산2가동","1795","1266","529","0","150","298","628","603","116","0","59","164","490","472","81","0","91","134","138","131","35"
"20222","11170640","이촌2동","2906","1976","930","8","411","803","858","630","196","3","184","508","647","491","143","5","227","295","211","139","53"
"20222","11200615","금호2?3가동","697","365","332","0","81","125","162","160","169","0","19","50","81","89","126","0","62","75","81","71","43"
"20222","11200645","옥수동","4791","1847","2944","5","1224","1430","1086","718","328","0","306","528","505","336","172","5","918","902","581","382","156"
"20222","11215810","광장동","16633","10092","6541","181","5160","4368","3223","2556","1145","56","2475","2824","2177","1712","848","125","2685","1544","1046","844","297"
"20222","11215830","자양2동","5005","3083","1922","20","716","1123","1284","1268","594","12","473","710","764","692","432","8","243","413","520","576","162"
"20222","11215847","자양4동","1152","729","423","6","101","178","269","290","308","5","46","95","157","184","242","1","55","83","112","106","66"
"20222","11215740","중곡1동","5496","2668","2828","82","1416","1044","1099","1287","568","28","605","563","545","517","410","54","811","481","554","770","158"
"20222","11230536","용신동","23899","12377","11522","56","2872","5303","5905","5893","3870","28","1358","3033","3112","2709","2137","28","1514","2270","2793","3184","1733"
"20222","11230720","휘경1동","1421","830","591","5","153","273","354","367","269","1","58","153","224","248","146","4","95","120","130","119","123"
"20222","11230730","휘경2동","4402","2273","2129","7","589","968","1138","1052","648","4","174","461","596","562","476","3","415","507","542","490","172"
"20222","11260655","망우본동","3417","1787","1630","14","378","624","763","1020","618","1","129","239","359","562","497","13","249","385","404","458","121"
"20222","11260570","면목7동","1410","772","638","2","173","268","338","383","246","2","59","120","177","222","192","0","114","148","161","161","54"
"20222","11260630","묵2동","2062","1388","674","1","299","504","494","556","208","1","171","341","326","406","143","0","128","163","168","150","65"
"20222","11260680","신내1동","4245","2030","2215","1","751","928","780","1114","671","1","204","390","376","549","510","0","547","538","404","565","161"
"20222","11290685","길음2동","722","307","415","3","80","138","190","198","113","2","35","58","87","70","55","1","45","80","103","128","58"
"20222","11290525","성북동","23717","18050","5667","44","3093","5817","6878","6849","1036","13","1710","4056","5451","6104","716","31","1383","1761","1427","745","320"
"20222","11290780","장위3동","1195","728","467","6","175","228","252","297","237","2","65","121","143","188","209","4","110","107","109","109","28"
"20222","11290705","종암동","22158","11647","10511","63","1867","5592","7813","6324","499","13","799","2048","3570","4921","296","50","1068","3544","4243","1403","203"
"20222","11305535","미아동","1850","1039","811","2","199","342","519","499","289","2","86","168","289","302","192","0","113","174","230","197","97"
"20222","11305608","번3동","1263","689","574","11","130","211","308","355","248","7","51","100","168","196","167","4","79","111","140","159","81"
"20222","11305660","인수동","4298","2498","1800","5","441","856","1098","1224","674","3","164","453","662","728","488","2","277","403","436","496","186"
"20222","11320690","방학1동","6582","3804","2778","14","664","1442","1618","1954","890","11","355","839","836","1104","659","3","309","603","782","850","231"
"20222","11320670","쌍문2동","1469","825","644","1","171","253","341","415","288","0","53","115","179","260","218","1","118","138","162","155","70"
"20222","11350720","상계10동","1064","449","615","0","164","226","285","302","87","0","35","95","112","144","63","0","129","131","173","158","24"
"20222","11350570","월계2동","1268","617","651","8","146","281","342","348","143","6","54","111","154","182","110","2","92","170","188","166","33"
"20222","11410710","북가좌1동","1739","1357","382","0","49","113","193","345","1039","0","16","52","88","234","967","0","33","61","105","111","72"
"20222","11410655","홍제2동","739","379","360","0","113","162","187","163","114","0","40","107","95","79","58","0","73","55","92","84","56"
"20222","11440585","도화동","13141","7986","5155","24","2416","3200","3302","2929","1270","12","1264","2199","2176","1526","809","12","1152","1001","1126","1403","461"
"20222","11440740","상암동","15320","9403","5917","39","3231","5547","4162","1731","610","17","1420","3496","2771","1209","490","22","1811","2051","1391","522","120"
"20222","11440660","서교동","26960","13797","13163","135","5627","7574","6249","4402","2973","88","2301","3787","3449","2331","1841","47","3326","3787","2800","2071","1132"
"20222","11440710","연남동","3213","1975","1238","4","517","760","777","678","477","4","232","412","461","463","403","0","285","348","316","215","74"
"20222","11500535","등촌3동","15368","8147","7221","44","1901","3264","3431","3801","2927","22","831","1785","2013","1850","1646","22","1070","1479","1418","1951","1281"
"20222","11500640","방화2동","3390","2190","1200","9","367","654","764","880","716","8","200","392","490","561","539","1","167","262","274","319","177"
"20222","11500641","방화3동","5011","3236","1775","7","488","1063","1262","1375","816","5","248","561","780","968","674","2","240","502","482","407","142"
"20222","11500570","화곡4동","2710","1207","1503","3","637","730","552","506","282","2","151","317","267","269","201","1","486","413","285","237","81"
"20222","11500590","화곡본동","2983","1681","1302","13","337","586","716","710","621","11","127","318","406","374","445","2","210","268","310","336","176"
"20222","11530595","가리봉동","972","454","518","1","95","161","224","209","282","0","42","74","102","83","153","1","53","87","122","126","129"
"20222","11530520","구로1동","4769","2813","1956","5","551","1184","1128","986","915","3","307","754","763","603","383","2","244","430","365","383","532"
"20222","11530770","오류1동","4294","2719","1575","14","556","798","1050","1234","642","7","393","537","636","709","437","7","163","261","414","525","205"
"20222","11560650","신길3동","1332","863","469","2","100","223","302","327","378","2","41","133","192","209","286","0","59","90","110","118","92"
"20222","11560690","신길7동","2693","1837","856","6","318","515","610","768","476","4","198","350","406","493","386","2","120","165","204","275","90"
"20222","11590530","상도1동","6189","3568","2621","10","958","1525","1507","1366","823","2","406","854","904","844","558","8","552","671","603","522","265"
"20222","11620525","보라매동","1838","943","895","8","253","408","426","448","295","3","107","206","219","212","196","5","146","202","207","236","99"
"20222","11620695","신림동","1946","1168","778","4","173","275","462","443","589","1","63","144","255","257","448","3","110","131","207","186","141"
"20222","11620615","중앙동","1420","666","754","3","174","256","327","381","279","2","71","125","154","182","132","1","103","131","173","199","147"
"20222","11620545","청림동","2705","1543","1162","4","408","900","885","393","115","3","178","504","529","253","76","1","230","396","356","140","39"
"20222","11650600","방배1동","19003","12553","6450","92","3748","5826","4604","3465","1268","61","1778","3553","3393","2828","940","31","1970","2273","1211","637","328"
"20222","11650531","서초4동","37488","21433","16055","138","7320","11471","9418","6641","2500","63","2783","6553","6110","4162","1762","75","4537","4918","3308","2479","738"
"20222","11680531","논현2동","55372","35328","20044","151","10602","16012","13330","8967","6310","47","4602","9575","9465","6803","4836","104","6000","6437","3865","2164","1474"
"20222","11680580","삼성1동","130157","87840","42317","310","26223","39031","34864","23107","6622","153","14094","25801","25719","18114","3959","157","12129","13230","9145","4993","2663"
"20222","11710631","가락1동","5913","4134","1779","0","404","1101","1627","1695","1086","0","271","843","1198","1111","711","0","133","258","429","584","375"
"20222","11710540","마천1동","955","471","484","2","112","201","273","249","118","1","46","98","129","118","79","1","66","103","144","131","39"
"20222","11710510","풍납1동","1718","964","754","1","228","386","435","451","217","1","120","208","229","240","166","0","108","178","206","211","51"
"20222","11710520","풍납2동","23596","11568","12028","3","5113","8054","5886","3553","987","0","1384","4183","3091","2173","737","3","3729","3871","2795","1380","250"
"20222","11740640","성내1동","17072","11605","5467","42","2020","3567","3667","4407","3369","17","1169","2225","2403","3188","2603","25","851","1342","1264","1219","766"
"20222","11110570","무악동","608","169","439","7","168","169","147","80","37","6","35","32","47","26","23","1","133","137","100","54","14"
"20222","11140665","동화동","1504","682","822","2","239","362","395","319","187","1","62","126","191","176","126","1","177","236","204","143","61"
"20222","11140635","약수동","17658","6830","10828","51","2837","6596","4891","2424","859","11","862","2322","1622","1389","624","40","1975","4274","3269","1035","235"
"20222","11140605","을지로동","15914","8662","7252","70","3844","3863","3457","2755","1925","17","1005","2127","2244","1916","1353","53","2839","1736","1213","839","572"
"20222","11170530","남영동","21173","8924","12249","187","8038","5217","4031","2705","995","22","1507","2802","2399","1454","740","165","6531","2415","1632","1251","255"
"20222","11170685","한남동","41934","30661","11273","135","6886","12388","11000","9625","1900","89","3268","8250","8923","8616","1515","46","3618","4138","2077","1009","385"
"20222","11200650","성수1가1동","3550","2228","1322","3","452","745","793","940","617","1","207","466","510","640","404","2","245","279","283","300","213"
"20222","11200520","왕십리2동","1259","746","513","2","175","319","360","269","134","2","85","169","221","170","99","0","90","150","139","99","35"
"20222","11200580","응봉동","1688","695","993","12","400","449","373","285","169","2","89","156","175","146","127","10","311","293","198","139","42"
"20222","11200560","행당1동","2359","1588","771","1","298","491","600","671","298","0","148","303","414","507","216","1","150","188","186","164","82"
"20222","11215870","구의3동","12940","7885","5055","27","1521","2728","3129","3229","2306","8","873","1900","2126","1661","1317","19","648","828","1003","1568","989"
"20222","11230660","장안2동","6304","3377","2927","46","1936","1218","1256","1163","685","27","1005","698","580","567","500","19","931","520","676","596","185"
"20222","11290715","월곡1동","2594","1577","1017","4","204","338","530","555","963","4","76","163","278","360","696","0","128","175","252","195","267"
"20222","11290770","장위2동","1746","1050","696","3","158","292","415","420","458","2","57","144","233","260","354","1","101","148","182","160","104"
"20222","11290640","정릉3동","2441","1649","792","15","383","695","593","440","315","14","207","494","418","314","202","1","176","201","175","126","113"
"20222","11305595","번1동","2555","1499","1056","2","322","516","510","657","548","0","139","316","307","420","317","2","183","200","203","237","231"
"20222","11305575","삼각산동","1296","708","588","1","227","343","406","210","109","0","93","192","227","105","91","1","134","151","179","105","18"
"20222","11305625","수유2동","2222","1180","1042","1","105","171","422","658","865","0","30","90","266","448","346","1","75","81","156","210","519"
"20222","11305645","우이동","2841","1745","1096","4","171","263","394","669","1340","3","51","126","214","460","891","1","120","137","180","209","449"
"20222","11320515","창5동","7114","4495","2619","9","821","1589","1757","1497","1441","7","428","1090","1177","820","973","2","393","499","580","677","468"
"20222","11350595","공릉1동","6301","3404","2897","8","659","982","1376","1729","1547","4","299","541","682","893","985","4","360","441","694","836","562"
"20222","11350700","상계8동","1180","616","564","3","167","344","290","263","113","1","59","215","121","143","77","2","108","129","169","120","36"
"20222","11410690","남가좌1동","3997","2401","1596","11","278","509","695","992","1512","8","190","341","440","522","900","3","88","168","255","470","612"
"20222","11440565","공덕동","14467","8329","6138","84","3210","3917","3860","2545","851","33","1283","2076","2451","1878","608","51","1927","1841","1409","667","243"
"20222","11440610","염리동","3956","2587","1369","75","736","884","795","861","605","27","372","596","586","593","413","48","364","288","209","268","192"
"20222","11470550","목5동","31153","18954","12199","114","5058","8049","7547","6516","3869","55","2331","4850","4764","4269","2685","59","2727","3199","2783","2247","1184"
"20222","11470570","신월2동","2996","1737","1259","12","259","472","804","817","632","9","142","279","419","437","451","3","117","193","385","380","181"
"20222","11470670","신정6동","18155","11030","7125","92","3488","5238","4247","3672","1418","74","1698","3218","2712","2347","981","18","1790","2020","1535","1325","437"
"20222","11500540","화곡1동","5031","2822","2209","21","535","1016","1247","1402","810","17","249","591","676","789","500","4","286","425","571","613","310"
"20222","11530750","개봉2동","8038","3972","4066","37","1415","1946","1909","1903","828","17","804","1236","844","639","432","20","611","710","1065","1264","396"
"20222","11530730","고척2동","3143","1958","1185","10","356","698","794","841","444","7","220","440","469","485","337","3","136","258","325","356","107"
"20222","11530560","구로5동","14392","9095","5297","44","2014","3370","3745","3190","2029","33","1138","2322","2481","1889","1232","11","876","1048","1264","1301","797"
"20222","11560620","양평2동","14774","8451","6323","38","2693","4021","4060","2540","1422","15","1180","2429","2300","1491","1036","23","1513","1592","1760","1049","386"
"20222","11560535","영등포동","14217","7943","6274","48","2615","3539","3349","2794","1872","14","977","1979","2088","1652","1233","34","1638","1560","1261","1142","639"
"20222","11590670","신대방1동","7418","4694","2724","24","1422","2370","1722","1183","697","14","724","1528","1188","772","468","10","698","842","534","411","229"
"20222","11620645","서원동","2912","1206","1706","5","563","630","529","646","539","2","143","260","265","235","301","3","420","370","264","411","238"
"20222","11620625","인헌동","3435","1976","1459","13","701","985","867","536","333","5","324","608","515","277","247","8","377","377","352","259","86"
"20222","11620595","청룡동","6665","3660","3005","8","1087","1894","1590","1510","576","3","433","957","884","988","395","5","654","937","706","522","181"
"20222","11650570","반포2동","9861","5872","3989","18","1652","3059","2563","1656","913","10","723","1849","1650","999","641","8","929","1210","913","657","272"
"20222","11650520","서초2동","67858","45080","22778","159","14201","22383","16994","10387","3734","54","7752","15121","11691","7781","2681","105","6449","7262","5303","2606","1053"
"20222","11650652","양재2동","43401","32515","10886","106","5761","10598","12175","11422","3339","59","3488","7792","9341","9309","2526","47","2273","2806","2834","2113","813"
"20222","11680740","일원2동","5600","3682","1918","17","832","1447","1587","1319","398","5","407","891","1091","992","296","12","425","556","496","327","102"
"20222","11710620","가락본동","27955","16882","11073","89","3790","6716","6396","5452","5512","37","1813","4194","4281","3158","3399","52","1977","2522","2115","2294","2113"
"20222","11710562","방이2동","24911","14324","10587","53","4019","6387","5622","5295","3535","37","2261","4157","3442","2476","1951","16","1758","2230","2180","2819","1584"
"20222","11710670","잠실2동","7793","5196","2597","10","1494","2265","2042","1556","426","9","938","1589","1387","1026","247","1","556","676","655","530","179"
"20222","11740600","천호1동","2450","1407","1043","6","246","461","597","573","567","1","100","239","304","336","427","5","146","222","293","237","140"
"20222","11110540","삼청동","5862","4751","1111","3","726","1549","1817","1381","386","0","460","1187","1543","1230","331","3","266","362","274","151","55"
"20222","11110630","종로5?6가동","15588","9737","5851","407","3613","4484","3824","2369","891","114","1498","2891","2796","1819","619","293","2115","1593","1028","550","272"
"20222","11110670","창신1동","1307","566","741","1","117","231","397","315","246","0","47","88","128","140","163","1","70","143","269","175","83"
"20222","11110650","혜화동","6669","3263","3406","30","1094","1790","1598","1324","833","22","380","867","848","687","459","8","714","923","750","637","374"
"20222","11170690","서빙고동","14416","9448","4968","37","2566","4289","4433","2273","818","15","1228","2510","3241","1816","638","22","1338","1779","1192","457","180"
"20222","11170590","용문동","2710","1570","1140","11","527","732","741","503","196","7","221","430","439","338","135","4","306","302","302","165","61"
"20222","11170560","원효로1동","4677","3188","1489","21","727","1266","1220","852","591","12","430","908","848","583","407","9","297","358","372","269","184"
"20222","11170630","이촌1동","10866","6950","3916","53","1764","2919","3039","2219","872","34","876","1798","2142","1493","607","19","888","1121","897","726","265"
"20222","11170555","청파동","4834","2581","2253","14","753","1213","1147","1014","693","8","264","562","606","621","520","6","489","651","541","393","173"
"20222","11200590","금호1가동","2304","858","1446","15","272","750","937","260","70","0","88","248","371","102","49","15","184","502","566","158","21"
"20222","11200720","송정동","1247","754","493","1","181","290","313","250","212","0","88","178","172","148","168","1","93","112","141","102","44"
"20222","11215770","중곡4동","5044","2482","2562","6","871","1221","1285","1169","492","4","254","568","628","634","394","2","617","653","657","535","98"
"20222","11215710","화양동","2662","1687","975","9","348","425","650","775","455","4","133","230","426","533","361","5","215","195","224","242","94"
"20222","11230610","답십리2동","4215","3060","1155","32","687","954","962","850","730","28","504","727","697","583","521","4","183","227","265","267","209"
"20222","11230750","이문2동","2210","1168","1042","2","268","474","498","560","408","1","93","229","233","307","305","1","175","245","265","253","103"
"20222","11230650","장안1동","10768","6778","3990","34","1470","2114","2327","2359","2464","26","880","1351","1448","1427","1646","8","590","763","879","932","818"
"20222","11260540","면목4동","1624","1162","462","2","121","264","432","588","217","1","55","160","292","481","173","1","66","104","140","107","44"
"20222","11290660","길음1동","6329","3095","3234","419","2211","1546","1057","690","406","176","957","813","522","320","307","243","1254","733","535","370","99"
"20222","11290610","보문동","6952","5271","1681","6","667","2047","1463","1460","1309","2","365","1644","1172","1170","918","4","302","403","291","290","391"
"20222","11290555","삼선동","6459","3237","3222","8","699","1546","1938","1603","665","4","247","667","937","1001","381","4","452","879","1001","602","284"
"20222","11290760","장위1동","1324","690","634","2","238","278","309","277","220","1","110","154","156","135","134","1","128","124","153","142","86"
"20222","11290630","정릉2동","1757","773","984","0","286","418","473","380","200","0","74","179","186","185","149","0","212","239","287","195","51"
"20222","11305603","번2동","1380","655","725","1","201","205","357","391","225","0","85","107","157","187","119","1","116","98","200","204","106"
"20222","11350630","상계1동","5569","3527","2042","23","644","1148","1345","1414","995","18","369","775","875","881","609","5","275","373","470","533","386"
"20222","11350670","상계5동","1861","927","934","5","128","213","314","464","737","2","52","114","139","210","410","3","76","99","175","254","327"
"20222","11350695","상계6?7동","6346","2810","3536","19","890","1498","1624","1611","704","11","233","564","725","883","394","8","657","934","899","728","310"
"20222","11350560","월계1동","2778","1511","1267","13","430","656","717","544","418","5","200","395","362","278","271","8","230","261","355","266","147"
"20222","11350624","중계4동","2064","1128","936","12","201","421","483","539","408","7","75","203","253","283","307","5","126","218","230","256","101"
"20222","11350612","하계2동","1414","910","504","2","145","263","384","465","155","0","82","161","240","294","133","2","63","102","144","171","22"
"20222","11380570","대조동","2617","1284","1333","5","323","553","704","596","436","4","119","269","331","267","294","1","204","284","373","329","142"
"20222","11380640","증산동","2848","1844","1004","2","364","748","783","642","309","2","169","501","515","424","233","0","195","247","268","218","76"
"20222","11410585","신촌동","5047","2648","2399","12","786","1329","1274","1079","567","7","305","582","652","701","401","5","481","747","622","378","166"
"20222","11410620","홍제1동","2477","1275","1202","5","265","373","628","847","359","2","77","175","328","475","218","3","188","198","300","372","141"
"20222","11440690","망원1동","3153","1750","1403","10","855","862","647","467","312","3","496","462","313","276","200","7","359","400","334","191","112"
"20222","11440730","성산2동","2757","1239","1518","5","275","511","724","838","404","3","99","251","327","330","229","2","176","260","397","508","175"
"20222","11470510","목1동","17427","11303","6124","49","3004","4738","4346","3560","1730","31","1399","3112","3084","2553","1124","18","1605","1626","1262","1007","606"
"20222","11470600","신월5동","2190","1209","981","8","278","535","546","550","273","5","127","267","283","322","205","3","151","268","263","228","68"
"20222","11470610","신월6동","1115","652","463","1","118","205","253","306","232","0","45","105","138","173","191","1","73","100","115","133","41"
"20222","11470680","신정7동","5753","3432","2321","14","656","1376","1762","1305","640","8","306","770","1070","807","471","6","350","606","692","498","169"
"20222","11500620","공항동","33826","17706","16120","10","5671","11101","9233","6573","1238","2","1358","4648","5380","5415","903","8","4313","6453","3853","1158","335"
"20222","11500530","등촌2동","4992","2944","2048","6","614","985","1193","1272","922","2","259","533","721","804","625","4","355","452","472","468","297"
"20222","11500615","우장산동","6277","3448","2829","6","1358","1416","1329","1316","852","4","515","819","782","778","550","2","843","597","547","538","302"
"20222","11500550","화곡2동","1532","914","618","6","188","416","397","369","156","3","108","271","238","193","101","3","80","145","159","176","55"
"20222","11500591","화곡6동","10754","6820","3934","35","1515","2863","2741","2431","1169","9","750","1821","1754","1606","880","26","765","1042","987","825","289"
"20222","11530760","개봉3동","1995","1198","797","5","278","485","501","427","299","5","136","299","299","240","219","0","142","186","202","187","80"
"20222","11560630","신길1동","3535","1563","1972","4","633","842","785","696","575","0","202","405","373","294","289","4","431","437","412","402","286"
"20222","11560670","신길5동","1404","679","725","2","140","296","455","347","164","1","69","136","164","177","132","1","71","160","291","170","32"
"20222","11560540","여의동","217817","154569","63248","520","40050","78066","55998","33396","9787","195","22109","55804","43252","26581","6628","325","17941","22262","12746","6815","3159"
"20222","11620585","낙성대동","10344","5721","4623","20","1677","3541","2220","1585","1301","10","761","1862","1167","922","999","10","916","1679","1053","663","302"
"20222","11620685","신사동","4234","2870","1364","2","678","1206","1226","768","354","2","298","818","953","572","227","0","380","388","273","196","127"
"20222","11620605","은천동","4644","2204","2440","12","629","867","980","1276","880","1","210","402","501","575","515","11","419","465","479","701","365"
"20222","11650590","방배본동","28234","15628","12606","120","5284","7281","7505","5047","2997","82","1798","3804","4370","3275","2299","38","3486","3477","3135","1772","698"
"20222","11680610","대치2동","92377","51697","40680","530","16781","25425","21288","17434","10919","232","7729","15578","13694","8997","5467","298","9052","9847","7594","8437","5452"
"20222","11680590","삼성2동","62165","35711","26454","150","12530","20151","15787","8793","4754","61","5197","11854","10528","4946","3125","89","7333","8297","5259","3847","1629"
"20222","11680700","세곡동","1534","879","655","10","124","276","310","436","378","5","55","140","178","256","245","5","69","136","132","180","133"
"20222","11680650","역삼2동","51209","30365","20844","208","11790","14220","12162","9047","3782","85","5685","9112","8095","4730","2658","123","6105","5108","4067","4317","1124"
"20222","11680730","일원1동","2518","1370","1148","4","343","476","566","543","586","2","149","251","293","284","391","2","194","225","273","259","195"
"20222","11680565","청담동","57122","32691","24431","172","11877","18886","14178","8558","3451","72","4465","10782","9320","5650","2402","100","7412","8104","4858","2908","1049"
"20222","11710531","거여1동","3835","2832","1003","11","951","1067","919","530","357","9","659","841","701","364","258","2","292","226","218","166","99"
"20222","11710647","위례동","1268","1216","52","0","4","80","347","681","156","0","4","78","336","650","148","0","0","2","11","31","8"
"20222","11710690","잠실4동","9652","7756","1896","42","1285","3032","2803","2051","439","18","925","2493","2310","1675","335","24","360","539","493","376","104"
"20222","11710710","잠실6동","46691","24881","21810","93","7429","12391","13316","11902","1560","29","3439","7617","7686","4936","1174","64","3990","4774","5630","6966","386"
"20222","11710650","잠실본동","9422","6016","3406","45","1284","1797","2201","2088","2007","4","575","1097","1382","1438","1520","41","709","700","819","650","487"
"20222","11710646","장지동","6769","4617","2152","13","730","1085","1597","1784","1560","4","406","721","1070","1256","1160","9","324","364","527","528","400"
"20222","11740590","암사3동","3192","1912","1280","6","286","449","571","829","1051","3","146","269","312","478","704","3","140","180","259","351","347"
"20222","11140670","황학동","1714","1102","612","1","271","455","422","342","223","1","157","285","265","225","169","0","114","170","157","117","54"
"20222","11140540","회현동","58705","36279","22426","199","10994","20696","16047","8525","2244","68","5132","12355","10455","6703","1566","131","5862","8341","5592","1822","678"
"20222","11200690","성수2가3동","23863","15312","8551","83","3917","6067","5966","4768","3062","63","2176","4061","4011","2880","2121","20","1741","2006","1955","1888","941"
"20222","11215840","자양3동","3370","2410","960","8","406","863","937","843","313","3","252","605","689","618","243","5","154","258","248","225","70"
"20222","11260580","상봉1동","2499","1715","784","14","303","440","514","655","573","11","193","268","289","450","504","3","110","172","225","205","69"
"20222","11260590","상봉2동","5328","3673","1655","17","631","1376","1754","1205","345","13","369","964","1173","877","277","4","262","412","581","328","68"
"20222","11290600","안암동","4686","3030","1656","8","655","1203","1295","1013","512","3","333","745","832","715","402","5","322","458","463","298","110"
"20222","11320710","방학3동","3005","1804","1201","10","510","688","696","694","407","9","324","395","438","336","302","1","186","293","258","358","105"
"20222","11320680","쌍문3동","2022","963","1059","4","437","452","474","472","183","3","113","208","246","266","127","1","324","244","228","206","56"
"20222","11350710","상계9동","2626","1662","964","2","339","658","654","741","232","2","184","418","385","493","180","0","155","240","269","248","52"
"20222","11350580","월계3동","1502","756","746","1","166","265","395","434","241","1","63","137","182","228","145","0","103","128","213","206","96"
"20222","11350625","중계2?3동","2225","1256","969","5","288","582","570","571","209","4","170","349","294","305","134","1","118","233","276","266","75"
"20222","11380580","응암1동","2895","1605","1290","7","306","489","680","669","744","5","141","230","355","339","535","2","165","259","325","330","209"
"20222","11410615","연희동","14856","9739","5117","82","2345","3661","3196","4080","1492","43","1297","2440","1997","2924","1038","39","1048","1221","1199","1156","454"
"20222","11410660","홍은1동","7584","1500","6084","3","262","551","2062","3659","1047","1","98","189","374","439","399","2","164","362","1688","3220","648"
"20222","11440600","대흥동","5628","2774","2854","65","2228","1272","827","772","464","22","867","656","452","470","307","43","1361","616","375","302","157"
"20222","11440700","망원2동","5201","3099","2102","17","652","971","1126","1574","861","10","356","715","787","730","501","7","296","256","339","844","360"
"20222","11470611","신월7동","4357","2856","1501","4","467","719","894","1036","1237","3","345","547","587","630","744","1","122","172","307","406","493"
"20222","11470630","신정2동","13985","8015","5970","66","2513","4519","3729","2456","702","30","1020","2487","2309","1628","541","36","1493","2032","1420","828","161"
"20222","11530550","구로4동","2159","1229","930","5","243","425","532","527","427","3","112","228","294","293","299","2","131","197","238","234","128"
"20222","11545510","가산동","84451","55529","28922","300","16641","26228","20890","12369","8023","193","8827","17613","15063","8220","5613","107","7814","8615","5827","4149","2410"
"20222","11545620","독산2동","1789","993","796","1","230","372","417","495","274","0","125","176","207","282","203","1","105","196","210","213","71"
"20223","11110530","사직동","47822","29932","17890","53","6303","13536","14415","9470","4045","14","2635","8315","9863","6619","2486","39","3668","5221","4552","2851","1559"
"20223","11170700","보광동","1059","532","527","1","137","225","268","258","170","1","26","109","139","145","112","0","111","116","129","113","58"
"20223","11170520","용산2가동","1795","1266","529","0","150","298","628","603","116","0","59","164","490","472","81","0","91","134","138","131","35"
"20223","11170640","이촌2동","2906","1976","930","8","411","803","858","630","196","3","184","508","647","491","143","5","227","295","211","139","53"
"20223","11200615","금호2?3가동","697","365","332","0","81","125","162","160","169","0","19","50","81","89","126","0","62","75","81","71","43"
"20223","11200645","옥수동","4791","1847","2944","5","1224","1430","1086","718","328","0","306","528","505","336","172","5","918","902","581","382","156"
"20223","11215810","광장동","16633","10092","6541","181","5160","4368","3223","2556","1145","56","2475","2824","2177","1712","848","125","2685","1544","1046","844","297"
"20223","11215830","자양2동","5005","3083","1922","20","716","1123","1284","1268","594","12","473","710","764","692","432","8","243","413","520","576","162"
"20223","11215847","자양4동","1152","729","423","6","101","178","269","290","308","5","46","95","157","184","242","1","55","83","112","106","66"
"20223","11215740","중곡1동","5496","2668","2828","82","1416","1044","1099","1287","568","28","605","563","545","517","410","54","811","481","554","770","158"
"20223","11230536","용신동","23899","12377","11522","56","2872","5303","5905","5893","3870","28","1358","3033","3112","2709","2137","28","1514","2270","2793","3184","1733"
"20223","11230720","휘경1동","1421","830","591","5","153","273","354","367","269","1","58","153","224","248","146","4","95","120","130","119","123"
"20223","11230730","휘경2동","4402","2273","2129","7","589","968","1138","1052","648","4","174","461","596","562","476","3","415","507","542","490","172"
"20223","11260655","망우본동","3417","1787","1630","14","378","624","763","1020","618","1","129","239","359","562","497","13","249","385","404","458","121"
"20223","11260570","면목7동","1410","772","638","2","173","268","338","383","246","2","59","120","177","222","192","0","114","148","161","161","54"
"20223","11260630","묵2동","2062","1388","674","1","299","504","494","556","208","1","171","341","326","406","143","0","128","163","168","150","65"
"20223","11260680","신내1동","4245","2030","2215","1","751","928","780","1114","671","1","204","390","376","549","510","0","547","538","404","565","161"
"20223","11290685","길음2동","722","307","415","3","80","138","190","198","113","2","35","58","87","70","55","1","45","80","103","128","58"
"20223","11290525","성북동","23717","18050","5667","44","3093","5817","6878","6849","1036","13","1710","4056","5451","6104","716","31","1383","1761","1427","745","320"
"20223","11290780","장위3동","1195","728","467","6","175","228","252","297","237","2","65","121","143","188","209","4","110","107","109","109","28"
"20223","11290705","종암동","22158","11647","10511","63","1867","5592","7813","6324","499","13","799","2048","3570","4921","296","50","1068","3544","4243","1403","203"
"20223","11305535","미아동","1850","1039","811","2","199","342","519","499","289","2","86","168","289","302","192","0","113","174","230","197","97"
"20223","11305608","번3동","1263","689","574","11","130","211","308","355","248","7","51","100","168","196","167","4","79","111","140","159","81"
"20223","11305660","인수동","4298","2498","1800","5","441","856","1098","1224","674","3","164","453","662","728","488","2","277","403","436","496","186"
"20223","11320690","방학1동","6582","3804","2778","14","664","1442","1618","1954","890","11","355","839","836","1104","659","3","309","603","782","850","231"
"20223","11320670","쌍문2동","1469","825","644","1","171","253","341","415","288","0","53","115","179","260","218","1","118","138","162","155","70"
"20223","11350720","상계10동","1064","449","615","0","164","226","285","302","87","0","35","95","112","144","63","0","129","131","173","158","24"
"20223","11350570","월계2동","1268","617","651","8","146","281","342","348","143","6","54","111","154","182","110","2","92","170","188","166","33"
"20223","11410710","북가좌1동","1739","1357","382","0","49","113","193","345","1039","0","16","52","88","234","967","0","33","61","105","111","72"
"20223","11410655","홍제2동","739","379","360","0","113","162","187","163","114","0","40","107","95","79","58","0","73","55","92","84","56"
"20223","11440585","도화동","13141","7986","5155","24","2416","3200","3302","2929","1270","12","1264","2199","2176","1526","809","12","1152","1001","1126","1403","461"
"20223","11440740","상암동","15320","9403","5917","39","3231","5547","4162","1731","610","17","1420","3496","2771","1209","490","22","1811","2051","1391","522","120"
"20223","11440660","서교동","26960","13797","13163","135","5627","7574","6249","4402","2973","88","2301","3787","3449","2331","1841","47","3326","3787","2800","2071","1132"
"20223","11440710","연남동","3213","1975","1238","4","517","760","777","678","477","4","232","412","461","463","403","0","285","348","316","215","74"
"20223","11500535","등촌3동","15368","8147","7221","44","1901","3264","3431","3801","2927","22","831","1785","2013","1850","1646","22","1070","1479","1418","1951","1281"
"20223","11500640","방화2동","3390","2190","1200","9","367","654","764","880","716","8","200","392","490","561","539","1","167","262","274","319","177"
"20223","11500641","방화3동","5011","3236","1775","7","488","1063","1262","1375","816","5","248","561","780","968","674","2","240","502","482","407","142"
"20223","11500570","화곡4동","2710","1207","1503","3","637","730","552","506","282","2","151","317","267","269","201","1","486","413","285","237","81"
"20223","11500590","화곡본동","2983","1681","1302","13","337","586","716","710","621","11","127","318","406","374","445","2","210","268","310","336","176"
"20223","11530595","가리봉동","972","454","518","1","95","161","224","209","282","0","42","74","102","83","153","1","53","87","122","126","129"
"20223","11530520","구로1동","4769","2813","1956","5","551","1184","1128","986","915","3","307","754","763","603","383","2","244","430","365","383","532"
"20223","11530770","오류1동","4294","2719","1575","14","556","798","1050","1234","642","7","393","537","636","709","437","7","163","261","414","525","205"
"20223","11560650","신길3동","1332","863","469","2","100","223","302","327","378","2","41","133","192","209","286","0","59","90","110","118","92"
"20223","11560690","신길7동","2693","1837","856","6","318","515","610","768","476","4","198","350","406","493","386","2","120","165","204","275","90"
"20223","11590530","상도1동","6189","3568","2621","10","958","1525","1507","1366","823","2","406","854","904","844","558","8","552","671","603","522","265"
"20223","11620525","보라매동","1838","943","895","8","253","408","426","448","295","3","107","206","219","212","196","5","146","202","207","236","99"
"20223","11620695","신림동","1946","1168","778","4","173","275","462","443","589","1","63","144","255","257","448","3","110","131","207","186","141"
"20223","11620615","중앙동","1420","666","754","3","174","256","327","381","279","2","71","125","154","182","132","1","103","131","173","199","147"
"20223","11620545","청림동","2705","1543","1162","4","408","900","885","393","115","3","178","504","529","253","76","1","230","396","356","140","39"
"20223","11650600","방배1동","19003","12553","6450","92","3748","5826","4604","3465","1268","61","1778","3553","3393","2828","940","31","1970","2273","1211","637","328"
"20223","11650531","서초4동","37488","21433","16055","138","7320","11471","9418","6641","2500","63","2783","6553","6110","4162","1762","75","4537","4918","3308","2479","738"
"20223","11680531","논현2동","55372","35328","20044","151","10602","16012","13330","8967","6310","47","4602","9575","9465","6803","4836","104","6000","6437","3865","2164","1474"
"20223","11680580","삼성1동","130157","87840","42317","310","26223","39031","34864","23107","6622","153","14094","25801","25719","18114","3959","157","12129","13230","9145","4993","2663"
"20223","11710631","가락1동","5913","4134","1779","0","404","1101","1627","1695","1086","0","271","843","1198","1111","711","0","133","258","429","584","375"
"20223","11710540","마천1동","955","471","484","2","112","201","273","249","118","1","46","98","129","118","79","1","66","103","144","131","39"
"20223","11710510","풍납1동","1718","964","754","1","228","386","435","451","217","1","120","208","229","240","166","0","108","178","206","211","51"
"20223","11710520","풍납2동","23596","11568","12028","3","5113","8054","5886","3553","987","0","1384","4183","3091","2173","737","3","3729","3871","2795","1380","250"
"20223","11740640","성내1동","17072","11605","5467","42","2020","3567","3667","4407","3369","17","1169","2225","2403","3188","2603","25","851","1342","1264","1219","766"
"20223","11110570","무악동","608","169","439","7","168","169","147","80","37","6","35","32","47","26","23","1","133","137","100","54","14"
"20223","11140665","동화동","1504","682","822","2","239","362","395","319","187","1","62","126","191","176","126","1","177","236","204","143","61"
"20223","11140635","약수동","17658","6830","10828","51","2837","6596","4891","2424","859","11","862","2322","1622","1389","624","40","1975","4274","3269","1035","235"
"20223","11140605","을지로동","15914","8662","7252","70","3844","3863","3457","2755","1925","17","1005","2127","2244","1916","1353","53","2839","1736","1213","839","572"
"20223","11170530","남영동","21173","8924","12249","187","8038","5217","4031","2705","995","22","1507","2802","2399","1454","740","165","6531","2415","1632","1251","255"
"20223","11170685","한남동","41934","30661","11273","135","6886","12388","11000","9625","1900","89","3268","8250","8923","8616","1515","46","3618","4138","2077","1009","385"
"20223","11200650","성수1가1동","3550","2228","1322","3","452","745","793","940","617","1","207","466","510","640","404","2","245","279","283","300","213"
"20223","11200520","왕십리2동","1259","746","513","2","175","319","360","269","134","2","85","169","221","170","99","0","90","150","139","99","35"
"20223","11200580","응봉동","1688","695","993","12","400","449","373","285","169","2","89","156","175","146","127","10","311","293","198","139","42"
"20223","11200560","행당1동","2359","1588","771","1","298","491","600","671","298","0","148","303","414","507","216","1","150","188","186","164","82"
"20223","11215870","구의3동","12940","7885","5055","27","1521","2728","3129","3229","2306","8","873","1900","2126","1661","1317","19","648","828","1003","1568","989"
"20223","11230660","장안2동","6304","3377","2927","46","1936","1218","1256","1163","685","27","1005","698","580","567","500","19","931","520","676","596","185"
"20223","11290715","월곡1동","2594","1577","1017","4","204","338","530","555","963","4","76","163","278","360","696","0","128","175","252","195","267"
"20223","11290770","장위2동","1746","1050","696","3","158","292","415","420","458","2","57","144","233","260","354","1","101","148","182","160","104"
"20223","11290640","정릉3동","2441","1649","792","15","383","695","593","440","315","14","207","494","418","314","202","1","176","201","175","126","113"
"20223","11305595","번1동","2555","1499","1056","2","322","516","510","657","548","0","139","316","307","420","317","2","183","200","203","237","231"
"20223","11305575","삼각산동","1296","708","588","1","227","343","406","210","109","0","93","192","227","105","91","1","134","151","179","105","18"
"20223","11305625","수유2동","2222","1180","1042","1","105","171","422","658","865","0","30","90","266","448","346","1","75","81","156","210","519"
"20223","11305645","우이동","2841","1745","1096","4","171","263","394","669","1340","3","51","126","214","460","891","1","120","137","180","209","449"
"20223","11320515","창5동","7114","4495","2619","9","821","1589","1757","1497","1441","7","428","1090","1177","820","973","2","393","499","580","677","468"
"20223","11350595","공릉1동","6301","3404","2897","8","659","982","1376","1729","1547","4","299","541","682","893","985","4","360","441","694","836","562"
"20223","11350700","상계8동","1180","616","564","3","167","344","290","263","113","1","59","215","121","143","77","2","108","129","169","120","36"
"20223","11410690","남가좌1동","3997","2401","1596","11","278","509","695","992","1512","8","190","341","440","522","900","3","88","168","255","470","612"
"20223","11440565","공덕동","14467","8329","6138","84","3210","3917","3860","2545","851","33","1283","2076","2451","1878","608","51","1927","1841","1409","667","243"
"20223","11440610","염리동","3956","2587","1369","75","736","884","795","861","605","27","372","596","586","593","413","48","364","288","209","268","192"
"20223","11470550","목5동","31153","18954","12199","114","5058","8049","7547","6516","3869","55","2331","4850","4764","4269","2685","59","2727","3199","2783","2247","1184"
"20223","11470570","신월2동","2996","1737","1259","12","259","472","804","817","632","9","142","279","419","437","451","3","117","193","385","380","181"
"20223","11470670","신정6동","18155","11030","7125","92","3488","5238","4247","3672","1418","74","1698","3218","2712","2347","981","18","1790","2020","1535","1325","437"
"20223","11500540","화곡1동","5031","2822","2209","21","535","1016","1247","1402","810","17","249","591","676","789","500","4","286","425","571","613","310"
"20223","11530750","개봉2동","8038","3972","4066","37","1415","1946","1909","1903","828","17","804","1236","844","639","432","20","611","710","1065","1264","396"
"20223","11530730","고척2동","3143","1958","1185","10","356","698","794","841","444","7","220","440","469","485","337","3","136","258","325","356","107"
"20223","11530560","구로5동","14392","9095","5297","44","2014","3370","3745","3190","2029","33","1138","2322","2481","1889","1232","11","876","1048","1264","1301","797"
"20223","11560620","양평2동","14774","8451","6323","38","2693","4021","4060","2540","1422","15","1180","2429","2300","1491","1036","23","1513","1592","1760","1049","386"
"20223","11560535","영등포동","14217","7943","6274","48","2615","3539","3349","2794","1872","14","977","1979","2088","1652","1233","34","1638","1560","1261","1142","639"
"20223","11590670","신대방1동","7418","4694","2724","24","1422","2370","1722","1183","697","14","724","1528","1188","772","468","10","698","842","534","411","229"
"20223","11620645","서원동","2912","1206","1706","5","563","630","529","646","539","2","143","260","265","235","301","3","420","370","264","411","238"
"20223","11620625","인헌동","3435","1976","1459","13","701","985","867","536","333","5","324","608","515","277","247","8","377","377","352","259","86"
"20223","11620595","청룡동","6665","3660","3005","8","1087","1894","1590","1510","576","3","433","957","884","988","395","5","654","937","706","522","181"
"20223","11650570","반포2동","9861","5872","3989","18","1652","3059","2563","1656","913","10","723","1849","1650","999","641","8","929","1210","913","657","272"
"20223","11650520","서초2동","67858","45080","22778","159","14201","22383","16994","10387","3734","54","7752","15121","11691","7781","2681","105","6449","7262","5303","2606","1053"
"20223","11650652","양재2동","43401","32515","10886","106","5761","10598","12175","11422","3339","59","3488","7792","9341","9309","2526","47","2273","2806","2834","2113","813"
"20223","11680740","일원2동","5600","3682","1918","17","832","1447","1587","1319","398","5","407","891","1091","992","296","12","425","556","496","327","102"
"20223","11710620","가락본동","27955","16882","11073","89","3790","6716","6396","5452","5512","37","1813","4194","4281","3158","3399","52","1977","2522","2115","2294","2113"
"20223","11710562","방이2동","24911","14324","10587","53","4019","6387","5622","5295","3535","37","2261","4157","3442","2476","1951","16","1758","2230","2180","2819","1584"
"20223","11710670","잠실2동","7793","5196","2597","10","1494","2265","2042","1556","426","9","938","1589","1387","1026","247","1","556","676","655","530","179"
"20223","11740600","천호1동","2450","1407","1043","6","246","461","597","573","567","1","100","239","304","336","427","5","146","222","293","237","140"
"20223","11110540","삼청동","5862","4751","1111","3","726","1549","1817","1381","386","0","460","1187","1543","1230","331","3","266","362","274","151","55"
"20223","11110630","종로5?6가동","15588","9737","5851","407","3613","4484","3824","2369","891","114","1498","2891","2796","1819","619","293","2115","1593","1028","550","272"
"20223","11110670","창신1동","1307","566","741","1","117","231","397","315","246","0","47","88","128","140","163","1","70","143","269","175","83"
"20223","11110650","혜화동","6669","3263","3406","30","1094","1790","1598","1324","833","22","380","867","848","687","459","8","714","923","750","637","374"
"20223","11170690","서빙고동","14416","9448","4968","37","2566","4289","4433","2273","818","15","1228","2510","3241","1816","638","22","1338","1779","1192","457","180"
"20223","11170590","용문동","2710","1570","1140","11","527","732","741","503","196","7","221","430","439","338","135","4","306","302","302","165","61"
"20223","11170560","원효로1동","4677","3188","1489","21","727","1266","1220","852","591","12","430","908","848","583","407","9","297","358","372","269","184"
"20223","11170630","이촌1동","10866","6950","3916","53","1764","2919","3039","2219","872","34","876","1798","2142","1493","607","19","888","1121","897","726","265"
"20223","11170555","청파동","4834","2581","2253","14","753","1213","1147","1014","693","8","264","562","606","621","520","6","489","651","541","393","173"
"20223","11200590","금호1가동","2304","858","1446","15","272","750","937","260","70","0","88","248","371","102","49","15","184","502","566","158","21"
"20223","11200720","송정동","1247","754","493","1","181","290","313","250","212","0","88","178","172","148","168","1","93","112","141","102","44"
"20223","11215770","중곡4동","5044","2482","2562","6","871","1221","1285","1169","492","4","254","568","628","634","394","2","617","653","657","535","98"
"20223","11215710","화양동","2662","1687","975","9","348","425","650","775","455","4","133","230","426","533","361","5","215","195","224","242","94"
"20223","11230610","답십리2동","4215","3060","1155","32","687","954","962","850","730","28","504","727","697","583","521","4","183","227","265","267","209"
"20223","11230750","이문2동","2210","1168","1042","2","268","474","498","560","408","1","93","229","233","307","305","1","175","245","265","253","103"
"20223","11230650","장안1동","10768","6778","3990","34","1470","2114","2327","2359","2464","26","880","1351","1448","1427","1646","8","590","763","879","932","818"
"20223","11260540","면목4동","1624","1162","462","2","121","264","432","588","217","1","55","160","292","481","173","1","66","104","140","107","44"
"20223","11290660","길음1동","6329","3095","3234","419","2211","1546","1057","690","406","176","957","813","522","320","307","243","1254","733","535","370","99"
"20223","11290610","보문동","6952","5271","1681","6","667","2047","1463","1460","1309","2","365","1644","1172","1170","918","4","302","403","291","290","391"
"20223","11290555","삼선동","6459","3237","3222","8","699","1546","1938","1603","665","4","247","667","937","1001","381","4","452","879","1001","602","284"
"20223","11290760","장위1동","1324","690","634","2","238","278","309","277","220","1","110","154","156","135","134","1","128","124","153","142","86"
"20223","11290630","정릉2동","1757","773","984","0","286","418","473","380","200","0","74","179","186","185","149","0","212","239","287","195","51"
"20223","11305603","번2동","1380","655","725","1","201","205","357","391","225","0","85","107","157","187","119","1","116","98","200","204","106"
"20223","11350630","상계1동","5569","3527","2042","23","644","1148","1345","1414","995","18","369","775","875","881","609","5","275","373","470","533","386"
"20223","11350670","상계5동","1861","927","934","5","128","213","314","464","737","2","52","114","139","210","410","3","76","99","175","254","327"
"20223","11350695","상계6?7동","6346","2810","3536","19","890","1498","1624","1611","704","11","233","564","725","883","394","8","657","934","899","728","310"
"20223","11350560","월계1동","2778","1511","1267","13","430","656","717","544","418","5","200","395","362","278","271","8","230","261","355","266","147"
"20223","11350624","중계4동","2064","1128","936","12","201","421","483","539","408","7","75","203","253","283","307","5","126","218","230","256","101"
"20223","11350612","하계2동","1414","910","504","2","145","263","384","465","155","0","82","161","240","294","133","2","63","102","144","171","22"
"20223","11380570","대조동","2617","1284","1333","5","323","553","704","596","436","4","119","269","331","267","294","1","204","284","373","329","142"
"20223","11380640","증산동","2848","1844","1004","2","364","748","783","642","309","2","169","501","515","424","233","0","195","247","268","218","76"
"20223","11410585","신촌동","5047","2648","2399","12","786","1329","1274","1079","567","7","305","582","652","701","401","5","481","747","622","378","166"
"20223","11410620","홍제1동","2477","1275","1202","5","265","373","628","847","359","2","77","175","328","475","218","3","188","198","300","372","141"
"20223","11440690","망원1동","3153","1750","1403","10","855","862","647","467","312","3","496","462","313","276","200","7","359","400","334","191","112"
"20223","11440730","성산2동","2757","1239","1518","5","275","511","724","838","404","3","99","251","327","330","229","2","176","260","397","508","175"
"20223","11470510","목1동","17427","11303","6124","49","3004","4738","4346","3560","1730","31","1399","3112","3084","2553","1124","18","1605","1626","1262","1007","606"
"20223","11470600","신월5동","2190","1209","981","8","278","535","546","550","273","5","127","267","283","322","205","3","151","268","263","228","68"
"20223","11470610","신월6동","1115","652","463","1","118","205","253","306","232","0","45","105","138","173","191","1","73","100","115","133","41"
"20223","11470680","신정7동","5753","3432","2321","14","656","1376","1762","1305","640","8","306","770","1070","807","471","6","350","606","692","498","169"
"20223","11500620","공항동","33826","17706","16120","10","5671","11101","9233","6573","1238","2","1358","4648","5380","5415","903","8","4313","6453","3853","1158","335"
"20223","11500530","등촌2동","4992","2944","2048","6","614","985","1193","1272","922","2","259","533","721","804","625","4","355","452","472","468","297"
"20223","11500615","우장산동","6277","3448","2829","6","1358","1416","1329","1316","852","4","515","819","782","778","550","2","843","597","547","538","302"
"20223","11500550","화곡2동","1532","914","618","6","188","416","397","369","156","3","108","271","238","193","101","3","80","145","159","176","55"
"20223","11500591","화곡6동","10754","6820","3934","35","1515","2863","2741","2431","1169","9","750","1821","1754","1606","880","26","765","1042","987","825","289"
"20223","11530760","개봉3동","1995","1198","797","5","278","485","501","427","299","5","136","299","299","240","219","0","142","186","202","187","80"
"20223","11560630","신길1동","3535","1563","1972","4","633","842","785","696","575","0","202","405","373","294","289","4","431","437","412","402","286"
"20223","11560670","신길5동","1404","679","725","2","140","296","455","347","164","1","69","136","164","177","132","1","71","160","291","170","32"
"20223","11560540","여의동","217817","154569","63248","520","40050","78066","55998","33396","9787","195","22109","55804","43252","26581","6628","325","17941","22262","12746","6815","3159"
"20223","11620585","낙성대동","10344","5721","4623","20","1677","3541","2220","1585","1301","10","761","1862","1167","922","999","10","916","1679","1053","663","302"
"20223","11620685","신사동","4234","2870","1364","2","678","1206","1226","768","354","2","298","818","953","572","227","0","380","388","273","196","127"
"20223","11620605","은천동","4644","2204","2440","12","629","867","980","1276","880","1","210","402","501","575","515","11","419","465","479","701","365"
"20223","11650590","방배본동","28234","15628","12606","120","5284","7281","7505","5047","2997","82","1798","3804","4370","3275","2299","38","3486","3477","3135","1772","698"
"20223","11680610","대치2동","92377","51697","40680","530","16781","25425","21288","17434","10919","232","7729","15578","13694","8997","5467","298","9052","9847","7594","8437","5452"
"20223","11680590","삼성2동","62165","35711","26454","150","12530","20151","15787","8793","4754","61","5197","11854","10528","4946","3125","89","7333","8297","5259","3847","1629"
"20223","11680700","세곡동","1534","879","655","10","124","276","310","436","378","5","55","140","178","256","245","5","69","136","132","180","133"
"20223","11680650","역삼2동","51209","30365","20844","208","11790","14220","12162","9047","3782","85","5685","9112","8095","4730","2658","123","6105","5108","4067","4317","1124"
"20223","11680730","일원1동","2518","1370","1148","4","343","476","566","543","586","2","149","251","293","284","391","2","194","225","273","259","195"
"20223","11680565","청담동","57122","32691","24431","172","11877","18886","14178","8558","3451","72","4465","10782","9320","5650","2402","100","7412","8104","4858","2908","1049"
"20223","11710531","거여1동","3835","2832","1003","11","951","1067","919","530","357","9","659","841","701","364","258","2","292","226","218","166","99"
"20223","11710647","위례동","1268","1216","52","0","4","80","347","681","156","0","4","78","336","650","148","0","0","2","11","31","8"
"20223","11710690","잠실4동","9652","7756","1896","42","1285","3032","2803","2051","439","18","925","2493","2310","1675","335","24","360","539","493","376","104"
"20231","11290780","장위3동","1195","728","467","6","175","228","252","297","237","2","65","121","143","188","209","4","110","107","109","109","28"
"20231","11290705","종암동","22158","11647","10511","63","1867","5592","7813","6324","499","13","799","2048","3570","4921","296","50","1068","3544","4243","1403","203"
"20231","11305535","미아동","1850","1039","811","2","199","342","519","499","289","2","86","168","289","302","192","0","113","174","230","197","97"
"20231","11305608","번3동","1263","689","574","11","130","211","308","355","248","7","51","100","168","196","167","4","79","111","140","159","81"
"20231","11305660","인수동","4298","2498","1800","5","441","856","1098","1224","674","3","164","453","662","728","488","2","277","403","436","496","186"
"20231","11320690","방학1동","6582","3804","2778","14","664","1442","1618","1954","890","11","355","839","836","1104","659","3","309","603","782","850","231"
"20231","11320670","쌍문2동","1469","825","644","1","171","253","341","415","288","0","53","115","179","260","218","1","118","138","162","155","70"
"20231","11350720","상계10동","1064","449","615","0","164","226","285","302","87","0","35","95","112","144","63","0","129","131","173","158","24"
"20231","11350570","월계2동","1268","617","651","8","146","281","342","348","143","6","54","111","154","182","110","2","92","170","188","166","33"
"20231","11410710","북가좌1동","1739","1357","382","0","49","113","193","345","1039","0","16","52","88","234","967","0","33","61","105","111","72"
"20231","11410655","홍제2동","739","379","360","0","113","162","187","163","114","0","40","107","95","79","58","0","73","55","92","84","56"
"20231","11440585","도화동","13141","7986","5155","24","2416","3200","3302","2929","1270","12","1264","2199","2176","1526","809","12","1152","1001","1126","1403","461"
"20231","11440740","상암동","15320","9403","5917","39","3231","5547","4162","1731","610","17","1420","3496","2771","1209","490","22","1811","2051","1391","522","120"
"20231","11440660","서교동","26960","13797","13163","135","5627","7574","6249","4402","2973","88","2301","3787","3449","2331","1841","47","3326","3787","2800","2071","1132"
"20231","11440710","연남동","3213","1975","1238","4","517","760","777","678","477","4","232","412","461","463","403","0","285","348","316","215","74"
"20231","11500535","등촌3동","15368","8147","7221","44","1901","3264","3431","3801","2927","22","831","1785","2013","1850","1646","22","1070","1479","1418","1951","1281"
"20231","11500640","방화2동","3390","2190","1200","9","367","654","764","880","716","8","200","392","490","561","539","1","167","262","274","319","177"
"20231","11500641","방화3동","5011","3236","1775","7","488","1063","1262","1375","816","5","248","561","780","968","674","2","240","502","482","407","142"
"20231","11500570","화곡4동","2710","1207","1503","3","637","730","552","506","282","2","151","317","267","269","201","1","486","413","285","237","81"
"20231","11500590","화곡본동","2983","1681","1302","13","337","586","716","710","621","11","127","318","406","374","445","2","210","268","310","336","176"
"20231","11530595","가리봉동","972","454","518","1","95","161","224","209","282","0","42","74","102","83","153","1","53","87","122","126","129"
"20231","11530520","구로1동","4769","2813","1956","5","551","1184","1128","986","915","3","307","754","763","603","383","2","244","430","365","383","532"
"20231","11530770","오류1동","4294","2719","1575","14","556","798","1050","1234","642","7","393","537","636","709","437","7","163","261","414","525","205"
"20231","11560650","신길3동","1332","863","469","2","100","223","302","327","378","2","41","133","192","209","286","0","59","90","110","118","92"
"20231","11560690","신길7동","2693","1837","856","6","318","515","610","768","476","4","198","350","406","493","386","2","120","165","204","275","90"
"20231","11590530","상도1동","6189","3568","2621","10","958","1525","1507","1366","823","2","406","854","904","844","558","8","552","671","603","522","265"
"20231","11620525","보라매동","1838","943","895","8","253","408","426","448","295","3","107","206","219","212","196","5","146","202","207","236","99"
"20231","11620695","신림동","1946","1168","778","4","173","275","462","443","589","1","63","144","255","257","448","3","110","131","207","186","141"
"20231","11620615","중앙동","1420","666","754","3","174","256","327","381","279","2","71","125","154","182","132","1","103","131","173","199","147"
"20231","11620545","청림동","2705","1543","1162","4","408","900","885","393","115","3","178","504","529","253","76","1","230","396","356","140","39"
"20231","11650600","방배1동","19003","12553","6450","92","3748","5826","4604","3465","1268","61","1778","3553","3393","2828","940","31","1970","2273","1211","637","328"
"20231","11650531","서초4동","37488","21433","16055","138","7320","11471","9418","6641","2500","63","2783","6553","6110","4162","1762","75","4537","4918","3308","2479","738"
"20231","11680531","논현2동","55372","35328","20044","151","10602","16012","13330","8967","6310","47","4602","9575","9465","6803","4836","104","6000","6437","3865","2164","1474"
"20231","11680580","삼성1동","130157","87840","42317","310","26223","39031","34864","23107","6622","153","14094","25801","25719","18114","3959","157","12129","13230","9145","4993","2663"
"20231","11710631","가락1동","5913","4134","1779","0","404","1101","1627","1695","1086","0","271","843","1198","1111","711","0","133","258","429","584","375"
"20231","11710540","마천1동","955","471","484","2","112","201","273","249","118","1","46","98","129","118","79","1","66","103","144","131","39"
"20231","11710510","풍납1동","1718","964","754","1","228","386","435","451","217","1","120","208","229","240","166","0","108","178","206","211","51"
"20231","11710520","풍납2동","23596","11568","12028","3","5113","8054","5886","3553","987","0","1384","4183","3091","2173","737","3","3729","3871","2795","1380","250"
"20231","11740640","성내1동","17072","11605","5467","42","2020","3567","3667","4407","3369","17","1169","2225","2403","3188","2603","25","851","1342","1264","1219","766"
"20231","11110570","무악동","608","169","439","7","168","169","147","80","37","6","35","32","47","26","23","1","133","137","100","54","14"
"20231","11140665","동화동","1504","682","822","2","239","362","395","319","187","1","62","126","191","176","126","1","177","236","204","143","61"
"20231","11140635","약수동","17658","6830","10828","51","2837","6596","4891","2424","859","11","862","2322","1622","1389","624","40","1975","4274","3269","1035","235"
"20231","11140605","을지로동","15914","8662","7252","70","3844","3863","3457","2755","1925","17","1005","2127","2244","1916","1353","53","2839","1736","1213","839","572"
"20231","11170530","남영동","21173","8924","12249","187","8038","5217","4031","2705","995","22","1507","2802","2399","1454","740","165","6531","2415","1632","1251","255"
"20231","11170685","한남동","41934","30661","11273","135","6886","12388","11000","9625","1900","89","3268","8250","8923","8616","1515","46","3618","4138","2077","1009","385"
"20231","11200650","성수1가1동","3550","2228","1322","3","452","745","793","940","617","1","207","466","510","640","404","2","245","279","283","300","213"
"20231","11200520","왕십리2동","1259","746","513","2","175","319","360","269","134","2","85","169","221","170","99","0","90","150","139","99","35"
"20231","11200580","응봉동","1688","695","993","12","400","449","373","285","169","2","89","156","175","146","127","10","311","293","198","139","42"
"20231","11200560","행당1동","2359","1588","771","1","298","491","600","671","298","0","148","303","414","507","216","1","150","188","186","164","82"
"20231","11215870","구의3동","12940","7885","5055","27","1521","2728","3129","3229","2306","8","873","1900","2126","1661","1317","19","648","828","1003","1568","989"
"20231","11230660","장안2동","6304","3377","2927","46","1936","1218","1256","1163","685","27","1005","698","580","567","500","19","931","520","676","596","185"
"20231","11290715","월곡1동","2594","1577","1017","4","204","338","530","555","963","4","76","163","278","360","696","0","128","175","252","195","267"
"20231","11290770","장위2동","1746","1050","696","3","158","292","415","420","458","2","57","144","233","260","354","1","101","148","182","160","104"
"20231","11290640","정릉3동","2441","1649","792","15","383","695","593","440","315","14","207","494","418","314","202","1","176","201","175","126","113"
"20231","11305595","번1동","2555","1499","1056","2","322","516","510","657","548","0","139","316","307","420","317","2","183","200","203","237","231"
"20231","11305575","삼각산동","1296","708","588","1","227","343","406","210","109","0","93","192","227","105","91","1","134","151","179","105","18"
"20231","11305625","수유2동","2222","1180","1042","1","105","171","422","658","865","0","30","90","266","448","346","1","75","81","156","210","519"
"20231","11305645","우이동","2841","1745","1096","4","171","263","394","669","1340","3","51","126","214","460","891","1","120","137","180","209","449"
"20231","11320515","창5동","7114","4495","2619","9","821","1589","1757","1497","1441","7","428","1090","1177","820","973","2","393","499","580","677","468"
"20231","11350595","공릉1동","6301","3404","2897","8","659","982","1376","1729","1547","4","299","541","682","893","985","4","360","441","694","836","562"
"20231","11350700","상계8동","1180","616","564","3","167","344","290","263","113","1","59","215","121","143","77","2","108","129","169","120","36"
"20231","11410690","남가좌1동","3997","2401","1596","11","278","509","695","992","1512","8","190","341","440","522","900","3","88","168","255","470","612"
"20231","11440565","공덕동","14467","8329","6138","84","3210","3917","3860","2545","851","33","1283","2076","2451","1878","608","51","1927","1841","1409","667","243"
"20231","11440610","염리동","3956","2587","1369","75","736","884","795","861","605","27","372","596","586","593","413","48","364","288","209","268","192"
"20231","11470550","목5동","31153","18954","12199","114","5058","8049","7547","6516","3869","55","2331","4850","4764","4269","2685","59","2727","3199","2783","2247","1184"
"20231","11470570","신월2동","2996","1737","1259","12","259","472","804","817","632","9","142","279","419","437","451","3","117","193","385","380","181"
"20231","11470670","신정6동","18155","11030","7125","92","3488","5238","4247","3672","1418","74","1698","3218","2712","2347","981","18","1790","2020","1535","1325","437"
"20231","11500540","화곡1동","5031","2822","2209","21","535","1016","1247","1402","810","17","249","591","676","789","500","4","286","425","571","613","310"
"20231","11530750","개봉2동","8038","3972","4066","37","1415","1946","1909","1903","828","17","804","1236","844","639","432","20","611","710","1065","1264","396"
"20231","11530730","고척2동","3143","1958","1185","10","356","698","794","841","444","7","220","440","469","485","337","3","136","258","325","356","107"
"20231","11530560","구로5동","14392","9095","5297","44","2014","3370","3745","3190","2029","33","1138","2322","2481","1889","1232","11","876","1048","1264","1301","797"
"20231","11560620","양평2동","14774","8451","6323","38","2693","4021","4060","2540","1422","15","1180","2429","2300","1491","1036","23","1513","1592","1760","1049","386"
"20231","11560535","영등포동","14217","7943","6274","48","2615","3539","3349","2794","1872","14","977","1979","2088","1652","1233","34","1638","1560","1261","1142","639"
"20231","11590670","신대방1동","7418","4694","2724","24","1422","2370","1722","1183","697","14","724","1528","1188","772","468","10","698","842","534","411","229"
"20231","11620645","서원동","2912","1206","1706","5","563","630","529","646","539","2","143","260","265","235","301","3","420","370","264","411","238"
"20231","11620625","인헌동","3435","1976","1459","13","701","985","867","536","333","5","324","608","515","277","247","8","377","377","352","259","86"
"20231","11620595","청룡동","6665","3660","3005","8","1087","1894","1590","1510","576","3","433","957","884","988","395","5","654","937","706","522","181"
"20231","11650570","반포2동","9861","5872","3989","18","1652","3059","2563","1656","913","10","723","1849","1650","999","641","8","929","1210","913","657","272"
"20231","11650520","서초2동","67858","45080","22778","159","14201","22383","16994","10387","3734","54","7752","15121","11691","7781","2681","105","6449","7262","5303","2606","1053"
"20231","11650652","양재2동","43401","32515","10886","106","5761","10598","12175","11422","3339","59","3488","7792","9341","9309","2526","47","2273","2806","2834","2113","813"
"20231","11680740","일원2동","5600","3682","1918","17","832","1447","1587","1319","398","5","407","891","1091","992","296","12","425","556","496","327","102"
"20231","11710620","가락본동","27955","16882","11073","89","3790","6716","6396","5452","5512","37","1813","4194","4281","3158","3399","52","1977","2522","2115","2294","2113"
"20231","11710562","방이2동","24911","14324","10587","53","4019","6387","5622","5295","3535","37","2261","4157","3442","2476","1951","16","1758","2230","2180","2819","1584"
"20231","11710670","잠실2동","7793","5196","2597","10","1494","2265","2042","1556","426","9","938","1589","1387","1026","247","1","556","676","655","530","179"
"20231","11740600","천호1동","2450","1407","1043","6","246","461","597","573","567","1","100","239","304","336","427","5","146","222","293","237","140"
"20231","11110540","삼청동","5862","4751","1111","3","726","1549","1817","1381","386","0","460","1187","1543","1230","331","3","266","362","274","151","55"
"20231","11110630","종로5?6가동","15588","9737","5851","407","3613","4484","3824","2369","891","114","1498","2891","2796","1819","619","293","2115","1593","1028","550","272"
"20231","11110670","창신1동","1307","566","741","1","117","231","397","315","246","0","47","88","128","140","163","1","70","143","269","175","83"
"20231","11110650","혜화동","6669","3263","3406","30","1094","1790","1598","1324","833","22","380","867","848","687","459","8","714","923","750","637","374"
"20231","11170690","서빙고동","14416","9448","4968","37","2566","4289","4433","2273","818","15","1228","2510","3241","1816","638","22","1338","1779","1192","457","180"
"20231","11170590","용문동","2710","1570","1140","11","527","732","741","503","196","7","221","430","439","338","135","4","306","302","302","165","61"
"20231","11170560","원효로1동","4677","3188","1489","21","727","1266","1220","852","591","12","430","908","848","583","407","9","297","358","372","269","184"
"20231","11170630","이촌1동","10866","6950","3916","53","1764","2919","3039","2219","872","34","876","1798","2142","1493","607","19","888","1121","897","726","265"
"20231","11170555","청파동","4834","2581","2253","14","753","1213","1147","1014","693","8","264","562","606","621","520","6","489","651","541","393","173"
"20231","11200590","금호1가동","2304","858","1446","15","272","750","937","260","70","0","88","248","371","102","49","15","184","502","566","158","21"
"20231","11200720","송정동","1247","754","493","1","181","290","313","250","212","0","88","178","172","148","168","1","93","112","141","102","44"
"20231","11215770","중곡4동","5044","2482","2562","6","871","1221","1285","1169","492","4","254","568","628","634","394","2","617","653","657","535","98"
"20231","11215710","화양동","2662","1687","975","9","348","425","650","775","455","4","133","230","426","533","361","5","215","195","224","242","94"
"20231","11230610","답십리2동","4215","3060","1155","32","687","954","962","850","730","28","504","727","697","583","521","4","183","227","265","267","209"
"20231","11230750","이문2동","2210","1168","1042","2","268","474","498","560","408","1","93","229","233","307","305","1","175","245","265","253","103"
"20231","11230650","장안1동","10768","6778","3990","34","1470","2114","2327","2359","2464","26","880","1351","1448","1427","1646","8","590","763","879","932","818"
"20231","11260540","면목4동","1624","1162","462","2","121","264","432","588","217","1","55","160","292","481","173","1","66","104","140","107","44"
"20231","11290660","길음1동","6329","3095","3234","419","2211","1546","1057","690","406","176","957","813","522","320","307","243","1254","733","535","370","99"
"20231","11290610","보문동","6952","5271","1681","6","667","2047","1463","1460","1309","2","365","1644","1172","1170","918","4","302","403","291","290","391"
"20231","11290555","삼선동","6459","3237","3222","8","699","1546","1938","1603","665","4","247","667","937","1001","381","4","452","879","1001","602","284"
"20231","11290760","장위1동","1324","690","634","2","238","278","309","277","220","1","110","154","156","135","134","1","128","124","153","142","86"
"20231","11290630","정릉2동","1757","773","984","0","286","418","473","380","200","0","74","179","186","185","149","0","212","239","287","195","51"
"20231","11305603","번2동","1380","655","725","1","201","205","357","391","225","0","85","107","157","187","119","1","116","98","200","204","106"
"20231","11350630","상계1동","5569","3527","2042","23","644","1148","1345","1414","995","18","369","775","875","881","609","5","275","373","470","533","386"
"20231","11350670","상계5동","1861","927","934","5","128","213","314","464","737","2","52","114","139","210","410","3","76","99","175","254","327"
"20231","11350695","상계6?7동","6346","2810","3536","19","890","1498","1624","1611","704","11","233","564","725","883","394","8","657","934","899","728","310"
"20231","11350560","월계1동","2778","1511","1267","13","430","656","717","544","418","5","200","395","362","278","271","8","230","261","355","266","147"
"20231","11350624","중계4동","2064","1128","936","12","201","421","483","539","408","7","75","203","253","283","307","5","126","218","230","256","101"
"20231","11350612","하계2동","1414","910","504","2","145","263","384","465","155","0","82","161","240","294","133","2","63","102","144","171","22"
"20231","11380570","대조동","2617","1284","1333","5","323","553","704","596","436","4","119","269","331","267","294","1","204","284","373","329","142"
"20231","11380640","증산동","2848","1844","1004","2","364","748","783","642","309","2","169","501","515","424","233","0","195","247","268","218","76"
"20231","11410585","신촌동","5047","2648","2399","12","786","1329","1274","1079","567","7","305","582","652","701","401","5","481","747","622","378","166"
"20231","11410620","홍제1동","2477","1275","1202","5","265","373","628","847","359","2","77","175","328","475","218","3","188","198","300","372","141"
"20231","11440690","망원1동","3153","1750","1403","10","855","862","647","467","312","3","496","462","313","276","200","7","359","400","334","191","112"
"20231","11440730","성산2동","2757","1239","1518","5","275","511","724","838","404","3","99","251","327","330","229","2","176","260","397","508","175"
"20231","11470510","목1동","17427","11303","6124","49","3004","4738","4346","3560","1730","31","1399","3112","3084","2553","1124","18","1605","1626","1262","1007","606"
"20231","11470600","신월5동","2190","1209","981","8","278","535","546","550","273","5","127","267","283","322","205","3","151","268","263","228","68"
"20231","11470610","신월6동","1115","652","463","1","118","205","253","306","232","0","45","105","138","173","191","1","73","100","115","133","41"
"20231","11470680","신정7동","5753","3432","2321","14","656","1376","1762","1305","640","8","306","770","1070","807","471","6","350","606","692","498","169"
"20231","11500620","공항동","33826","17706","16120","10","5671","11101","9233","6573","1238","2","1358","4648","5380","5415","903","8","4313","6453","3853","1158","335"
"20231","11500530","등촌2동","4992","2944","2048","6","614","985","1193","1272","922","2","259","533","721","804","625","4","355","452","472","468","297"
"20231","11500615","우장산동","6277","3448","2829","6","1358","1416","1329","1316","852","4","515","819","782","778","550","2","843","597","547","538","302"
"20231","11500550","화곡2동","1532","914","618","6","188","416","397","369","156","3","108","271","238","193","101","3","80","145","159","176","55"
"20231","11500591","화곡6동","10754","6820","3934","35","1515","2863","2741","2431","1169","9","750","1821","1754","1606","880","26","765","1042","987","825","289"
"20231","11530760","개봉3동","1995","1198","797","5","278","485","501","427","299","5","136","299","299","240","219","0","142","186","202","187","80"
"20231","11560630","신길1동","3535","1563","1972","4","633","842","785","696","575","0","202","405","373","294","289","4","431","437","412","402","286"
"20231","11560670","신길5동","1404","679","725","2","140","296","455","347","164","1","69","136","164","177","132","1","71","160","291","170","32"
"20231","11560540","여의동","217817","154569","63248","520","40050","78066","55998","33396","9787","195","22109","55804","43252","26581","6628","325","17941","22262","12746","6815","3159"
"20231","11620585","낙성대동","10344","5721","4623","20","1677","3541","2220","1585","1301","10","761","1862","1167","922","999","10","916","1679","1053","663","302"
"20231","11620685","신사동","4234","2870","1364","2","678","1206","1226","768","354","2","298","818","953","572","227","0","380","388","273","196","127"
"20231","11620605","은천동","4644","2204","2440","12","629","867","980","1276","880","1","210","402","501","575","515","11","419","465","479","701","365"
"20231","11170700","보광동","1059","532","527","1","137","225","268","258","170","1","26","109","139","145","112","0","111","116","129","113","58"
"20231","11170520","용산2가동","1795","1266","529","0","150","298","628","603","116","0","59","164","490","472","81","0","91","134","138","131","35"
"20231","11650590","방배본동","28234","15628","12606","120","5284","7281","7505","5047","2997","82","1798","3804","4370","3275","2299","38","3486","3477","3135","1772","698"
"20231","11680610","대치2동","92377","51697","40680","530","16781","25425","21288","17434","10919","232","7729","15578","13694","8997","5467","298","9052","9847","7594","8437","5452"
"20231","11680590","삼성2동","62165","35711","26454","150","12530","20151","15787","8793","4754","61","5197","11854","10528","4946","3125","89","7333","8297","5259","3847","1629"
"20231","11680700","세곡동","1534","879","655","10","124","276","310","436","378","5","55","140","178","256","245","5","69","136","132","180","133"
"20231","11680650","역삼2동","51209","30365","20844","208","11790","14220","12162","9047","3782","85","5685","9112","8095","4730","2658","123","6105","5108","4067","4317","1124"
"20231","11680730","일원1동","2518","1370","1148","4","343","476","566","543","586","2","149","251","293","284","391","2","194","225","273","259","195"
"20231","11680565","청담동","57122","32691","24431","172","11877","18886","14178","8558","3451","72","4465","10782","9320","5650","2402","100","7412","8104","4858","2908","1049"
"20231","11710531","거여1동","3835","2832","1003","11","951","1067","919","530","357","9","659","841","701","364","258","2","292","226","218","166","99"
"20231","11710647","위례동","1268","1216","52","0","4","80","347","681","156","0","4","78","336","650","148","0","0","2","11","31","8"
"20231","11710690","잠실4동","9652","7756","1896","42","1285","3032","2803","2051","439","18","925","2493","2310","1675","335","24","360","539","493","376","104"
"20231","11710710","잠실6동","46691","24881","21810","93","7429","12391","13316","11902","1560","29","3439","7617","7686","4936","1174","64","3990","4774","5630","6966","386"
"20231","11710650","잠실본동","9422","6016","3406","45","1284","1797","2201","2088","2007","4","575","1097","1382","1438","1520","41","709","700","819","650","487"
"20231","11710646","장지동","6769","4617","2152","13","730","1085","1597","1784","1560","4","406","721","1070","1256","1160","9","324","364","527","528","400"
"20231","11740590","암사3동","3192","1912","1280","6","286","449","571","829","1051","3","146","269","312","478","704","3","140","180","259","351","347"
"20231","11140670","황학동","1714","1102","612","1","271","455","422","342","223","1","157","285","265","225","169","0","114","170","157","117","54"
"20231","11140540","회현동","58705","36279","22426","199","10994","20696","16047","8525","2244","68","5132","12355","10455","6703","1566","131","5862","8341","5592","1822","678"
"20231","11200690","성수2가3동","23863","15312","8551","83","3917","6067","5966","4768","3062","63","2176","4061","4011","2880","2121","20","1741","2006","1955","1888","941"
"20231","11215840","자양3동","3370","2410","960","8","406","863","937","843","313","3","252","605","689","618","243","5","154","258","248","225","70"
"20231","11260580","상봉1동","2499","1715","784","14","303","440","514","655","573","11","193","268","289","450","504","3","110","172","225","205","69"
"20231","11260590","상봉2동","5328","3673","1655","17","631","1376","1754","1205","345","13","369","964","1173","877","277","4","262","412","581","328","68"
"20231","11290600","안암동","4686","3030","1656","8","655","1203","1295","1013","512","3","333","745","832","715","402","5","322","458","463","298","110"
"20231","11320710","방학3동","3005","1804","1201","10","510","688","696","694","407","9","324","395","438","336","302","1","186","293","258","358","105"
"20231","11320680","쌍문3동","2022","963","1059","4","437","452","474","472","183","3","113","208","246","266","127","1","324","244","228","206","56"
"20231","11350710","상계9동","2626","1662","964","2","339","658","654","741","232","2","184","418","385","493","180","0","155","240","269","248","52"
"20231","11350580","월계3동","1502","756","746","1","166","265","395","434","241","1","63","137","182","228","145","0","103","128","213","206","96"
"20231","11350625","중계2?3동","2225","1256","969","5","288","582","570","571","209","4","170","349","294","305","134","1","118","233","276","266","75"
"20231","11380580","응암1동","2895","1605","1290","7","306","489","680","669","744","5","141","230","355","339","535","2","165","259","325","330","209"
"20231","11410615","연희동","14856","9739","5117","82","2345","3661","3196","4080","1492","43","1297","2440","1997","2924","1038","39","1048","1221","1199","1156","454"
"20231","11410660","홍은1동","7584","1500","6084","3","262","551","2062","3659","1047","1","98","189","374","439","399","2","164","362","1688","3220","648"
"20231","11440600","대흥동","5628","2774","2854","65","2228","1272","827","772","464","22","867","656","452","470","307","43","1361","616","375","302","157"
"20231","11440700","망원2동","5201","3099","2102","17","652","971","1126","1574","861","10","356","715","787","730","501","7","296","256","339","844","360"
"20231","11470611","신월7동","4357","2856","1501","4","467","719","894","1036","1237","3","345","547","587","630","744","1","122","172","307","406","493"
"20231","11470630","신정2동","13985","8015","5970","66","2513","4519","3729","2456","702","30","1020","2487","2309","1628","541","36","1493","2032","1420","828","161"
"20231","11530550","구로4동","2159","1229","930","5","243","425","532","527","427","3","112","228","294","293","299","2","131","197","238","234","128"
"20231","11545510","가산동","84451","55529","28922","300","16641","26228","20890","12369","8023","193","8827","17613","15063","8220","5613","107","7814","8615","5827","4149","2410"
"20231","11545620","독산2동","1789","993","796","1","230","372","417","495","274","0","125","176","207","282","203","1","105","196","210","213","71"
"20231","11545680","시흥2동","3435","2024","1411","4","342","681","873","1027","508","3","199","387","492","597","346","1","143","294","381","430","162"
"20231","11560585","도림동","1619","1028","591","12","144","272","393","413","385","10","65","165","247","262","279","2","79","107","146","151","106"
"20231","11560605","문래동","81647","59216","22431","162","12600","26629","25117","12877","4262","62","7033","20252","20512","8694","2663","100","5567","6377","4605","4183","1599"
"20231","11590660","대방동","11271","7474","3797","22","1880","3051","2637","2515","1166","7","998","2084","1836","1812","737","15","882","967","801","703","429"
"20231","11590560","상도4동","2530","1503","1027","3","355","559","610","636","367","2","174","328","367","445","187","1","181","231","243","191","180"
"20231","11620735","대학동","3077","2250","827","3","433","739","863","742","297","1","256","500","673","587","233","2","177","239","190","155","64"
"20231","11620665","서림동","1808","1022","786","8","273","316","451","387","373","2","137","168","241","231","243","6","136","148","210","156","130"
"20231","11650621","방배4동","21837","13492","8345","61","3771","6017","5424","4166","2398","27","1599","3546","3678","2918","1724","34","2172","2471","1746","1248","674"
"20231","11650651","양재1동","33395","21554","11841","445","7793","9217","7561","4987","3392","215","3960","6187","5334","3319","2539","230","3833","3030","2227","1668","853"
"20231","11110530","사직동","47822","29932","17890","53","6303","13536","14415","9470","4045","14","2635","8315","9863","6619","2486","39","3668","5221","4552","2851","1559"
"20231","11680660","개포1동","18376","11295","7081","74","2873","4869","4780","3809","1971","30","1298","2691","3296","2574","1406","44","1575","2178","1484","1235","565"
"20231","11680656","도곡2동","192577","131699","60878","923","36796","75687","55314","19948","3909","583","19659","51843","42526","14511","2577","340","17137","23844","12788","5437","1332"
"20231","11680640","역삼1동","170825","101049","69776","494","34443","51961","43997","29792","10138","189","16474","32429","28719","16126","7112","305","17969","19532","15278","13666","3026"
"20231","11680720","일원본동","36779","20548","16231","181","9454","10978","8976","5878","1312","82","3541","6120","5771","4133","901","99","5913","4858","3205","1745","411"
"20231","11710550","마천2동","2599","1634","965","1","266","601","708","658","365","0","158","375","403","395","303","1","108","226","305","263","62"
"20231","11710561","방이1동","9129","6671","2458","30","952","1771","2392","2432","1552","19","450","1125","1786","1953","1338","11","502","646","606","479","214"
"20231","11710580","송파1동","8660","5413","3247","19","1228","1938","2145","1877","1453","8","530","1150","1399","1255","1071","11","698","788","746","622","382"
"20231","11740690","둔촌1동","1519","845","674","2","191","367","379","391","189","2","92","205","217","206","123","0","99","162","162","185","66"
"20231","11740520","상일동","3611","1827","1784","6","521","804","899","953","428","2","177","402","542","432","272","4","344","402","357","521","156"
"20231","11110640","이화동","5235","2876","2359","13","804","1303","1339","1082","694","6","257","600","777","725","511","7","547","703","562","357","183"
"20231","11110680","창신2동","344","116","228","0","22","40","89","116","77","0","4","11","32","39","30","0","18","29","57","77","47"
"20231","11110560","평창동","23179","12994","10185","45","2878","6197","7579","5016","1464","18","1373","3171","4476","3013","943","27","1505","3026","3103","2003","521"
"20231","11140590","광희동","42508","21177","21331","438","12207","11215","8725","6715","3208","189","5936","6526","5053","2274","1199","249","6271","4689","3672","4441","2009"
"20231","11140680","중림동","4348","2429","1919","3","913","1392","1134","599","307","2","420","754","630","399","224","1","493","638","504","200","83"
"20231","11170650","이태원1동","13034","5712","7322","26","3821","5020","2528","1242","397","14","981","2109","1400","906","302","12","2840","2911","1128","336","95"
"20231","11170625","한강로동","47142","23273","23869","183","9616","14692","13436","6917","2298","87","3914","6875","6681","4207","1509","96","5702","7817","6755","2710","789"
"20231","11215860","구의2동","4204","2612","1592","56","598","727","1055","1126","642","24","306","400","689","739","454","32","292","327","366","387","188"
"20231","11215760","중곡3동","1489","932","557","4","181","361","396","333","214","0","97","252","232","209","142","4","84","109","164","124","72"
"20231","11230560","전농1동","1537","956","581","2","180","270","401","417","267","0","113","170","263","260","150","2","67","100","138","157","117"
"20231","11230570","전농2동","4013","2089","1924","4","468","848","1061","1068","564","1","193","397","571","552","375","3","275","451","490","516","189"
"20231","11260550","면목5동","1080","728","352","1","105","184","287","266","237","1","67","138","140","175","207","0","38","46","147","91","30"
"20231","11260565","면목본동","1764","942","822","1","239","402","450","411","261","0","88","202","232","232","188","1","151","200","218","179","73"
"20231","11290810","석관동","3732","2418","1314","15","344","584","700","754","1335","8","170","353","396","466","1025","7","174","231","304","288","310"
"20231","11290620","정릉1동","1152","621","531","6","149","206","258","298","235","1","41","74","129","183","193","5","108","132","129","115","42"
"20231","11305615","수유1동","1920","874","1046","2","205","347","488","555","323","0","58","142","208","241","225","2","147","205","280","314","98"
"20231","11320522","도봉2동","2128","1350","778","1","113","274","364","537","839","0","39","137","202","352","620","1","74","137","162","185","219"
"20231","11320511","창1동","1790","815","975","6","246","361","472","484","221","3","96","141","213","228","134","3","150","220","259","256","87"
"20231","11350600","공릉2동","7078","3252","3826","29","1186","1746","1707","1652","758","3","368","800","796","808","477","26","818","946","911","844","281"
"20231","11350640","상계2동","2484","1209","1275","6","342","425","617","634","460","3","127","236","291","302","250","3","215","189","326","332","210"
"20231","11350621","중계1동","2169","1191","978","4","284","476","650","541","214","3","119","259","345","297","168","1","165","217","305","244","46"
"20231","11380552","갈현2동","3915","2012","1903","9","404","778","1023","1035","666","7","187","434","483","463","438","2","217","344","540","572","228"
"20231","11380560","구산동","4328","2305","2023","11","537","811","958","1354","657","1","205","363","455","843","438","10","332","448","503","511","219"
"20231","11380530","불광2동","3113","1510","1603","2","194","431","503","653","1330","1","68","222","203","273","743","1","126","209","300","380","587"
"20231","11380590","응암2동","1048","669","379","1","133","138","236","299","241","1","75","75","138","179","201","0","58","63","98","120","40"
"20231","11410700","남가좌2동","1792","933","859","1","205","375","486","493","232","0","73","179","233","280","168","1","132","196","253","213","64"
"20231","11410720","북가좌2동","3057","1561","1496","8","472","602","675","756","544","4","143","304","374","410","326","4","329","298","301","346","218"
"20231","11440655","서강동","6283","3927","2356","43","1080","1516","1510","1228","906","27","531","894","993","811","671","16","549","622","517","417","235"
"20231","11440720","성산1동","5829","3864","1965","19","753","1219","1334","1134","1370","15","369","757","847","790","1086","4","384","462","487","344","284"
"20231","11440590","용강동","13701","8118","5583","13","2008","3377","3238","2712","2353","9","969","1995","2139","1574","1432","4","1039","1382","1099","1138","921"
"20231","11470580","신월3동","1679","963","716","2","177","310","382","494","314","0","66","132","204","310","251","2","111","178","178","184","63"
"20231","11470590","신월4동","1813","1221","592","1","108","222","423","574","485","1","50","117","246","383","424","0","58","105","177","191","61"
"20231","11500604","가양2동","2849","1494","1355","9","375","668","690","678","429","6","175","360","369","336","248","3","200","308","321","342","181"
"20231","11500630","방화1동","7575","5922","1653","10","805","1601","1852","2167","1140","7","575","1308","1478","1793","761","3","230","293","374","374","379"
"20231","11500560","화곡3동","5333","3288","2045","10","724","1292","1364","1226","717","7","390","860","825","689","517","3","334","432","539","537","200"
"20231","11545610","독산1동","12850","8228","4622","40","1027","1759","2150","2804","5070","34","604","1165","1369","1723","3333","6","423","594","781","1081","1737"
"20231","11545630","독산3동","4188","2958","1230","10","366","639","730","800","1643","2","195","372","390","474","1525","8","171","267","340","326","118"
"20231","11560550","당산1동","9078","5438","3640","15","1539","2557","2014","1676","1277","8","613","1428","1263","1168","958","7","926","1129","751","508","319"
"20231","11200615","금호2?3가동","697","365","332","0","81","125","162","160","169","0","19","50","81","89","126","0","62","75","81","71","43"
"20231","11560660","신길4동","1248","617","631","2","211","297","315","295","128","0","75","138","153","159","92","2","136","159","162","136","36"
"20231","11560680","신길6동","2634","1646","988","10","289","619","687","570","459","7","144","384","416","357","338","3","145","235","271","213","121"
"20231","11590510","노량진1동","5875","3297","2578","18","766","1395","1471","1398","827","12","329","798","898","755","505","6","437","597","573","643","322"
"20231","11590540","상도2동","1732","887","845","6","212","400","459","414","241","0","94","212","243","207","131","6","118","188","216","207","110"
"20231","11620630","남현동","3714","2442","1272","5","617","926","1001","721","444","3","338","621","701","472","307","2","279","305","300","249","137"
"20231","11620575","행운동","4257","2373","1884","15","636","1035","1002","964","605","8","316","584","534","500","431","7","320","451","468","464","174"
"20231","11650581","반포4동","94714","83567","11147","80","9480","20099","25531","35193","4331","34","7191","16727","22658","33449","3508","46","2289","3372","2873","1744","823"
"20231","11650610","방배2동","16805","8184","8621","37","2831","4294","4601","3237","1805","8","985","1931","2132","1909","1219","29","1846","2363","2469","1328","586"
"20231","11650510","서초1동","47386","26528","20858","101","9928","12282","10432","11564","3079","39","3558","6616","6055","8015","2245","62","6370","5666","4377","3549","834"
"20231","11650540","잠원동","16302","9442","6860","68","3397","4796","4022","2503","1516","36","1340","2803","2667","1569","1027","32","2057","1993","1355","934","489"
"20231","11680750","수서동","18037","9516","8521","27","2570","4859","4850","3583","2148","15","1151","2611","2544","1902","1293","12","1419","2248","2306","1681","855"
"20231","11710632","가락2동","10171","6862","3309","22","1354","2162","2015","1893","2725","16","801","1478","1339","1132","2096","6","553","684","676","761","629"
"20231","11710720","잠실7동","14130","6338","7792","52","1984","2775","3999","4487","833","31","995","1820","1888","1074","530","21","989","955","2111","3413","303"
"20231","11740700","둔촌2동","4961","2239","2722","4","946","1293","1058","1026","634","2","281","537","526","489","404","2","665","756","532","537","230"
"20231","11110615","종로1?2?3?4가동","97451","53687","43764","1427","19755","29598","26670","15288","4713","620","8610","14862","15621","10763","3211","807","11145","14736","11049","4525","1502"
"20231","11140650","신당5동","871","462","409","5","105","184","211","191","175","5","47","83","108","101","118","0","58","101","103","90","57"
"20231","11140645","청구동","3104","1714","1390","6","455","830","727","664","422","3","157","432","465","413","244","3","298","398","262","251","178"
"20231","11170580","효창동","1644","932","712","3","218","412","462","363","186","2","103","243","275","183","126","1","115","169","187","180","60"
"20231","11200620","금호4가동","1331","791","540","1","151","308","365","323","183","1","56","159","235","202","138","0","95","149","130","121","45"
"20231","11200670","성수2가1동","10042","6355","3687","107","2280","2880","2284","1625","866","57","1033","1862","1557","1147","699","50","1247","1018","727","478","167"
"20231","11200790","용답동","4708","2845","1863","30","1172","1311","961","753","481","2","511","843","633","476","380","28","661","468","328","277","101"
"20231","11200570","행당2동","268","104","164","0","31","57","76","66","38","0","14","23","24","16","27","0","17","34","52","50","11"
"20231","11215780","능동","2288","1405","883","7","330","533","589","459","370","3","160","314","371","276","281","4","170","219","218","183","89"
"20231","11230545","제기동","5479","3268","2211","10","735","1334","1323","1152","925","3","312","789","843","680","641","7","423","545","480","472","284"
"20231","11230710","회기동","784","371","413","1","93","180","195","178","137","1","28","71","89","84","98","0","65","109","106","94","39"
"20231","11260660","망우3동","1076","573","503","1","96","157","257","314","251","1","35","66","120","172","179","0","61","91","137","142","72"
"20231","11260620","묵1동","2604","1240","1364","4","285","604","740","629","342","1","102","281","337","286","233","3","183","323","403","343","109"
"20231","11260610","중화2동","1532","868","664","9","181","236","386","343","377","7","89","111","195","197","269","2","92","125","191","146","108"
"20231","11290725","월곡2동","4825","3059","1766","6","757","1363","1166","854","679","1","379","896","712","512","559","5","378","467","454","342","120"
"20231","11290650","정릉4동","2401","1467","934","2","203","363","582","760","491","0","64","182","369","511","341","2","139","181","213","249","150"
"20231","11305555","송천동","1900","953","947","3","145","324","405","482","541","2","42","149","190","273","297","1","103","175","215","209","244"
"20231","11320521","도봉1동","2162","1429","733","1","104","246","486","761","564","1","26","129","286","544","443","0","78","117","200","217","121"
"20231","11320660","쌍문1동","1769","844","925","0","216","280","472","488","313","0","56","101","185","251","251","0","160","179","287","237","62"
"20231","11350611","하계1동","4631","2934","1697","10","541","947","1177","1316","640","7","252","547","704","929","495","3","289","400","473","387","145"
"20231","11380551","갈현1동","2607","1348","1259","11","445","605","620","564","362","7","183","321","312","288","237","4","262","284","308","276","125"
"20231","11380510","녹번동","5199","2759","2440","14","602","1221","1380","1375","607","9","291","593","665","805","396","5","311","628","715","570","211"
"20231","11380650","수색동","1766","1115","651","0","231","468","426","349","292","0","114","299","263","220","219","0","117","169","163","129","73"
"20231","11380600","응암3동","2243","1094","1149","1","246","524","620","544","308","0","93","261","288","251","201","1","153","263","332","293","107"
"20231","11380690","진관동","3595","1885","1710","4","367","871","969","867","517","2","170","543","543","367","260","2","197","328","426","500","257"
"20231","11410555","북아현동","1845","1353","492","0","191","416","503","517","218","0","82","314","396","401","160","0","109","102","107","116","58"
"20231","11410565","충현동","14173","8784","5389","22","1788","3587","3729","3349","1698","13","845","2173","2366","2194","1193","9","943","1414","1363","1155","505"
"20231","11440630","신수동","5675","3230","2445","14","686","1567","1578","1378","452","12","255","740","902","974","347","2","431","827","676","404","105"
"20231","11470540","목4동","2879","1741","1138","7","354","627","828","712","351","4","144","373","493","453","274","3","210","254","335","259","77"
"20231","11470640","신정3동","7022","4988","2034","7","565","1340","1751","1490","1869","1","271","806","1186","1041","1683","6","294","534","565","449","186"
"20231","11500520","등촌1동","8609","5163","3446","22","1724","2223","1900","1545","1195","13","636","1404","1311","1008","791","9","1088","819","589","537","404"
"20231","11500510","염창동","19659","9116","10543","50","3048","5769","5855","3303","1634","29","1102","2522","2356","1821","1286","21","1946","3247","3499","1482","348"
"20231","11530740","개봉1동","4844","2808","2036","9","463","1029","1149","1259","935","7","239","570","592","717","683","2","224","459","557","542","252"
"20231","11530530","구로2동","13937","8549","5388","41","1703","3217","3450","3483","2043","20","796","1900","2064","2280","1489","21","907","1317","1386","1203","554"
"20231","11530540","구로3동","52394","34315","18079","202","10890","17618","13256","6528","3900","132","5505","11682","9334","4548","3114","70","5385","5936","3922","1980","786"
"20231","11530800","항동","1601","998","603","2","147","323","512","371","246","1","53","172","316","264","192","1","94","151","196","107","54"
"20231","11545670","시흥1동","6679","3563","3116","15","926","1606","1587","1664","881","10","425","798","798","941","591","5","501","808","789","723","290"
"20231","11560560","당산2동","14108","9461","4647","48","2208","3163","3415","3108","2166","22","1130","1980","2383","2282","1664","26","1078","1183","1032","826","502"
"20231","11590630","사당2동","2674","1472","1202","15","427","777","722","492","241","6","208","472","426","226","134","9","219","305","296","266","107"
"20231","11590640","사당3동","3596","2099","1497","3","446","802","955","838","552","0","176","433","585","500","405","3","270","369","370","338","147"
"20231","11590605","흑석동","1446","824","622","2","197","319","389","321","218","1","100","177","223","176","147","1","97","142","166","145","71"
"20231","11620715","난향동","1315","649","666","1","151","289","365","283","226","0","41","132","152","144","180","1","110","157","213","139","46"
"20231","11620655","신원동","1011","576","435","5","113","213","247","244","189","3","60","118","146","143","106","2","53","95","101","101","83"
"20231","11620725","조원동","3254","2026","1228","7","613","788","789","699","358","2","285","513","503","469","254","5","328","275","286","230","104"
"20231","11650550","반포본동","24429","13311","11118","37","4041","8064","6985","4177","1125","22","1479","4403","3916","2614","877","15","2562","3661","3069","1563","248"
"20231","11650530","서초3동","68236","40512","27724","193","11708","20440","17471","12437","5987","88","4953","11908","11177","8110","4276","105","6755","8532","6294","4327","1711"
"20231","11680690","개포4동","8809","6333","2476","21","1063","1992","2481","2105","1147","9","526","1333","1880","1637","948","12","537","659","601","468","199"
"20231","11680510","신사동","27942","16647","11295","98","5802","8429","7084","4252","2277","41","2251","5152","4743","2778","1682","57","3551","3277","2341","1474","595"
"20231","11710642","문정2동","41453","26054","15399","81","5936","12616","12707","7337","2776","36","2842","7120","8712","5617","1727","45","3094","5496","3995","1720","1049"
"20231","11710610","삼전동","7762","5230","2532","5","936","1763","1740","1549","1769","5","530","1154","1145","951","1445","0","406","609","595","598","324"
"20231","11710600","석촌동","8870","5856","3014","20","1074","2021","2072","1815","1868","12","607","1458","1402","1073","1304","8","467","563","670","742","564"
"20231","11710590","송파2동","14196","8974","5222","63","2237","3514","3721","3393","1268","47","1080","2233","2681","2128","805","16","1157","1281","1040","1265","463"
"20231","11740560","고덕2동","1985","1260","725","0","118","259","426","694","488","0","27","115","243","481","394","0","91","144","183","213","94"
"20231","11740650","성내2동","2304","1410","894","7","391","474","511","467","454","3","252","290","298","287","280","4","139","184","213","180","174"
"20231","11740580","암사2동","2638","964","1674","3","269","441","620","793","512","3","97","204","251","229","180","0","172","237","369","564","332"
"20231","11110580","교남동","847","498","349","3","100","217","222","173","132","1","35","111","132","116","103","2","65","106","90","57","29"
"20231","11110550","부암동","4115","2286","1829","8","695","1179","1099","798","336","3","287","651","630","483","232","5","408","528","469","315","104"
"20231","11110700","숭인1동","460","210","250","1","87","99","102","101","70","0","16","42","51","53","48","1","71","57","51","48","22"
"20231","11110710","숭인2동","1942","998","944","9","288","341","456","464","384","5","89","162","255","278","209","4","199","179","201","186","175"
"20231","11110515","청운효자동","10628","6827","3801","65","1929","3064","2954","1874","742","7","842","1921","2196","1349","512","58","1087","1143","758","525","230"
"20231","11140625","다산동","6567","4125","2442","12","1165","2090","1574","1149","577","3","481","1432","1099","702","408","9","684","658","475","447","169"
"20231","11140520","소공동","77533","41196","36337","404","22441","24493","17068","10242","2885","116","7294","12188","12180","7491","1927","288","15147","12305","4888","2751","958"
"20231","11140615","신당동","3199","1726","1473","33","894","680","608","585","399","13","401","354","314","373","271","20","493","326","294","212","128"
"20231","11140580","장충동","10396","5498","4898","51","2383","2853","2688","1978","443","13","839","1601","1603","1139","303","38","1544","1252","1085","839","140"
"20231","11170660","이태원2동","1258","696","562","5","213","404","318","198","120","2","96","223","170","110","95","3","117","181","148","88","25"
"20231","11200660","성수1가2동","6301","4314","1987","24","1008","1280","1327","1359","1303","15","599","850","854","963","1033","9","409","430","473","396","270"
"20231","11215730","군자동","2363","1289","1074","5","295","494","527","536","506","2","119","258","304","283","323","3","176","236","223","253","183"
"20231","11215820","자양1동","12355","9722","2633","5","841","1746","3348","5029","1386","5","376","1117","2681","4367","1176","0","465","629","667","662","210"
"20231","11215750","중곡2동","2814","1604","1210","4","390","568","717","661","474","1","239","330","379","348","307","3","151","238","338","313","167"
"20231","11230600","답십리1동","6333","3031","3302","9","924","1297","1755","1680","668","4","626","866","637","452","446","5","298","431","1118","1228","222"
"20231","11260520","면목2동","1492","821","671","4","152","249","327","436","324","2","51","112","171","247","238","2","101","137","156","189","86"
"20231","11290575","동선동","2511","1246","1265","27","334","520","566","624","440","16","114","226","274","337","279","11","220","294","292","287","161"
"20231","11305534","삼양동","1087","628","459","5","145","205","255","257","220","3","60","98","133","160","174","2","85","107","122","97","46"
"20231","11305635","수유3동","3385","1724","1661","10","367","814","869","876","449","8","144","349","405","534","284","2","223","465","464","342","165"
"20231","11320700","방학2동","1017","474","543","0","95","205","247","208","262","0","40","102","115","103","114","0","55","103","132","105","148"
"20231","11320681","쌍문4동","1365","711","654","0","144","324","378","347","172","0","43","156","192","184","136","0","101","168","186","163","36"
"20231","11320512","창2동","2466","1391","1075","11","299","549","665","571","371","10","137","321","363","293","267","1","162","228","302","278","104"
"20231","11320514","창4동","2724","1708","1016","2","286","524","672","743","497","1","127","277","399","498","406","1","159","247","273","245","91"
"20231","11350619","중계본동","1798","881","917","8","209","368","445","499","269","6","100","188","195","227","165","2","109","180","250","272","104"
"20231","11380520","불광1동","3646","1607","2039","6","523","861","954","838","464","2","193","377","428","368","239","4","330","484","526","470","225"
"20231","11470530","목3동","2504","1376","1128","3","327","551","660","602","361","2","163","320","355","306","230","1","164","231","305","296","131"
"20231","11470560","신월1동","2247","1444","803","6","213","373","517","727","411","3","111","232","314","480","304","3","102","141","203","247","107"
"20231","11470620","신정1동","11571","6760","4811","51","2043","2900","2904","2459","1214","46","852","1805","1741","1428","888","5","1191","1095","1163","1031","326"
"20231","11470650","신정4동","7226","3988","3238","16","1221","1286","1376","1506","1821","8","376","629","698","817","1460","8","845","657","678","689","361"
"20231","11500611","발산1동","3230","1862","1368","4","229","472","852","1035","638","2","103","237","408","598","514","2","126","235","444","437","124"
"20231","11500593","화곡8동","2037","1114","923","7","298","523","565","373","271","6","135","286","282","223","182","1","163","237","283","150","89"
"20231","11530790","수궁동","3693","2490","1203","23","382","709","841","1029","709","20","234","445","526","700","565","3","148","264","315","329","144"
"20231","11530510","신도림동","13037","8565","4472","38","2126","4038","3175","2358","1302","18","890","2755","2286","1629","987","20","1236","1283","889","729","315"
"20231","11530780","오류2동","2785","1685","1100","4","281","624","732","696","448","1","120","353","422","440","349","3","161","271","310","256","99"
"20231","11545690","시흥3동","7990","4735","3255","17","592","1163","1847","2084","2287","8","314","754","1071","1135","1453","9","278","409","776","949","834"
"20231","11545700","시흥4동","1558","936","622","16","243","318","440","378","163","12","148","218","263","176","119","4","95","100","177","202","44"
"20231","11545710","시흥5동","1721","1012","709","21","247","398","427","359","269","15","130","260","249","185","173","6","117","138","178","174","96"
"20231","11560700","대림1동","2425","937","1488","0","785","549","491","412","188","0","166","197","240","208","126","0","619","352","251","204","62"
"20231","11560610","양평1동","12821","7428","5393","53","2537","2953","2834","2570","1874","22","1298","1886","1691","1321","1210","31","1239","1067","1143","1249","664"
"20231","11590650","사당4동","1399","726","673","5","155","229","303","271","436","4","59","115","137","126","285","1","96","114","166","145","151"
"20231","11590651","사당5동","1931","1038","893","2","242","468","579","457","183","1","112","219","297","257","152","1","130","249","282","200","31"
"20231","11620745","삼성동","1795","991","804","9","195","365","476","476","274","2","83","180","251","260","215","7","112","185","225","216","59"
"20231","11620565","성현동","7335","2785","4550","55","1046","1290","1680","2205","1059","31","479","676","763","595","241","24","567","614","917","1610","818"
"20231","11650660","내곡동","14211","9232","4979","62","2050","2934","2992","3044","3129","53","1454","2116","2049","1745","1815","9","596","818","943","1299","1314"
"20231","11650560","반포1동","7332","4498","2834","9","1338","2420","1829","1125","611","2","633","1581","1213","625","444","7","705","839","616","500","167"
"20231","11650580","반포3동","8637","4815","3822","20","1367","2193","1912","1729","1416","7","578","1294","1265","1001","670","13","789","899","647","728","746"
"20231","11680521","논현1동","41576","24313","17263","162","10856","12491","8831","5739","3497","68","4624","7421","5950","3705","2545","94","6232","5070","2881","2034","952"
"20231","11680600","대치1동","20053","10683","9370","37","3668","6545","4998","3118","1687","15","1378","3248","2827","1994","1221","22","2290","3297","2171","1124","466"
"20231","11680545","압구정동","44490","25047","19443","256","9903","13905","10212","6655","3559","102","3671","7810","6873","4381","2210","154","6232","6095","3339","2274","1349"
"20231","11710570","오금동","27438","19217","8221","45","3630","6522","6925","6613","3703","29","2126","4408","5118","5012","2524","16","1504","2114","1807","1601","1179"
"20231","11710566","오륜동","25084","14536","10548","45","4062","7583","6511","5022","1861","14","1636","3946","4187","3325","1428","31","2426","3637","2324","1697","433"
"20231","11710680","잠실3동","21831","14806","7025","108","3990","5469","5434","4132","2698","48","2079","3783","4024","2965","1907","60","1911","1686","1410","1167","791"
"20231","11740515","강일동","1357","886","471","0","196","292","374","333","162","0","98","199","237","215","137","0","98","93","137","118","25"
"20231","11740550","고덕1동","2188","1136","1052","0","240","487","569","526","366","0","108","271","280","241","236","0","132","216","289","285","130"
"20231","11740685","길동","9468","4805","4663","25","1369","1886","2128","2298","1762","15","541","1001","1136","1055","1057","10","828","885","992","1243","705"
"20231","11740530","명일1동","4220","2357","1863","9","623","1131","1061","762","634","4","293","679","693","390","298","5","330","452","368","372","336"
"20231","11740570","암사1동","3940","2413","1527","6","504","843","830","791","966","2","246","550","529","537","549","4","258","293","301","254","417"
"20231","11110600","가회동","11728","8729","2999","7","1263","4028","3519","2201","710","6","655","2966","2750","1810","542","1","608","1062","769","391","168"
"20231","11110690","창신3동","300","142","158","1","38","80","74","78","29","0","14","34","35","41","18","1","24","46","39","37","11"
"20231","11140550","명동","72930","42220","30710","107","11914","24562","19786","12954","3607","41","4764","12669","12754","9554","2438","66","7150","11893","7032","3400","1169"
"20231","11140570","필동","17346","8148","9198","41","2497","4384","5350","3789","1285","16","843","2169","2511","1781","828","25","1654","2215","2839","2008","457"
"20231","11170570","원효로2동","4609","3303","1306","17","726","1387","1277","740","462","7","416","989","980","547","364","10","310","398","297","193","98"
"20231","11170510","후암동","2324","1371","953","9","361","509","641","516","288","7","137","304","418","306","199","2","224","205","223","210","89"
"20231","11200540","마장동","7683","5451","2232","32","651","1345","1769","2510","1376","28","387","920","1288","1803","1025","4","264","425","481","707","351"
"20231","11200550","사근동","2650","1837","813","2","159","472","841","788","388","2","59","297","569","596","314","0","100","175","272","192","74"
"20231","11200535","왕십리도선동","5949","2726","3223","23","982","1143","1247","1456","1098","4","341","631","669","614","467","19","641","512","578","842","631"
"20231","11215850","구의1동","3628","2155","1473","9","515","899","1000","818","387","8","269","519","553","530","276","1","246","380","447","288","111"
"20231","11230740","이문1동","4076","1851","2225","3","781","1042","1081","784","385","2","164","402","537","471","275","1","617","640","544","313","110"
"20231","11230705","청량리동","4909","2614","2295","7","873","1407","941","916","765","5","334","799","527","516","433","2","539","608","414","400","332"
"20231","11260575","면목3?8동","3459","2159","1300","7","341","614","876","936","685","2","118","323","518","673","525","5","223","291","358","263","160"
"20231","11260690","신내2동","3776","2095","1681","8","503","948","927","926","464","5","209","446","476","601","358","3","294","502","451","325","106"
"20231","11260600","중화1동","1955","1034","921","0","231","422","496","461","345","0","87","173","241","257","276","0","144","249","255","204","69"
"20231","11290580","돈암1동","2329","1067","1262","9","677","705","484","321","133","0","162","352","257","181","115","9","515","353","227","140","18"
"20231","11290590","돈암2동","11726","7090","4636","44","1806","2813","3721","2083","1259","13","834","1672","2483","1535","553","31","972","1141","1238","548","706"
"20231","11305545","송중동","2249","1126","1123","13","239","363","636","577","421","11","98","158","279","282","298","2","141","205","357","295","123"
"20231","11320513","창3동","775","403","372","1","82","159","233","192","108","0","23","87","136","93","64","1","59","72","97","99","44"
"20231","11350665","상계3?4동","2343","1623","720","1","143","225","563","854","557","0","53","113","356","647","454","1","90","112","207","207","103"
"20231","11380631","신사1동","2475","1318","1157","2","267","513","566","607","520","0","108","252","308","291","359","2","159","261","258","316","161"
"20231","11380632","신사2동","1918","1332","586","5","228","379","473","475","358","5","169","255","279","313","311","0","59","124","194","162","47"
"20231","11380625","역촌동","4694","2257","2437","13","779","952","1204","1060","686","3","282","432","566","512","462","10","497","520","638","548","224"
"20231","11410520","천연동","1823","985","838","2","163","301","468","629","260","2","55","136","264","369","159","0","108","165","204","260","101"
"20231","11410685","홍은2동","5835","3769","2066","38","926","1570","1420","1250","631","32","524","1029","916","820","448","6","402","541","504","430","183"
"20231","11410640","홍제3동","1201","596","605","4","116","149","247","307","378","1","41","59","115","157","223","3","75","90","132","150","155"
"20231","11440555","아현동","11780","6477","5303","23","2240","3776","3328","2004","409","9","975","2113","1872","1217","291","14","1265","1663","1456","787","118"
"20231","11440680","합정동","5738","3211","2527","14","955","1644","1487","1049","589","11","379","809","935","673","404","3","576","835","552","376","185"
"20231","11470520","목2동","5530","3082","2448","4","766","1343","1466","1257","694","3","362","729","810","727","451","1","404","614","656","530","243"
"20231","11500603","가양1동","5337","3304","2033","4","589","1111","1212","1288","1133","2","247","674","720","830","831","2","342","437","492","458","302"
"20231","11500605","가양3동","3216","2060","1156","13","542","708","898","664","391","7","352","475","573","394","259","6","190","233","325","270","132"
"20231","11530720","고척1동","7767","5490","2277","7","690","1575","2040","2362","1093","5","361","1045","1423","1771","885","2","329","530","617","591","208"
"20231","11545640","독산4동","1765","991","774","2","225","303","376","416","443","1","128","180","220","205","257","1","97","123","156","211","186"
"20231","11560710","대림2동","4606","2336","2270","27","855","1092","1021","707","904","8","328","577","443","397","583","19","527","515","578","310","321"
"20231","11560720","대림3동","6057","3897","2160","17","635","1258","1552","1442","1153","5","328","877","1105","901","681","12","307","381","447","541","472"
"20231","11560515","영등포본동","5708","3229","2479","36","808","1406","1461","1375","622","15","347","711","835","853","468","21","461","695","626","522","154"
"20231","11590520","노량진2동","4687","2431","2256","11","746","1363","1135","951","481","3","389","592","527","608","312","8","357","771","608","343","169"
"20231","11590620","사당1동","3916","2054","1862","9","659","963","1044","718","523","4","217","469","523","427","414","5","442","494","521","291","109"
"20231","11590550","상도3동","1371","776","595","1","119","278","361","320","292","1","68","182","212","159","154","0","51","96","149","161","138"
"20231","11590680","신대방2동","22031","14020","8011","54","4027","4597","4124","5144","4085","30","3041","3521","2633","2623","2172","24","986","1076","1491","2521","1913"
"20231","11620775","난곡동","1481","807","674","0","165","296","361","425","234","0","68","153","180","237","169","0","97","143","181","188","65"
"20231","11620765","미성동","3689","2177","1512","28","364","650","866","953","828","22","226","379","483","494","573","6","138","271","383","459","255"
"20231","11650620","방배3동","17809","11648","6161","114","2781","5297","4805","2896","1916","37","1413","3322","3453","1995","1428","77","1368","1975","1352","901","488"
"20231","11680670","개포2동","9490","6220","3270","35","1658","2701","2271","1757","1068","14","884","1810","1564","1122","826","21","774","891","707","635","242"
"20231","11680630","대치4동","33305","20468","12837","149","5336","9904","9047","5656","3213","21","2296","5995","6187","3965","2004","128","3040","3909","2860","1691","1209"
"20231","11680655","도곡1동","40888","28978","11910","97","6985","9515","11398","10350","2543","71","3545","6237","8574","8481","2070","26","3440","3278","2824","1869","473"
"20231","11710532","거여2동","2952","1523","1429","13","377","486","723","879","474","6","209","286","369","394","259","7","168","200","354","485","215"
"20231","11710641","문정1동","34975","27013","7962","17","3178","6528","10070","13196","1986","9","1869","4711","7830","11299","1295","8","1309","1817","2240","1897","691"
"20231","11740540","명일2동","2874","1969","905","5","337","819","768","610","335","3","172","581","558","393","262","2","165","238","210","217","73"
"20231","11740660","성내3동","4641","2789","1852","15","658","1034","1162","962","810","13","344","656","703","541","532","2","314","378","459","421","278"
"20231","11740610","천호2동","3817","1970","1847","14","484","802","933","884","700","8","199","378","464","440","481","6","285","424","469","444","219"
"20231","11740620","천호3동","2763","1566","1197","3","170","305","475","502","1308","3","64","139","236","255","869","0","106","166","239","247","439"
"20232","11650540","잠원동","16302","9442","6860","68","3397","4796","4022","2503","1516","36","1340","2803","2667","1569","1027","32","2057","1993","1355","934","489"
"20232","11680750","수서동","18037","9516","8521","27","2570","4859","4850","3583","2148","15","1151","2611","2544","1902","1293","12","1419","2248","2306","1681","855"
"20232","11710632","가락2동","10171","6862","3309","22","1354","2162","2015","1893","2725","16","801","1478","1339","1132","2096","6","553","684","676","761","629"
"20232","11710720","잠실7동","14130","6338","7792","52","1984","2775","3999","4487","833","31","995","1820","1888","1074","530","21","989","955","2111","3413","303"
"20232","11740700","둔촌2동","4961","2239","2722","4","946","1293","1058","1026","634","2","281","537","526","489","404","2","665","756","532","537","230"
"20232","11110615","종로1?2?3?4가동","97451","53687","43764","1427","19755","29598","26670","15288","4713","620","8610","14862","15621","10763","3211","807","11145","14736","11049","4525","1502"
"20232","11140650","신당5동","871","462","409","5","105","184","211","191","175","5","47","83","108","101","118","0","58","101","103","90","57"
"20232","11140645","청구동","3104","1714","1390","6","455","830","727","664","422","3","157","432","465","413","244","3","298","398","262","251","178"
"20232","11170580","효창동","1644","932","712","3","218","412","462","363","186","2","103","243","275","183","126","1","115","169","187","180","60"
"20232","11200620","금호4가동","1331","791","540","1","151","308","365","323","183","1","56","159","235","202","138","0","95","149","130","121","45"
"20232","11200670","성수2가1동","10042","6355","3687","107","2280","2880","2284","1625","866","57","1033","1862","1557","1147","699","50","1247","1018","727","478","167"
"20232","11200790","용답동","4708","2845","1863","30","1172","1311","961","753","481","2","511","843","633","476","380","28","661","468","328","277","101"
"20232","11200570","행당2동","268","104","164","0","31","57","76","66","38","0","14","23","24","16","27","0","17","34","52","50","11"
"20232","11215780","능동","2288","1405","883","7","330","533","589","459","370","3","160","314","371","276","281","4","170","219","218","183","89"
"20232","11230545","제기동","5479","3268","2211","10","735","1334","1323","1152","925","3","312","789","843","680","641","7","423","545","480","472","284"
"20232","11230710","회기동","784","371","413","1","93","180","195","178","137","1","28","71","89","84","98","0","65","109","106","94","39"
"20231","11200645","옥수동","4791","1847","2944","5","1224","1430","1086","718","328","0","306","528","505","336","172","5","918","902","581","382","156"
"20231","11290525","성북동","23717","18050","5667","44","3093","5817","6878","6849","1036","13","1710","4056","5451","6104","716","31","1383","1761","1427","745","320"
"20232","11260660","망우3동","1076","573","503","1","96","157","257","314","251","1","35","66","120","172","179","0","61","91","137","142","72"
"20232","11260620","묵1동","2604","1240","1364","4","285","604","740","629","342","1","102","281","337","286","233","3","183","323","403","343","109"
"20232","11260610","중화2동","1532","868","664","9","181","236","386","343","377","7","89","111","195","197","269","2","92","125","191","146","108"
"20232","11290725","월곡2동","4825","3059","1766","6","757","1363","1166","854","679","1","379","896","712","512","559","5","378","467","454","342","120"
"20232","11290650","정릉4동","2401","1467","934","2","203","363","582","760","491","0","64","182","369","511","341","2","139","181","213","249","150"
"20232","11305555","송천동","1900","953","947","3","145","324","405","482","541","2","42","149","190","273","297","1","103","175","215","209","244"
"20232","11320521","도봉1동","2162","1429","733","1","104","246","486","761","564","1","26","129","286","544","443","0","78","117","200","217","121"
"20232","11320660","쌍문1동","1769","844","925","0","216","280","472","488","313","0","56","101","185","251","251","0","160","179","287","237","62"
"20232","11350611","하계1동","4631","2934","1697","10","541","947","1177","1316","640","7","252","547","704","929","495","3","289","400","473","387","145"
"20232","11380551","갈현1동","2607","1348","1259","11","445","605","620","564","362","7","183","321","312","288","237","4","262","284","308","276","125"
"20232","11380510","녹번동","5199","2759","2440","14","602","1221","1380","1375","607","9","291","593","665","805","396","5","311","628","715","570","211"
"20232","11380650","수색동","1766","1115","651","0","231","468","426","349","292","0","114","299","263","220","219","0","117","169","163","129","73"
"20232","11380600","응암3동","2243","1094","1149","1","246","524","620","544","308","0","93","261","288","251","201","1","153","263","332","293","107"
"20232","11380690","진관동","3595","1885","1710","4","367","871","969","867","517","2","170","543","543","367","260","2","197","328","426","500","257"
"20232","11410555","북아현동","1845","1353","492","0","191","416","503","517","218","0","82","314","396","401","160","0","109","102","107","116","58"
"20232","11410565","충현동","14173","8784","5389","22","1788","3587","3729","3349","1698","13","845","2173","2366","2194","1193","9","943","1414","1363","1155","505"
"20232","11440630","신수동","5675","3230","2445","14","686","1567","1578","1378","452","12","255","740","902","974","347","2","431","827","676","404","105"
"20232","11470540","목4동","2879","1741","1138","7","354","627","828","712","351","4","144","373","493","453","274","3","210","254","335","259","77"
"20232","11470640","신정3동","7022","4988","2034","7","565","1340","1751","1490","1869","1","271","806","1186","1041","1683","6","294","534","565","449","186"
"20232","11500520","등촌1동","8609","5163","3446","22","1724","2223","1900","1545","1195","13","636","1404","1311","1008","791","9","1088","819","589","537","404"
"20232","11500510","염창동","19659","9116","10543","50","3048","5769","5855","3303","1634","29","1102","2522","2356","1821","1286","21","1946","3247","3499","1482","348"
"20232","11530740","개봉1동","4844","2808","2036","9","463","1029","1149","1259","935","7","239","570","592","717","683","2","224","459","557","542","252"
"20232","11530530","구로2동","13937","8549","5388","41","1703","3217","3450","3483","2043","20","796","1900","2064","2280","1489","21","907","1317","1386","1203","554"
"20232","11530540","구로3동","52394","34315","18079","202","10890","17618","13256","6528","3900","132","5505","11682","9334","4548","3114","70","5385","5936","3922","1980","786"
"20232","11530800","항동","1601","998","603","2","147","323","512","371","246","1","53","172","316","264","192","1","94","151","196","107","54"
"20232","11545670","시흥1동","6679","3563","3116","15","926","1606","1587","1664","881","10","425","798","798","941","591","5","501","808","789","723","290"
"20232","11560560","당산2동","14108","9461","4647","48","2208","3163","3415","3108","2166","22","1130","1980","2383","2282","1664","26","1078","1183","1032","826","502"
"20232","11590630","사당2동","2674","1472","1202","15","427","777","722","492","241","6","208","472","426","226","134","9","219","305","296","266","107"
"20232","11590640","사당3동","3596","2099","1497","3","446","802","955","838","552","0","176","433","585","500","405","3","270","369","370","338","147"
"20232","11590605","흑석동","1446","824","622","2","197","319","389","321","218","1","100","177","223","176","147","1","97","142","166","145","71"
"20232","11620715","난향동","1315","649","666","1","151","289","365","283","226","0","41","132","152","144","180","1","110","157","213","139","46"
"20232","11620655","신원동","1011","576","435","5","113","213","247","244","189","3","60","118","146","143","106","2","53","95","101","101","83"
"20232","11620725","조원동","3254","2026","1228","7","613","788","789","699","358","2","285","513","503","469","254","5","328","275","286","230","104"
"20232","11650550","반포본동","24429","13311","11118","37","4041","8064","6985","4177","1125","22","1479","4403","3916","2614","877","15","2562","3661","3069","1563","248"
"20232","11650530","서초3동","68236","40512","27724","193","11708","20440","17471","12437","5987","88","4953","11908","11177","8110","4276","105","6755","8532","6294","4327","1711"
"20232","11680690","개포4동","8809","6333","2476","21","1063","1992","2481","2105","1147","9","526","1333","1880","1637","948","12","537","659","601","468","199"
"20232","11680510","신사동","27942","16647","11295","98","5802","8429","7084","4252","2277","41","2251","5152","4743","2778","1682","57","3551","3277","2341","1474","595"
"20232","11710642","문정2동","41453","26054","15399","81","5936","12616","12707","7337","2776","36","2842","7120","8712","5617","1727","45","3094","5496","3995","1720","1049"
"20232","11710600","석촌동","8870","5856","3014","20","1074","2021","2072","1815","1868","12","607","1458","1402","1073","1304","8","467","563","670","742","564"
"20232","11710590","송파2동","14196","8974","5222","63","2237","3514","3721","3393","1268","47","1080","2233","2681","2128","805","16","1157","1281","1040","1265","463"
"20232","11740560","고덕2동","1985","1260","725","0","118","259","426","694","488","0","27","115","243","481","394","0","91","144","183","213","94"
"20232","11740650","성내2동","2304","1410","894","7","391","474","511","467","454","3","252","290","298","287","280","4","139","184","213","180","174"
"20232","11740580","암사2동","2638","964","1674","3","269","441","620","793","512","3","97","204","251","229","180","0","172","237","369","564","332"
"20232","11110580","교남동","847","498","349","3","100","217","222","173","132","1","35","111","132","116","103","2","65","106","90","57","29"
"20232","11110550","부암동","4115","2286","1829","8","695","1179","1099","798","336","3","287","651","630","483","232","5","408","528","469","315","104"
"20232","11110700","숭인1동","460","210","250","1","87","99","102","101","70","0","16","42","51","53","48","1","71","57","51","48","22"
"20232","11110710","숭인2동","1942","998","944","9","288","341","456","464","384","5","89","162","255","278","209","4","199","179","201","186","175"
"20232","11110515","청운효자동","10628","6827","3801","65","1929","3064","2954","1874","742","7","842","1921","2196","1349","512","58","1087","1143","758","525","230"
"20232","11140625","다산동","6567","4125","2442","12","1165","2090","1574","1149","577","3","481","1432","1099","702","408","9","684","658","475","447","169"
"20232","11140520","소공동","77533","41196","36337","404","22441","24493","17068","10242","2885","116","7294","12188","12180","7491","1927","288","15147","12305","4888","2751","958"
"20232","11140615","신당동","3199","1726","1473","33","894","680","608","585","399","13","401","354","314","373","271","20","493","326","294","212","128"
"20232","11140580","장충동","10396","5498","4898","51","2383","2853","2688","1978","443","13","839","1601","1603","1139","303","38","1544","1252","1085","839","140"
"20232","11170660","이태원2동","1258","696","562","5","213","404","318","198","120","2","96","223","170","110","95","3","117","181","148","88","25"
"20232","11200660","성수1가2동","6301","4314","1987","24","1008","1280","1327","1359","1303","15","599","850","854","963","1033","9","409","430","473","396","270"
"20232","11215730","군자동","2363","1289","1074","5","295","494","527","536","506","2","119","258","304","283","323","3","176","236","223","253","183"
"20232","11215820","자양1동","12355","9722","2633","5","841","1746","3348","5029","1386","5","376","1117","2681","4367","1176","0","465","629","667","662","210"
"20232","11215750","중곡2동","2814","1604","1210","4","390","568","717","661","474","1","239","330","379","348","307","3","151","238","338","313","167"
"20232","11230600","답십리1동","6333","3031","3302","9","924","1297","1755","1680","668","4","626","866","637","452","446","5","298","431","1118","1228","222"
"20232","11260520","면목2동","1492","821","671","4","152","249","327","436","324","2","51","112","171","247","238","2","101","137","156","189","86"
"20232","11290575","동선동","2511","1246","1265","27","334","520","566","624","440","16","114","226","274","337","279","11","220","294","292","287","161"
"20232","11305534","삼양동","1087","628","459","5","145","205","255","257","220","3","60","98","133","160","174","2","85","107","122","97","46"
"20232","11305635","수유3동","3385","1724","1661","10","367","814","869","876","449","8","144","349","405","534","284","2","223","465","464","342","165"
"20232","11320700","방학2동","1017","474","543","0","95","205","247","208","262","0","40","102","115","103","114","0","55","103","132","105","148"
"20232","11320512","창2동","2466","1391","1075","11","299","549","665","571","371","10","137","321","363","293","267","1","162","228","302","278","104"
"20232","11320514","창4동","2724","1708","1016","2","286","524","672","743","497","1","127","277","399","498","406","1","159","247","273","245","91"
"20232","11350619","중계본동","1798","881","917","8","209","368","445","499","269","6","100","188","195","227","165","2","109","180","250","272","104"
"20232","11380520","불광1동","3646","1607","2039","6","523","861","954","838","464","2","193","377","428","368","239","4","330","484","526","470","225"
"20232","11470530","목3동","2504","1376","1128","3","327","551","660","602","361","2","163","320","355","306","230","1","164","231","305","296","131"
"20232","11470560","신월1동","2247","1444","803","6","213","373","517","727","411","3","111","232","314","480","304","3","102","141","203","247","107"
"20232","11470620","신정1동","11571","6760","4811","51","2043","2900","2904","2459","1214","46","852","1805","1741","1428","888","5","1191","1095","1163","1031","326"
"20232","11470650","신정4동","7226","3988","3238","16","1221","1286","1376","1506","1821","8","376","629","698","817","1460","8","845","657","678","689","361"
"20232","11500611","발산1동","3230","1862","1368","4","229","472","852","1035","638","2","103","237","408","598","514","2","126","235","444","437","124"
"20232","11500593","화곡8동","2037","1114","923","7","298","523","565","373","271","6","135","286","282","223","182","1","163","237","283","150","89"
"20232","11530790","수궁동","3693","2490","1203","23","382","709","841","1029","709","20","234","445","526","700","565","3","148","264","315","329","144"
"20232","11530510","신도림동","13037","8565","4472","38","2126","4038","3175","2358","1302","18","890","2755","2286","1629","987","20","1236","1283","889","729","315"
"20232","11530780","오류2동","2785","1685","1100","4","281","624","732","696","448","1","120","353","422","440","349","3","161","271","310","256","99"
"20232","11545690","시흥3동","7990","4735","3255","17","592","1163","1847","2084","2287","8","314","754","1071","1135","1453","9","278","409","776","949","834"
"20232","11545700","시흥4동","1558","936","622","16","243","318","440","378","163","12","148","218","263","176","119","4","95","100","177","202","44"
"20232","11545710","시흥5동","1721","1012","709","21","247","398","427","359","269","15","130","260","249","185","173","6","117","138","178","174","96"
"20232","11560700","대림1동","2425","937","1488","0","785","549","491","412","188","0","166","197","240","208","126","0","619","352","251","204","62"
"20232","11560610","양평1동","12821","7428","5393","53","2537","2953","2834","2570","1874","22","1298","1886","1691","1321","1210","31","1239","1067","1143","1249","664"
"20232","11590650","사당4동","1399","726","673","5","155","229","303","271","436","4","59","115","137","126","285","1","96","114","166","145","151"
"20232","11590651","사당5동","1931","1038","893","2","242","468","579","457","183","1","112","219","297","257","152","1","130","249","282","200","31"
"20232","11620745","삼성동","1795","991","804","9","195","365","476","476","274","2","83","180","251","260","215","7","112","185","225","216","59"
"20232","11620565","성현동","7335","2785","4550","55","1046","1290","1680","2205","1059","31","479","676","763","595","241","24","567","614","917","1610","818"
"20232","11650660","내곡동","14211","9232","4979","62","2050","2934","2992","3044","3129","53","1454","2116","2049","1745","1815","9","596","818","943","1299","1314"
"20232","11650560","반포1동","7332","4498","2834","9","1338","2420","1829","1125","611","2","633","1581","1213","625","444","7","705","839","616","500","167"
"20232","11650580","반포3동","8637","4815","3822","20","1367","2193","1912","1729","1416","7","578","1294","1265","1001","670","13","789","899","647","728","746"
"20232","11680521","논현1동","41576","24313","17263","162","10856","12491","8831","5739","3497","68","4624","7421","5950","3705","2545","94","6232","5070","2881","2034","952"
"20232","11680600","대치1동","20053","10683","9370","37","3668","6545","4998","3118","1687","15","1378","3248","2827","1994","1221","22","2290","3297","2171","1124","466"
"20232","11680545","압구정동","44490","25047","19443","256","9903","13905","10212","6655","3559","102","3671","7810","6873","4381","2210","154","6232","6095","3339","2274","1349"
"20232","11710570","오금동","27438","19217","8221","45","3630","6522","6925","6613","3703","29","2126","4408","5118","5012","2524","16","1504","2114","1807","1601","1179"
"20232","11710566","오륜동","25084","14536","10548","45","4062","7583","6511","5022","1861","14","1636","3946","4187","3325","1428","31","2426","3637","2324","1697","433"
"20232","11710680","잠실3동","21831","14806","7025","108","3990","5469","5434","4132","2698","48","2079","3783","4024","2965","1907","60","1911","1686","1410","1167","791"
"20232","11740515","강일동","1357","886","471","0","196","292","374","333","162","0","98","199","237","215","137","0","98","93","137","118","25"
"20232","11740550","고덕1동","2188","1136","1052","0","240","487","569","526","366","0","108","271","280","241","236","0","132","216","289","285","130"
"20232","11740685","길동","9468","4805","4663","25","1369","1886","2128","2298","1762","15","541","1001","1136","1055","1057","10","828","885","992","1243","705"
"20232","11740530","명일1동","4220","2357","1863","9","623","1131","1061","762","634","4","293","679","693","390","298","5","330","452","368","372","336"
"20232","11740570","암사1동","3940","2413","1527","6","504","843","830","791","966","2","246","550","529","537","549","4","258","293","301","254","417"
"20232","11110600","가회동","11728","8729","2999","7","1263","4028","3519","2201","710","6","655","2966","2750","1810","542","1","608","1062","769","391","168"
"20232","11110690","창신3동","300","142","158","1","38","80","74","78","29","0","14","34","35","41","18","1","24","46","39","37","11"
"20232","11140550","명동","72930","42220","30710","107","11914","24562","19786","12954","3607","41","4764","12669","12754","9554","2438","66","7150","11893","7032","3400","1169"
"20232","11140570","필동","17346","8148","9198","41","2497","4384","5350","3789","1285","16","843","2169","2511","1781","828","25","1654","2215","2839","2008","457"
"20232","11170570","원효로2동","4609","3303","1306","17","726","1387","1277","740","462","7","416","989","980","547","364","10","310","398","297","193","98"
"20232","11170510","후암동","2324","1371","953","9","361","509","641","516","288","7","137","304","418","306","199","2","224","205","223","210","89"
"20232","11200540","마장동","7683","5451","2232","32","651","1345","1769","2510","1376","28","387","920","1288","1803","1025","4","264","425","481","707","351"
"20232","11200550","사근동","2650","1837","813","2","159","472","841","788","388","2","59","297","569","596","314","0","100","175","272","192","74"
"20232","11200535","왕십리도선동","5949","2726","3223","23","982","1143","1247","1456","1098","4","341","631","669","614","467","19","641","512","578","842","631"
"20232","11215850","구의1동","3628","2155","1473","9","515","899","1000","818","387","8","269","519","553","530","276","1","246","380","447","288","111"
"20232","11230740","이문1동","4076","1851","2225","3","781","1042","1081","784","385","2","164","402","537","471","275","1","617","640","544","313","110"
"20232","11230705","청량리동","4909","2614","2295","7","873","1407","941","916","765","5","334","799","527","516","433","2","539","608","414","400","332"
"20232","11260575","면목3?8동","3459","2159","1300","7","341","614","876","936","685","2","118","323","518","673","525","5","223","291","358","263","160"
"20232","11410685","홍은2동","5835","3769","2066","38","926","1570","1420","1250","631","32","524","1029","916","820","448","6","402","541","504","430","183"
"20232","11410640","홍제3동","1201","596","605","4","116","149","247","307","378","1","41","59","115","157","223","3","75","90","132","150","155"
"20232","11440555","아현동","11780","6477","5303","23","2240","3776","3328","2004","409","9","975","2113","1872","1217","291","14","1265","1663","1456","787","118"
"20232","11440680","합정동","5738","3211","2527","14","955","1644","1487","1049","589","11","379","809","935","673","404","3","576","835","552","376","185"
"20232","11470520","목2동","5530","3082","2448","4","766","1343","1466","1257","694","3","362","729","810","727","451","1","404","614","656","530","243"
"20232","11500603","가양1동","5337","3304","2033","4","589","1111","1212","1288","1133","2","247","674","720","830","831","2","342","437","492","458","302"
"20232","11560515","영등포본동","5708","3229","2479","36","808","1406","1461","1375","622","15","347","711","835","853","468","21","461","695","626","522","154"
"20232","11590520","노량진2동","4687","2431","2256","11","746","1363","1135","951","481","3","389","592","527","608","312","8","357","771","608","343","169"
"20232","11590620","사당1동","3916","2054","1862","9","659","963","1044","718","523","4","217","469","523","427","414","5","442","494","521","291","109"
"20232","11590550","상도3동","1371","776","595","1","119","278","361","320","292","1","68","182","212","159","154","0","51","96","149","161","138"
"20232","11590680","신대방2동","22031","14020","8011","54","4027","4597","4124","5144","4085","30","3041","3521","2633","2623","2172","24","986","1076","1491","2521","1913"
"20232","11620775","난곡동","1481","807","674","0","165","296","361","425","234","0","68","153","180","237","169","0","97","143","181","188","65"
"20232","11620765","미성동","3689","2177","1512","28","364","650","866","953","828","22","226","379","483","494","573","6","138","271","383","459","255"
"20232","11650620","방배3동","17809","11648","6161","114","2781","5297","4805","2896","1916","37","1413","3322","3453","1995","1428","77","1368","1975","1352","901","488"
"20232","11680670","개포2동","9490","6220","3270","35","1658","2701","2271","1757","1068","14","884","1810","1564","1122","826","21","774","891","707","635","242"
"20232","11680630","대치4동","33305","20468","12837","149","5336","9904","9047","5656","3213","21","2296","5995","6187","3965","2004","128","3040","3909","2860","1691","1209"
"20232","11680655","도곡1동","40888","28978","11910","97","6985","9515","11398","10350","2543","71","3545","6237","8574","8481","2070","26","3440","3278","2824","1869","473"
"20232","11710532","거여2동","2952","1523","1429","13","377","486","723","879","474","6","209","286","369","394","259","7","168","200","354","485","215"
"20232","11710641","문정1동","34975","27013","7962","17","3178","6528","10070","13196","1986","9","1869","4711","7830","11299","1295","8","1309","1817","2240","1897","691"
"20232","11740540","명일2동","2874","1969","905","5","337","819","768","610","335","3","172","581","558","393","262","2","165","238","210","217","73"
"20232","11740660","성내3동","4641","2789","1852","15","658","1034","1162","962","810","13","344","656","703","541","532","2","314","378","459","421","278"
"20232","11740610","천호2동","3817","1970","1847","14","484","802","933","884","700","8","199","378","464","440","481","6","285","424","469","444","219"
"20232","11740620","천호3동","2763","1566","1197","3","170","305","475","502","1308","3","64","139","236","255","869","0","106","166","239","247","439"
"20232","11110530","사직동","47822","29932","17890","53","6303","13536","14415","9470","4045","14","2635","8315","9863","6619","2486","39","3668","5221","4552","2851","1559"
"20232","11170700","보광동","1059","532","527","1","137","225","268","258","170","1","26","109","139","145","112","0","111","116","129","113","58"
"20232","11170520","용산2가동","1795","1266","529","0","150","298","628","603","116","0","59","164","490","472","81","0","91","134","138","131","35"
"20232","11170640","이촌2동","2906","1976","930","8","411","803","858","630","196","3","184","508","647","491","143","5","227","295","211","139","53"
"20232","11200615","금호2?3가동","697","365","332","0","81","125","162","160","169","0","19","50","81","89","126","0","62","75","81","71","43"
"20232","11200645","옥수동","4791","1847","2944","5","1224","1430","1086","718","328","0","306","528","505","336","172","5","918","902","581","382","156"
"20232","11215810","광장동","16633","10092","6541","181","5160","4368","3223","2556","1145","56","2475","2824","2177","1712","848","125","2685","1544","1046","844","297"
"20232","11215830","자양2동","5005","3083","1922","20","716","1123","1284","1268","594","12","473","710","764","692","432","8","243","413","520","576","162"
"20232","11215847","자양4동","1152","729","423","6","101","178","269","290","308","5","46","95","157","184","242","1","55","83","112","106","66"
"20232","11215740","중곡1동","5496","2668","2828","82","1416","1044","1099","1287","568","28","605","563","545","517","410","54","811","481","554","770","158"
"20232","11230536","용신동","23899","12377","11522","56","2872","5303","5905","5893","3870","28","1358","3033","3112","2709","2137","28","1514","2270","2793","3184","1733"
"20232","11230720","휘경1동","1421","830","591","5","153","273","354","367","269","1","58","153","224","248","146","4","95","120","130","119","123"
"20232","11230730","휘경2동","4402","2273","2129","7","589","968","1138","1052","648","4","174","461","596","562","476","3","415","507","542","490","172"
"20232","11260655","망우본동","3417","1787","1630","14","378","624","763","1020","618","1","129","239","359","562","497","13","249","385","404","458","121"
"20232","11260570","면목7동","1410","772","638","2","173","268","338","383","246","2","59","120","177","222","192","0","114","148","161","161","54"
"20232","11260630","묵2동","2062","1388","674","1","299","504","494","556","208","1","171","341","326","406","143","0","128","163","168","150","65"
"20232","11260680","신내1동","4245","2030","2215","1","751","928","780","1114","671","1","204","390","376","549","510","0","547","538","404","565","161"
"20232","11290685","길음2동","722","307","415","3","80","138","190","198","113","2","35","58","87","70","55","1","45","80","103","128","58"
"20232","11290525","성북동","23717","18050","5667","44","3093","5817","6878","6849","1036","13","1710","4056","5451","6104","716","31","1383","1761","1427","745","320"
"20232","11290780","장위3동","1195","728","467","6","175","228","252","297","237","2","65","121","143","188","209","4","110","107","109","109","28"
"20232","11290705","종암동","22158","11647","10511","63","1867","5592","7813","6324","499","13","799","2048","3570","4921","296","50","1068","3544","4243","1403","203"
"20232","11305535","미아동","1850","1039","811","2","199","342","519","499","289","2","86","168","289","302","192","0","113","174","230","197","97"
"20232","11305608","번3동","1263","689","574","11","130","211","308","355","248","7","51","100","168","196","167","4","79","111","140","159","81"
"20232","11305660","인수동","4298","2498","1800","5","441","856","1098","1224","674","3","164","453","662","728","488","2","277","403","436","496","186"
"20232","11320690","방학1동","6582","3804","2778","14","664","1442","1618","1954","890","11","355","839","836","1104","659","3","309","603","782","850","231"
"20232","11320670","쌍문2동","1469","825","644","1","171","253","341","415","288","0","53","115","179","260","218","1","118","138","162","155","70"
"20232","11350720","상계10동","1064","449","615","0","164","226","285","302","87","0","35","95","112","144","63","0","129","131","173","158","24"
"20232","11350570","월계2동","1268","617","651","8","146","281","342","348","143","6","54","111","154","182","110","2","92","170","188","166","33"
"20232","11410710","북가좌1동","1739","1357","382","0","49","113","193","345","1039","0","16","52","88","234","967","0","33","61","105","111","72"
"20232","11410655","홍제2동","739","379","360","0","113","162","187","163","114","0","40","107","95","79","58","0","73","55","92","84","56"
"20232","11440585","도화동","13141","7986","5155","24","2416","3200","3302","2929","1270","12","1264","2199","2176","1526","809","12","1152","1001","1126","1403","461"
"20232","11440740","상암동","15320","9403","5917","39","3231","5547","4162","1731","610","17","1420","3496","2771","1209","490","22","1811","2051","1391","522","120"
"20232","11440660","서교동","26960","13797","13163","135","5627","7574","6249","4402","2973","88","2301","3787","3449","2331","1841","47","3326","3787","2800","2071","1132"
"20232","11440710","연남동","3213","1975","1238","4","517","760","777","678","477","4","232","412","461","463","403","0","285","348","316","215","74"
"20232","11500535","등촌3동","15368","8147","7221","44","1901","3264","3431","3801","2927","22","831","1785","2013","1850","1646","22","1070","1479","1418","1951","1281"
"20232","11500640","방화2동","3390","2190","1200","9","367","654","764","880","716","8","200","392","490","561","539","1","167","262","274","319","177"
"20232","11500641","방화3동","5011","3236","1775","7","488","1063","1262","1375","816","5","248","561","780","968","674","2","240","502","482","407","142"
"20232","11500570","화곡4동","2710","1207","1503","3","637","730","552","506","282","2","151","317","267","269","201","1","486","413","285","237","81"
"20232","11500590","화곡본동","2983","1681","1302","13","337","586","716","710","621","11","127","318","406","374","445","2","210","268","310","336","176"
"20232","11530595","가리봉동","972","454","518","1","95","161","224","209","282","0","42","74","102","83","153","1","53","87","122","126","129"
"20232","11530520","구로1동","4769","2813","1956","5","551","1184","1128","986","915","3","307","754","763","603","383","2","244","430","365","383","532"
"20232","11530770","오류1동","4294","2719","1575","14","556","798","1050","1234","642","7","393","537","636","709","437","7","163","261","414","525","205"
"20232","11560650","신길3동","1332","863","469","2","100","223","302","327","378","2","41","133","192","209","286","0","59","90","110","118","92"
"20232","11560690","신길7동","2693","1837","856","6","318","515","610","768","476","4","198","350","406","493","386","2","120","165","204","275","90"
"20232","11590530","상도1동","6189","3568","2621","10","958","1525","1507","1366","823","2","406","854","904","844","558","8","552","671","603","522","265"
"20232","11620525","보라매동","1838","943","895","8","253","408","426","448","295","3","107","206","219","212","196","5","146","202","207","236","99"
"20232","11620695","신림동","1946","1168","778","4","173","275","462","443","589","1","63","144","255","257","448","3","110","131","207","186","141"
"20232","11620615","중앙동","1420","666","754","3","174","256","327","381","279","2","71","125","154","182","132","1","103","131","173","199","147"
"20232","11620545","청림동","2705","1543","1162","4","408","900","885","393","115","3","178","504","529","253","76","1","230","396","356","140","39"
"20232","11650600","방배1동","19003","12553","6450","92","3748","5826","4604","3465","1268","61","1778","3553","3393","2828","940","31","1970","2273","1211","637","328"
"20232","11650531","서초4동","37488","21433","16055","138","7320","11471","9418","6641","2500","63","2783","6553","6110","4162","1762","75","4537","4918","3308","2479","738"
"20232","11680531","논현2동","55372","35328","20044","151","10602","16012","13330","8967","6310","47","4602","9575","9465","6803","4836","104","6000","6437","3865","2164","1474"
"20232","11680580","삼성1동","130157","87840","42317","310","26223","39031","34864","23107","6622","153","14094","25801","25719","18114","3959","157","12129","13230","9145","4993","2663"
"20232","11710631","가락1동","5913","4134","1779","0","404","1101","1627","1695","1086","0","271","843","1198","1111","711","0","133","258","429","584","375"
"20232","11710540","마천1동","955","471","484","2","112","201","273","249","118","1","46","98","129","118","79","1","66","103","144","131","39"
"20232","11710510","풍납1동","1718","964","754","1","228","386","435","451","217","1","120","208","229","240","166","0","108","178","206","211","51"
"20232","11710520","풍납2동","23596","11568","12028","3","5113","8054","5886","3553","987","0","1384","4183","3091","2173","737","3","3729","3871","2795","1380","250"
"20232","11740640","성내1동","17072","11605","5467","42","2020","3567","3667","4407","3369","17","1169","2225","2403","3188","2603","25","851","1342","1264","1219","766"
"20232","11110570","무악동","608","169","439","7","168","169","147","80","37","6","35","32","47","26","23","1","133","137","100","54","14"
"20232","11140665","동화동","1504","682","822","2","239","362","395","319","187","1","62","126","191","176","126","1","177","236","204","143","61"
"20232","11140635","약수동","17658","6830","10828","51","2837","6596","4891","2424","859","11","862","2322","1622","1389","624","40","1975","4274","3269","1035","235"
"20232","11140605","을지로동","15914","8662","7252","70","3844","3863","3457","2755","1925","17","1005","2127","2244","1916","1353","53","2839","1736","1213","839","572"
"20232","11170530","남영동","21173","8924","12249","187","8038","5217","4031","2705","995","22","1507","2802","2399","1454","740","165","6531","2415","1632","1251","255"
"20232","11170685","한남동","41934","30661","11273","135","6886","12388","11000","9625","1900","89","3268","8250","8923","8616","1515","46","3618","4138","2077","1009","385"
"20232","11200650","성수1가1동","3550","2228","1322","3","452","745","793","940","617","1","207","466","510","640","404","2","245","279","283","300","213"
"20232","11200520","왕십리2동","1259","746","513","2","175","319","360","269","134","2","85","169","221","170","99","0","90","150","139","99","35"
"20232","11200580","응봉동","1688","695","993","12","400","449","373","285","169","2","89","156","175","146","127","10","311","293","198","139","42"
"20232","11200560","행당1동","2359","1588","771","1","298","491","600","671","298","0","148","303","414","507","216","1","150","188","186","164","82"
"20232","11215870","구의3동","12940","7885","5055","27","1521","2728","3129","3229","2306","8","873","1900","2126","1661","1317","19","648","828","1003","1568","989"
"20232","11230660","장안2동","6304","3377","2927","46","1936","1218","1256","1163","685","27","1005","698","580","567","500","19","931","520","676","596","185"
"20232","11290715","월곡1동","2594","1577","1017","4","204","338","530","555","963","4","76","163","278","360","696","0","128","175","252","195","267"
"20232","11290770","장위2동","1746","1050","696","3","158","292","415","420","458","2","57","144","233","260","354","1","101","148","182","160","104"
"20232","11290640","정릉3동","2441","1649","792","15","383","695","593","440","315","14","207","494","418","314","202","1","176","201","175","126","113"
"20232","11305595","번1동","2555","1499","1056","2","322","516","510","657","548","0","139","316","307","420","317","2","183","200","203","237","231"
"20232","11305575","삼각산동","1296","708","588","1","227","343","406","210","109","0","93","192","227","105","91","1","134","151","179","105","18"
"20232","11305625","수유2동","2222","1180","1042","1","105","171","422","658","865","0","30","90","266","448","346","1","75","81","156","210","519"
"20232","11305645","우이동","2841","1745","1096","4","171","263","394","669","1340","3","51","126","214","460","891","1","120","137","180","209","449"
"20232","11320515","창5동","7114","4495","2619","9","821","1589","1757","1497","1441","7","428","1090","1177","820","973","2","393","499","580","677","468"
"20232","11350595","공릉1동","6301","3404","2897","8","659","982","1376","1729","1547","4","299","541","682","893","985","4","360","441","694","836","562"
"20232","11350700","상계8동","1180","616","564","3","167","344","290","263","113","1","59","215","121","143","77","2","108","129","169","120","36"
"20232","11410690","남가좌1동","3997","2401","1596","11","278","509","695","992","1512","8","190","341","440","522","900","3","88","168","255","470","612"
"20232","11440565","공덕동","14467","8329","6138","84","3210","3917","3860","2545","851","33","1283","2076","2451","1878","608","51","1927","1841","1409","667","243"
"20232","11440610","염리동","3956","2587","1369","75","736","884","795","861","605","27","372","596","586","593","413","48","364","288","209","268","192"
"20232","11470550","목5동","31153","18954","12199","114","5058","8049","7547","6516","3869","55","2331","4850","4764","4269","2685","59","2727","3199","2783","2247","1184"
"20232","11470570","신월2동","2996","1737","1259","12","259","472","804","817","632","9","142","279","419","437","451","3","117","193","385","380","181"
"20232","11470670","신정6동","18155","11030","7125","92","3488","5238","4247","3672","1418","74","1698","3218","2712","2347","981","18","1790","2020","1535","1325","437"
"20232","11500540","화곡1동","5031","2822","2209","21","535","1016","1247","1402","810","17","249","591","676","789","500","4","286","425","571","613","310"
"20232","11530750","개봉2동","8038","3972","4066","37","1415","1946","1909","1903","828","17","804","1236","844","639","432","20","611","710","1065","1264","396"
"20232","11530730","고척2동","3143","1958","1185","10","356","698","794","841","444","7","220","440","469","485","337","3","136","258","325","356","107"
"20232","11530560","구로5동","14392","9095","5297","44","2014","3370","3745","3190","2029","33","1138","2322","2481","1889","1232","11","876","1048","1264","1301","797"
"20232","11560620","양평2동","14774","8451","6323","38","2693","4021","4060","2540","1422","15","1180","2429","2300","1491","1036","23","1513","1592","1760","1049","386"
"20232","11560535","영등포동","14217","7943","6274","48","2615","3539","3349","2794","1872","14","977","1979","2088","1652","1233","34","1638","1560","1261","1142","639"
"20232","11590670","신대방1동","7418","4694","2724","24","1422","2370","1722","1183","697","14","724","1528","1188","772","468","10","698","842","534","411","229"
"20232","11620645","서원동","2912","1206","1706","5","563","630","529","646","539","2","143","260","265","235","301","3","420","370","264","411","238"
"20232","11620625","인헌동","3435","1976","1459","13","701","985","867","536","333","5","324","608","515","277","247","8","377","377","352","259","86"
"20232","11620595","청룡동","6665","3660","3005","8","1087","1894","1590","1510","576","3","433","957","884","988","395","5","654","937","706","522","181"
"20232","11650570","반포2동","9861","5872","3989","18","1652","3059","2563","1656","913","10","723","1849","1650","999","641","8","929","1210","913","657","272"
"20232","11650520","서초2동","67858","45080","22778","159","14201","22383","16994","10387","3734","54","7752","15121","11691","7781","2681","105","6449","7262","5303","2606","1053"
"20232","11650652","양재2동","43401","32515","10886","106","5761","10598","12175","11422","3339","59","3488","7792","9341","9309","2526","47","2273","2806","2834","2113","813"
"20232","11680740","일원2동","5600","3682","1918","17","832","1447","1587","1319","398","5","407","891","1091","992","296","12","425","556","496","327","102"
"20232","11710620","가락본동","27955","16882","11073","89","3790","6716","6396","5452","5512","37","1813","4194","4281","3158","3399","52","1977","2522","2115","2294","2113"
"20232","11710562","방이2동","24911","14324","10587","53","4019","6387","5622","5295","3535","37","2261","4157","3442","2476","1951","16","1758","2230","2180","2819","1584"
"20232","11710670","잠실2동","7793","5196","2597","10","1494","2265","2042","1556","426","9","938","1589","1387","1026","247","1","556","676","655","530","179"
"20232","11740600","천호1동","2450","1407","1043","6","246","461","597","573","567","1","100","239","304","336","427","5","146","222","293","237","140"
"20232","11110540","삼청동","5862","4751","1111","3","726","1549","1817","1381","386","0","460","1187","1543","1230","331","3","266","362","274","151","55"
"20232","11110630","종로5?6가동","15588","9737","5851","407","3613","4484","3824","2369","891","114","1498","2891","2796","1819","619","293","2115","1593","1028","550","272"
"20232","11110670","창신1동","1307","566","741","1","117","231","397","315","246","0","47","88","128","140","163","1","70","143","269","175","83"
"20232","11110650","혜화동","6669","3263","3406","30","1094","1790","1598","1324","833","22","380","867","848","687","459","8","714","923","750","637","374"
"20232","11170690","서빙고동","14416","9448","4968","37","2566","4289","4433","2273","818","15","1228","2510","3241","1816","638","22","1338","1779","1192","457","180"
"20232","11170590","용문동","2710","1570","1140","11","527","732","741","503","196","7","221","430","439","338","135","4","306","302","302","165","61"
"20232","11170560","원효로1동","4677","3188","1489","21","727","1266","1220","852","591","12","430","908","848","583","407","9","297","358","372","269","184"
"20232","11170630","이촌1동","10866","6950","3916","53","1764","2919","3039","2219","872","34","876","1798","2142","1493","607","19","888","1121","897","726","265"
"20232","11170555","청파동","4834","2581","2253","14","753","1213","1147","1014","693","8","264","562","606","621","520","6","489","651","541","393","173"
"20232","11200590","금호1가동","2304","858","1446","15","272","750","937","260","70","0","88","248","371","102","49","15","184","502","566","158","21"
"20232","11200720","송정동","1247","754","493","1","181","290","313","250","212","0","88","178","172","148","168","1","93","112","141","102","44"
"20232","11215770","중곡4동","5044","2482","2562","6","871","1221","1285","1169","492","4","254","568","628","634","394","2","617","653","657","535","98"
"20232","11215710","화양동","2662","1687","975","9","348","425","650","775","455","4","133","230","426","533","361","5","215","195","224","242","94"
"20232","11230610","답십리2동","4215","3060","1155","32","687","954","962","850","730","28","504","727","697","583","521","4","183","227","265","267","209"
"20232","11230750","이문2동","2210","1168","1042","2","268","474","498","560","408","1","93","229","233","307","305","1","175","245","265","253","103"
"20232","11230650","장안1동","10768","6778","3990","34","1470","2114","2327","2359","2464","26","880","1351","1448","1427","1646","8","590","763","879","932","818"
"20232","11260540","면목4동","1624","1162","462","2","121","264","432","588","217","1","55","160","292","481","173","1","66","104","140","107","44"
"20232","11290660","길음1동","6329","3095","3234","419","2211","1546","1057","690","406","176","957","813","522","320","307","243","1254","733","535","370","99"
"20232","11290610","보문동","6952","5271","1681","6","667","2047","1463","1460","1309","2","365","1644","1172","1170","918","4","302","403","291","290","391"
"20232","11290555","삼선동","6459","3237","3222","8","699","1546","1938","1603","665","4","247","667","937","1001","381","4","452","879","1001","602","284"
"20232","11290760","장위1동","1324","690","634","2","238","278","309","277","220","1","110","154","156","135","134","1","128","124","153","142","86"
"20232","11290630","정릉2동","1757","773","984","0","286","418","473","380","200","0","74","179","186","185","149","0","212","239","287","195","51"
"20232","11305603","번2동","1380","655","725","1","201","205","357","391","225","0","85","107","157","187","119","1","116","98","200","204","106"
"20232","11350630","상계1동","5569","3527","2042","23","644","1148","1345","1414","995","18","369","775","875","881","609","5","275","373","470","533","386"
"20232","11350670","상계5동","1861","927","934","5","128","213","314","464","737","2","52","114","139","210","410","3","76","99","175","254","327"
"20232","11350695","상계6?7동","6346","2810","3536","19","890","1498","1624","1611","704","11","233","564","725","883","394","8","657","934","899","728","310"
"20232","11350560","월계1동","2778","1511","1267","13","430","656","717","544","418","5","200","395","362","278","271","8","230","261","355","266","147"
"20232","11350624","중계4동","2064","1128","936","12","201","421","483","539","408","7","75","203","253","283","307","5","126","218","230","256","101"
"20232","11350612","하계2동","1414","910","504","2","145","263","384","465","155","0","82","161","240","294","133","2","63","102","144","171","22"
"20232","11380570","대조동","2617","1284","1333","5","323","553","704","596","436","4","119","269","331","267","294","1","204","284","373","329","142"
"20232","11380640","증산동","2848","1844","1004","2","364","748","783","642","309","2","169","501","515","424","233","0","195","247","268","218","76"
"20232","11410585","신촌동","5047","2648","2399","12","786","1329","1274","1079","567","7","305","582","652","701","401","5","481","747","622","378","166"
"20232","11410620","홍제1동","2477","1275","1202","5","265","373","628","847","359","2","77","175","328","475","218","3","188","198","300","372","141"
"20232","11440690","망원1동","3153","1750","1403","10","855","862","647","467","312","3","496","462","313","276","200","7","359","400","334","191","112"
"20232","11440730","성산2동","2757","1239","1518","5","275","511","724","838","404","3","99","251","327","330","229","2","176","260","397","508","175"
"20232","11470510","목1동","17427","11303","6124","49","3004","4738","4346","3560","1730","31","1399","3112","3084","2553","1124","18","1605","1626","1262","1007","606"
"20232","11470600","신월5동","2190","1209","981","8","278","535","546","550","273","5","127","267","283","322","205","3","151","268","263","228","68"
"20232","11470610","신월6동","1115","652","463","1","118","205","253","306","232","0","45","105","138","173","191","1","73","100","115","133","41"
"20232","11470680","신정7동","5753","3432","2321","14","656","1376","1762","1305","640","8","306","770","1070","807","471","6","350","606","692","498","169"
"20232","11500620","공항동","33826","17706","16120","10","5671","11101","9233","6573","1238","2","1358","4648","5380","5415","903","8","4313","6453","3853","1158","335"
"20232","11500530","등촌2동","4992","2944","2048","6","614","985","1193","1272","922","2","259","533","721","804","625","4","355","452","472","468","297"
"20232","11500615","우장산동","6277","3448","2829","6","1358","1416","1329","1316","852","4","515","819","782","778","550","2","843","597","547","538","302"
"20232","11500550","화곡2동","1532","914","618","6","188","416","397","369","156","3","108","271","238","193","101","3","80","145","159","176","55"
"20232","11500591","화곡6동","10754","6820","3934","35","1515","2863","2741","2431","1169","9","750","1821","1754","1606","880","26","765","1042","987","825","289"
"20232","11530760","개봉3동","1995","1198","797","5","278","485","501","427","299","5","136","299","299","240","219","0","142","186","202","187","80"
"20232","11560630","신길1동","3535","1563","1972","4","633","842","785","696","575","0","202","405","373","294","289","4","431","437","412","402","286"
"20232","11560670","신길5동","1404","679","725","2","140","296","455","347","164","1","69","136","164","177","132","1","71","160","291","170","32"
"20232","11560540","여의동","217817","154569","63248","520","40050","78066","55998","33396","9787","195","22109","55804","43252","26581","6628","325","17941","22262","12746","6815","3159"
"20232","11620585","낙성대동","10344","5721","4623","20","1677","3541","2220","1585","1301","10","761","1862","1167","922","999","10","916","1679","1053","663","302"
"20232","11620685","신사동","4234","2870","1364","2","678","1206","1226","768","354","2","298","818","953","572","227","0","380","388","273","196","127"
"20232","11620605","은천동","4644","2204","2440","12","629","867","980","1276","880","1","210","402","501","575","515","11","419","465","479","701","365"
"20232","11650590","방배본동","28234","15628","12606","120","5284","7281","7505","5047","2997","82","1798","3804","4370","3275","2299","38","3486","3477","3135","1772","698"
"20232","11680610","대치2동","92377","51697","40680","530","16781","25425","21288","17434","10919","232","7729","15578","13694","8997","5467","298","9052","9847","7594","8437","5452"
"20232","11680590","삼성2동","62165","35711","26454","150","12530","20151","15787","8793","4754","61","5197","11854","10528","4946","3125","89","7333","8297","5259","3847","1629"
"20232","11680700","세곡동","1534","879","655","10","124","276","310","436","378","5","55","140","178","256","245","5","69","136","132","180","133"
"20232","11680650","역삼2동","51209","30365","20844","208","11790","14220","12162","9047","3782","85","5685","9112","8095","4730","2658","123","6105","5108","4067","4317","1124"
"20232","11680730","일원1동","2518","1370","1148","4","343","476","566","543","586","2","149","251","293","284","391","2","194","225","273","259","195"
"20232","11680565","청담동","57122","32691","24431","172","11877","18886","14178","8558","3451","72","4465","10782","9320","5650","2402","100","7412","8104","4858","2908","1049"
"20232","11710531","거여1동","3835","2832","1003","11","951","1067","919","530","357","9","659","841","701","364","258","2","292","226","218","166","99"
"20232","11710647","위례동","1268","1216","52","0","4","80","347","681","156","0","4","78","336","650","148","0","0","2","11","31","8"
"20232","11710690","잠실4동","9652","7756","1896","42","1285","3032","2803","2051","439","18","925","2493","2310","1675","335","24","360","539","493","376","104"
"20232","11710710","잠실6동","46691","24881","21810","93","7429","12391","13316","11902","1560","29","3439","7617","7686","4936","1174","64","3990","4774","5630","6966","386"
"20232","11710650","잠실본동","9422","6016","3406","45","1284","1797","2201","2088","2007","4","575","1097","1382","1438","1520","41","709","700","819","650","487"
"20232","11710646","장지동","6769","4617","2152","13","730","1085","1597","1784","1560","4","406","721","1070","1256","1160","9","324","364","527","528","400"
"20232","11740590","암사3동","3192","1912","1280","6","286","449","571","829","1051","3","146","269","312","478","704","3","140","180","259","351","347"
"20232","11140670","황학동","1714","1102","612","1","271","455","422","342","223","1","157","285","265","225","169","0","114","170","157","117","54"
"20232","11140540","회현동","58705","36279","22426","199","10994","20696","16047","8525","2244","68","5132","12355","10455","6703","1566","131","5862","8341","5592","1822","678"
"20232","11200690","성수2가3동","23863","15312","8551","83","3917","6067","5966","4768","3062","63","2176","4061","4011","2880","2121","20","1741","2006","1955","1888","941"
"20232","11215840","자양3동","3370","2410","960","8","406","863","937","843","313","3","252","605","689","618","243","5","154","258","248","225","70"
"20232","11260580","상봉1동","2499","1715","784","14","303","440","514","655","573","11","193","268","289","450","504","3","110","172","225","205","69"
"20232","11260590","상봉2동","5328","3673","1655","17","631","1376","1754","1205","345","13","369","964","1173","877","277","4","262","412","581","328","68"
"20232","11290600","안암동","4686","3030","1656","8","655","1203","1295","1013","512","3","333","745","832","715","402","5","322","458","463","298","110"
"20232","11320710","방학3동","3005","1804","1201","10","510","688","696","694","407","9","324","395","438","336","302","1","186","293","258","358","105"
"20232","11320680","쌍문3동","2022","963","1059","4","437","452","474","472","183","3","113","208","246","266","127","1","324","244","228","206","56"
"20232","11350710","상계9동","2626","1662","964","2","339","658","654","741","232","2","184","418","385","493","180","0","155","240","269","248","52"
"20232","11350580","월계3동","1502","756","746","1","166","265","395","434","241","1","63","137","182","228","145","0","103","128","213","206","96"
"20232","11350625","중계2?3동","2225","1256","969","5","288","582","570","571","209","4","170","349","294","305","134","1","118","233","276","266","75"
"20232","11380580","응암1동","2895","1605","1290","7","306","489","680","669","744","5","141","230","355","339","535","2","165","259","325","330","209"
"20232","11410615","연희동","14856","9739","5117","82","2345","3661","3196","4080","1492","43","1297","2440","1997","2924","1038","39","1048","1221","1199","1156","454"
"20232","11410660","홍은1동","7584","1500","6084","3","262","551","2062","3659","1047","1","98","189","374","439","399","2","164","362","1688","3220","648"
"20232","11440600","대흥동","5628","2774","2854","65","2228","1272","827","772","464","22","867","656","452","470","307","43","1361","616","375","302","157"
"20232","11440700","망원2동","5201","3099","2102","17","652","971","1126","1574","861","10","356","715","787","730","501","7","296","256","339","844","360"
"20232","11470611","신월7동","4357","2856","1501","4","467","719","894","1036","1237","3","345","547","587","630","744","1","122","172","307","406","493"
"20232","11470630","신정2동","13985","8015","5970","66","2513","4519","3729","2456","702","30","1020","2487","2309","1628","541","36","1493","2032","1420","828","161"
"20232","11530550","구로4동","2159","1229","930","5","243","425","532","527","427","3","112","228","294","293","299","2","131","197","238","234","128"
"20232","11545510","가산동","84451","55529","28922","300","16641","26228","20890","12369","8023","193","8827","17613","15063","8220","5613","107","7814","8615","5827","4149","2410"
"20232","11545620","독산2동","1789","993","796","1","230","372","417","495","274","0","125","176","207","282","203","1","105","196","210","213","71"
"20232","11545680","시흥2동","3435","2024","1411","4","342","681","873","1027","508","3","199","387","492","597","346","1","143","294","381","430","162"
"20232","11560585","도림동","1619","1028","591","12","144","272","393","413","385","10","65","165","247","262","279","2","79","107","146","151","106"
"20232","11560605","문래동","81647","59216","22431","162","12600","26629","25117","12877","4262","62","7033","20252","20512","8694","2663","100","5567","6377","4605","4183","1599"
"20232","11590660","대방동","11271","7474","3797","22","1880","3051","2637","2515","1166","7","998","2084","1836","1812","737","15","882","967","801","703","429"
"20232","11590560","상도4동","2530","1503","1027","3","355","559","610","636","367","2","174","328","367","445","187","1","181","231","243","191","180"
"20232","11620735","대학동","3077","2250","827","3","433","739","863","742","297","1","256","500","673","587","233","2","177","239","190","155","64"
"20232","11620665","서림동","1808","1022","786","8","273","316","451","387","373","2","137","168","241","231","243","6","136","148","210","156","130"
"20232","11650621","방배4동","21837","13492","8345","61","3771","6017","5424","4166","2398","27","1599","3546","3678","2918","1724","34","2172","2471","1746","1248","674"
"20232","11650651","양재1동","33395","21554","11841","445","7793","9217","7561","4987","3392","215","3960","6187","5334","3319","2539","230","3833","3030","2227","1668","853"
"20232","11680660","개포1동","18376","11295","7081","74","2873","4869","4780","3809","1971","30","1298","2691","3296","2574","1406","44","1575","2178","1484","1235","565"
"20232","11680656","도곡2동","192577","131699","60878","923","36796","75687","55314","19948","3909","583","19659","51843","42526","14511","2577","340","17137","23844","12788","5437","1332"
"20231","11215810","광장동","16633","10092","6541","181","5160","4368","3223","2556","1145","56","2475","2824","2177","1712","848","125","2685","1544","1046","844","297"
"20232","11680640","역삼1동","170825","101049","69776","494","34443","51961","43997","29792","10138","189","16474","32429","28719","16126","7112","305","17969","19532","15278","13666","3026"
"20232","11680720","일원본동","36779","20548","16231","181","9454","10978","8976","5878","1312","82","3541","6120","5771","4133","901","99","5913","4858","3205","1745","411"
"20232","11710550","마천2동","2599","1634","965","1","266","601","708","658","365","0","158","375","403","395","303","1","108","226","305","263","62"
"20232","11710561","방이1동","9129","6671","2458","30","952","1771","2392","2432","1552","19","450","1125","1786","1953","1338","11","502","646","606","479","214"
"20232","11710580","송파1동","8660","5413","3247","19","1228","1938","2145","1877","1453","8","530","1150","1399","1255","1071","11","698","788","746","622","382"
"20232","11740690","둔촌1동","1519","845","674","2","191","367","379","391","189","2","92","205","217","206","123","0","99","162","162","185","66"
"20232","11740520","상일동","3611","1827","1784","6","521","804","899","953","428","2","177","402","542","432","272","4","344","402","357","521","156"
"20232","11110640","이화동","5235","2876","2359","13","804","1303","1339","1082","694","6","257","600","777","725","511","7","547","703","562","357","183"
"20232","11110680","창신2동","344","116","228","0","22","40","89","116","77","0","4","11","32","39","30","0","18","29","57","77","47"
"20232","11110560","평창동","23179","12994","10185","45","2878","6197","7579","5016","1464","18","1373","3171","4476","3013","943","27","1505","3026","3103","2003","521"
"20232","11140590","광희동","42508","21177","21331","438","12207","11215","8725","6715","3208","189","5936","6526","5053","2274","1199","249","6271","4689","3672","4441","2009"
"20232","11140680","중림동","4348","2429","1919","3","913","1392","1134","599","307","2","420","754","630","399","224","1","493","638","504","200","83"
"20232","11170650","이태원1동","13034","5712","7322","26","3821","5020","2528","1242","397","14","981","2109","1400","906","302","12","2840","2911","1128","336","95"
"20232","11170625","한강로동","47142","23273","23869","183","9616","14692","13436","6917","2298","87","3914","6875","6681","4207","1509","96","5702","7817","6755","2710","789"
"20232","11215860","구의2동","4204","2612","1592","56","598","727","1055","1126","642","24","306","400","689","739","454","32","292","327","366","387","188"
"20232","11215760","중곡3동","1489","932","557","4","181","361","396","333","214","0","97","252","232","209","142","4","84","109","164","124","72"
"20232","11230560","전농1동","1537","956","581","2","180","270","401","417","267","0","113","170","263","260","150","2","67","100","138","157","117"
"20232","11230570","전농2동","4013","2089","1924","4","468","848","1061","1068","564","1","193","397","571","552","375","3","275","451","490","516","189"
"20232","11260550","면목5동","1080","728","352","1","105","184","287","266","237","1","67","138","140","175","207","0","38","46","147","91","30"
"20232","11260565","면목본동","1764","942","822","1","239","402","450","411","261","0","88","202","232","232","188","1","151","200","218","179","73"
"20232","11290810","석관동","3732","2418","1314","15","344","584","700","754","1335","8","170","353","396","466","1025","7","174","231","304","288","310"
"20232","11290620","정릉1동","1152","621","531","6","149","206","258","298","235","1","41","74","129","183","193","5","108","132","129","115","42"
"20232","11305615","수유1동","1920","874","1046","2","205","347","488","555","323","0","58","142","208","241","225","2","147","205","280","314","98"
"20232","11320522","도봉2동","2128","1350","778","1","113","274","364","537","839","0","39","137","202","352","620","1","74","137","162","185","219"
"20232","11320511","창1동","1790","815","975","6","246","361","472","484","221","3","96","141","213","228","134","3","150","220","259","256","87"
"20232","11350600","공릉2동","7078","3252","3826","29","1186","1746","1707","1652","758","3","368","800","796","808","477","26","818","946","911","844","281"
"20232","11350640","상계2동","2484","1209","1275","6","342","425","617","634","460","3","127","236","291","302","250","3","215","189","326","332","210"
"20232","11350621","중계1동","2169","1191","978","4","284","476","650","541","214","3","119","259","345","297","168","1","165","217","305","244","46"
"20232","11380552","갈현2동","3915","2012","1903","9","404","778","1023","1035","666","7","187","434","483","463","438","2","217","344","540","572","228"
"20232","11380560","구산동","4328","2305","2023","11","537","811","958","1354","657","1","205","363","455","843","438","10","332","448","503","511","219"
"20232","11380530","불광2동","3113","1510","1603","2","194","431","503","653","1330","1","68","222","203","273","743","1","126","209","300","380","587"
"20232","11380590","응암2동","1048","669","379","1","133","138","236","299","241","1","75","75","138","179","201","0","58","63","98","120","40"
"20232","11410700","남가좌2동","1792","933","859","1","205","375","486","493","232","0","73","179","233","280","168","1","132","196","253","213","64"
"20232","11410720","북가좌2동","3057","1561","1496","8","472","602","675","756","544","4","143","304","374","410","326","4","329","298","301","346","218"
"20232","11440655","서강동","6283","3927","2356","43","1080","1516","1510","1228","906","27","531","894","993","811","671","16","549","622","517","417","235"
"20232","11440720","성산1동","5829","3864","1965","19","753","1219","1334","1134","1370","15","369","757","847","790","1086","4","384","462","487","344","284"
"20232","11440590","용강동","13701","8118","5583","13","2008","3377","3238","2712","2353","9","969","1995","2139","1574","1432","4","1039","1382","1099","1138","921"
"20232","11470580","신월3동","1679","963","716","2","177","310","382","494","314","0","66","132","204","310","251","2","111","178","178","184","63"
"20232","11470590","신월4동","1813","1221","592","1","108","222","423","574","485","1","50","117","246","383","424","0","58","105","177","191","61"
"20232","11500604","가양2동","2849","1494","1355","9","375","668","690","678","429","6","175","360","369","336","248","3","200","308","321","342","181"
"20232","11500630","방화1동","7575","5922","1653","10","805","1601","1852","2167","1140","7","575","1308","1478","1793","761","3","230","293","374","374","379"
"20232","11500560","화곡3동","5333","3288","2045","10","724","1292","1364","1226","717","7","390","860","825","689","517","3","334","432","539","537","200"
"20232","11545610","독산1동","12850","8228","4622","40","1027","1759","2150","2804","5070","34","604","1165","1369","1723","3333","6","423","594","781","1081","1737"
"20232","11545630","독산3동","4188","2958","1230","10","366","639","730","800","1643","2","195","372","390","474","1525","8","171","267","340","326","118"
"20232","11560550","당산1동","9078","5438","3640","15","1539","2557","2014","1676","1277","8","613","1428","1263","1168","958","7","926","1129","751","508","319"
"20232","11560660","신길4동","1248","617","631","2","211","297","315","295","128","0","75","138","153","159","92","2","136","159","162","136","36"
"20232","11560680","신길6동","2634","1646","988","10","289","619","687","570","459","7","144","384","416","357","338","3","145","235","271","213","121"
"20231","11215830","자양2동","5005","3083","1922","20","716","1123","1284","1268","594","12","473","710","764","692","432","8","243","413","520","576","162"
"20231","11215847","자양4동","1152","729","423","6","101","178","269","290","308","5","46","95","157","184","242","1","55","83","112","106","66"
"20231","11215740","중곡1동","5496","2668","2828","82","1416","1044","1099","1287","568","28","605","563","545","517","410","54","811","481","554","770","158"
"20231","11230536","용신동","23899","12377","11522","56","2872","5303","5905","5893","3870","28","1358","3033","3112","2709","2137","28","1514","2270","2793","3184","1733"
"20231","11230720","휘경1동","1421","830","591","5","153","273","354","367","269","1","58","153","224","248","146","4","95","120","130","119","123"
"20231","11230730","휘경2동","4402","2273","2129","7","589","968","1138","1052","648","4","174","461","596","562","476","3","415","507","542","490","172"
"20231","11260655","망우본동","3417","1787","1630","14","378","624","763","1020","618","1","129","239","359","562","497","13","249","385","404","458","121"
"20231","11260570","면목7동","1410","772","638","2","173","268","338","383","246","2","59","120","177","222","192","0","114","148","161","161","54"
"20231","11260630","묵2동","2062","1388","674","1","299","504","494","556","208","1","171","341","326","406","143","0","128","163","168","150","65"
"20231","11260680","신내1동","4245","2030","2215","1","751","928","780","1114","671","1","204","390","376","549","510","0","547","538","404","565","161"
"20231","11290685","길음2동","722","307","415","3","80","138","190","198","113","2","35","58","87","70","55","1","45","80","103","128","58"
"20232","11590510","노량진1동","5875","3297","2578","18","766","1395","1471","1398","827","12","329","798","898","755","505","6","437","597","573","643","322"
"20232","11590540","상도2동","1732","887","845","6","212","400","459","414","241","0","94","212","243","207","131","6","118","188","216","207","110"
"20232","11620630","남현동","3714","2442","1272","5","617","926","1001","721","444","3","338","621","701","472","307","2","279","305","300","249","137"
"20232","11620575","행운동","4257","2373","1884","15","636","1035","1002","964","605","8","316","584","534","500","431","7","320","451","468","464","174"
"20232","11650581","반포4동","94714","83567","11147","80","9480","20099","25531","35193","4331","34","7191","16727","22658","33449","3508","46","2289","3372","2873","1744","823"
"20224","11680660","개포1동","18376","11295","7081","74","2873","4869","4780","3809","1971","30","1298","2691","3296","2574","1406","44","1575","2178","1484","1235","565"
"20224","11680656","도곡2동","192577","131699","60878","923","36796","75687","55314","19948","3909","583","19659","51843","42526","14511","2577","340","17137","23844","12788","5437","1332"
"20224","11680640","역삼1동","170825","101049","69776","494","34443","51961","43997","29792","10138","189","16474","32429","28719","16126","7112","305","17969","19532","15278","13666","3026"
"20224","11680720","일원본동","36779","20548","16231","181","9454","10978","8976","5878","1312","82","3541","6120","5771","4133","901","99","5913","4858","3205","1745","411"
"20224","11710550","마천2동","2599","1634","965","1","266","601","708","658","365","0","158","375","403","395","303","1","108","226","305","263","62"
"20224","11710561","방이1동","9129","6671","2458","30","952","1771","2392","2432","1552","19","450","1125","1786","1953","1338","11","502","646","606","479","214"
"20224","11710580","송파1동","8660","5413","3247","19","1228","1938","2145","1877","1453","8","530","1150","1399","1255","1071","11","698","788","746","622","382"
"20224","11740690","둔촌1동","1519","845","674","2","191","367","379","391","189","2","92","205","217","206","123","0","99","162","162","185","66"
"20224","11740520","상일동","3611","1827","1784","6","521","804","899","953","428","2","177","402","542","432","272","4","344","402","357","521","156"
"20224","11110640","이화동","5235","2876","2359","13","804","1303","1339","1082","694","6","257","600","777","725","511","7","547","703","562","357","183"
"20224","11110680","창신2동","344","116","228","0","22","40","89","116","77","0","4","11","32","39","30","0","18","29","57","77","47"
"20224","11110560","평창동","23179","12994","10185","45","2878","6197","7579","5016","1464","18","1373","3171","4476","3013","943","27","1505","3026","3103","2003","521"
"20224","11140590","광희동","42508","21177","21331","438","12207","11215","8725","6715","3208","189","5936","6526","5053","2274","1199","249","6271","4689","3672","4441","2009"
"20224","11140680","중림동","4348","2429","1919","3","913","1392","1134","599","307","2","420","754","630","399","224","1","493","638","504","200","83"
"20224","11170650","이태원1동","13034","5712","7322","26","3821","5020","2528","1242","397","14","981","2109","1400","906","302","12","2840","2911","1128","336","95"
"20224","11170625","한강로동","47142","23273","23869","183","9616","14692","13436","6917","2298","87","3914","6875","6681","4207","1509","96","5702","7817","6755","2710","789"
"20224","11215860","구의2동","4204","2612","1592","56","598","727","1055","1126","642","24","306","400","689","739","454","32","292","327","366","387","188"
"20224","11215760","중곡3동","1489","932","557","4","181","361","396","333","214","0","97","252","232","209","142","4","84","109","164","124","72"
"20224","11230560","전농1동","1537","956","581","2","180","270","401","417","267","0","113","170","263","260","150","2","67","100","138","157","117"
"20224","11230570","전농2동","4013","2089","1924","4","468","848","1061","1068","564","1","193","397","571","552","375","3","275","451","490","516","189"
"20224","11260550","면목5동","1080","728","352","1","105","184","287","266","237","1","67","138","140","175","207","0","38","46","147","91","30"
"20224","11260565","면목본동","1764","942","822","1","239","402","450","411","261","0","88","202","232","232","188","1","151","200","218","179","73"
"20224","11290810","석관동","3732","2418","1314","15","344","584","700","754","1335","8","170","353","396","466","1025","7","174","231","304","288","310"
"20224","11290620","정릉1동","1152","621","531","6","149","206","258","298","235","1","41","74","129","183","193","5","108","132","129","115","42"
"20224","11305615","수유1동","1920","874","1046","2","205","347","488","555","323","0","58","142","208","241","225","2","147","205","280","314","98"
"20224","11320522","도봉2동","2128","1350","778","1","113","274","364","537","839","0","39","137","202","352","620","1","74","137","162","185","219"
"20224","11320511","창1동","1790","815","975","6","246","361","472","484","221","3","96","141","213","228","134","3","150","220","259","256","87"
"20224","11350600","공릉2동","7078","3252","3826","29","1186","1746","1707","1652","758","3","368","800","796","808","477","26","818","946","911","844","281"
"20224","11350640","상계2동","2484","1209","1275","6","342","425","617","634","460","3","127","236","291","302","250","3","215","189","326","332","210"
"20224","11350621","중계1동","2169","1191","978","4","284","476","650","541","214","3","119","259","345","297","168","1","165","217","305","244","46"
"20224","11380552","갈현2동","3915","2012","1903","9","404","778","1023","1035","666","7","187","434","483","463","438","2","217","344","540","572","228"
"20224","11380560","구산동","4328","2305","2023","11","537","811","958","1354","657","1","205","363","455","843","438","10","332","448","503","511","219"
"20224","11380530","불광2동","3113","1510","1603","2","194","431","503","653","1330","1","68","222","203","273","743","1","126","209","300","380","587"
"20224","11380590","응암2동","1048","669","379","1","133","138","236","299","241","1","75","75","138","179","201","0","58","63","98","120","40"
"20224","11410700","남가좌2동","1792","933","859","1","205","375","486","493","232","0","73","179","233","280","168","1","132","196","253","213","64"
"20224","11410720","북가좌2동","3057","1561","1496","8","472","602","675","756","544","4","143","304","374","410","326","4","329","298","301","346","218"
"20224","11440655","서강동","6283","3927","2356","43","1080","1516","1510","1228","906","27","531","894","993","811","671","16","549","622","517","417","235"
"20224","11440720","성산1동","5829","3864","1965","19","753","1219","1334","1134","1370","15","369","757","847","790","1086","4","384","462","487","344","284"
"20224","11440590","용강동","13701","8118","5583","13","2008","3377","3238","2712","2353","9","969","1995","2139","1574","1432","4","1039","1382","1099","1138","921"
"20224","11470580","신월3동","1679","963","716","2","177","310","382","494","314","0","66","132","204","310","251","2","111","178","178","184","63"
"20224","11470590","신월4동","1813","1221","592","1","108","222","423","574","485","1","50","117","246","383","424","0","58","105","177","191","61"
"20224","11500604","가양2동","2849","1494","1355","9","375","668","690","678","429","6","175","360","369","336","248","3","200","308","321","342","181"
"20224","11500630","방화1동","7575","5922","1653","10","805","1601","1852","2167","1140","7","575","1308","1478","1793","761","3","230","293","374","374","379"
"20224","11500560","화곡3동","5333","3288","2045","10","724","1292","1364","1226","717","7","390","860","825","689","517","3","334","432","539","537","200"
"20224","11545610","독산1동","12850","8228","4622","40","1027","1759","2150","2804","5070","34","604","1165","1369","1723","3333","6","423","594","781","1081","1737"
"20224","11545630","독산3동","4188","2958","1230","10","366","639","730","800","1643","2","195","372","390","474","1525","8","171","267","340","326","118"
"20224","11560550","당산1동","9078","5438","3640","15","1539","2557","2014","1676","1277","8","613","1428","1263","1168","958","7","926","1129","751","508","319"
"20224","11560660","신길4동","1248","617","631","2","211","297","315","295","128","0","75","138","153","159","92","2","136","159","162","136","36"
"20224","11560680","신길6동","2634","1646","988","10","289","619","687","570","459","7","144","384","416","357","338","3","145","235","271","213","121"
"20224","11590510","노량진1동","5875","3297","2578","18","766","1395","1471","1398","827","12","329","798","898","755","505","6","437","597","573","643","322"
"20224","11590540","상도2동","1732","887","845","6","212","400","459","414","241","0","94","212","243","207","131","6","118","188","216","207","110"
"20224","11620630","남현동","3714","2442","1272","5","617","926","1001","721","444","3","338","621","701","472","307","2","279","305","300","249","137"
"20224","11620575","행운동","4257","2373","1884","15","636","1035","1002","964","605","8","316","584","534","500","431","7","320","451","468","464","174"
"20224","11650581","반포4동","94714","83567","11147","80","9480","20099","25531","35193","4331","34","7191","16727","22658","33449","3508","46","2289","3372","2873","1744","823"
"20224","11650610","방배2동","16805","8184","8621","37","2831","4294","4601","3237","1805","8","985","1931","2132","1909","1219","29","1846","2363","2469","1328","586"
"20224","11650510","서초1동","47386","26528","20858","101","9928","12282","10432","11564","3079","39","3558","6616","6055","8015","2245","62","6370","5666","4377","3549","834"
"20224","11650540","잠원동","16302","9442","6860","68","3397","4796","4022","2503","1516","36","1340","2803","2667","1569","1027","32","2057","1993","1355","934","489"
"20224","11680750","수서동","18037","9516","8521","27","2570","4859","4850","3583","2148","15","1151","2611","2544","1902","1293","12","1419","2248","2306","1681","855"
"20224","11710632","가락2동","10171","6862","3309","22","1354","2162","2015","1893","2725","16","801","1478","1339","1132","2096","6","553","684","676","761","629"
"20224","11710720","잠실7동","14130","6338","7792","52","1984","2775","3999","4487","833","31","995","1820","1888","1074","530","21","989","955","2111","3413","303"
"20224","11740700","둔촌2동","4961","2239","2722","4","946","1293","1058","1026","634","2","281","537","526","489","404","2","665","756","532","537","230"
"20224","11110615","종로1?2?3?4가동","97451","53687","43764","1427","19755","29598","26670","15288","4713","620","8610","14862","15621","10763","3211","807","11145","14736","11049","4525","1502"
"20224","11140650","신당5동","871","462","409","5","105","184","211","191","175","5","47","83","108","101","118","0","58","101","103","90","57"
"20224","11140645","청구동","3104","1714","1390","6","455","830","727","664","422","3","157","432","465","413","244","3","298","398","262","251","178"
"20224","11170580","효창동","1644","932","712","3","218","412","462","363","186","2","103","243","275","183","126","1","115","169","187","180","60"
"20224","11200620","금호4가동","1331","791","540","1","151","308","365","323","183","1","56","159","235","202","138","0","95","149","130","121","45"
"20224","11200670","성수2가1동","10042","6355","3687","107","2280","2880","2284","1625","866","57","1033","1862","1557","1147","699","50","1247","1018","727","478","167"
"20224","11200790","용답동","4708","2845","1863","30","1172","1311","961","753","481","2","511","843","633","476","380","28","661","468","328","277","101"
"20224","11200570","행당2동","268","104","164","0","31","57","76","66","38","0","14","23","24","16","27","0","17","34","52","50","11"
"20224","11215780","능동","2288","1405","883","7","330","533","589","459","370","3","160","314","371","276","281","4","170","219","218","183","89"
"20224","11230545","제기동","5479","3268","2211","10","735","1334","1323","1152","925","3","312","789","843","680","641","7","423","545","480","472","284"
"20224","11230710","회기동","784","371","413","1","93","180","195","178","137","1","28","71","89","84","98","0","65","109","106","94","39"
"20224","11260660","망우3동","1076","573","503","1","96","157","257","314","251","1","35","66","120","172","179","0","61","91","137","142","72"
"20224","11260620","묵1동","2604","1240","1364","4","285","604","740","629","342","1","102","281","337","286","233","3","183","323","403","343","109"
"20224","11260610","중화2동","1532","868","664","9","181","236","386","343","377","7","89","111","195","197","269","2","92","125","191","146","108"
"20224","11290725","월곡2동","4825","3059","1766","6","757","1363","1166","854","679","1","379","896","712","512","559","5","378","467","454","342","120"
"20224","11290650","정릉4동","2401","1467","934","2","203","363","582","760","491","0","64","182","369","511","341","2","139","181","213","249","150"
"20224","11305555","송천동","1900","953","947","3","145","324","405","482","541","2","42","149","190","273","297","1","103","175","215","209","244"
"20224","11320521","도봉1동","2162","1429","733","1","104","246","486","761","564","1","26","129","286","544","443","0","78","117","200","217","121"
"20224","11320660","쌍문1동","1769","844","925","0","216","280","472","488","313","0","56","101","185","251","251","0","160","179","287","237","62"
"20224","11350611","하계1동","4631","2934","1697","10","541","947","1177","1316","640","7","252","547","704","929","495","3","289","400","473","387","145"
"20224","11380551","갈현1동","2607","1348","1259","11","445","605","620","564","362","7","183","321","312","288","237","4","262","284","308","276","125"
"20224","11380510","녹번동","5199","2759","2440","14","602","1221","1380","1375","607","9","291","593","665","805","396","5","311","628","715","570","211"
"20224","11380650","수색동","1766","1115","651","0","231","468","426","349","292","0","114","299","263","220","219","0","117","169","163","129","73"
"20224","11380600","응암3동","2243","1094","1149","1","246","524","620","544","308","0","93","261","288","251","201","1","153","263","332","293","107"
"20224","11380690","진관동","3595","1885","1710","4","367","871","969","867","517","2","170","543","543","367","260","2","197","328","426","500","257"
"20224","11410555","북아현동","1845","1353","492","0","191","416","503","517","218","0","82","314","396","401","160","0","109","102","107","116","58"
"20224","11410565","충현동","14173","8784","5389","22","1788","3587","3729","3349","1698","13","845","2173","2366","2194","1193","9","943","1414","1363","1155","505"
"20224","11440630","신수동","5675","3230","2445","14","686","1567","1578","1378","452","12","255","740","902","974","347","2","431","827","676","404","105"
"20224","11470540","목4동","2879","1741","1138","7","354","627","828","712","351","4","144","373","493","453","274","3","210","254","335","259","77"
"20224","11470640","신정3동","7022","4988","2034","7","565","1340","1751","1490","1869","1","271","806","1186","1041","1683","6","294","534","565","449","186"
"20224","11500520","등촌1동","8609","5163","3446","22","1724","2223","1900","1545","1195","13","636","1404","1311","1008","791","9","1088","819","589","537","404"
"20224","11500510","염창동","19659","9116","10543","50","3048","5769","5855","3303","1634","29","1102","2522","2356","1821","1286","21","1946","3247","3499","1482","348"
"20224","11530740","개봉1동","4844","2808","2036","9","463","1029","1149","1259","935","7","239","570","592","717","683","2","224","459","557","542","252"
"20224","11530530","구로2동","13937","8549","5388","41","1703","3217","3450","3483","2043","20","796","1900","2064","2280","1489","21","907","1317","1386","1203","554"
"20224","11530540","구로3동","52394","34315","18079","202","10890","17618","13256","6528","3900","132","5505","11682","9334","4548","3114","70","5385","5936","3922","1980","786"
"20224","11530800","항동","1601","998","603","2","147","323","512","371","246","1","53","172","316","264","192","1","94","151","196","107","54"
"20224","11545670","시흥1동","6679","3563","3116","15","926","1606","1587","1664","881","10","425","798","798","941","591","5","501","808","789","723","290"
"20224","11560560","당산2동","14108","9461","4647","48","2208","3163","3415","3108","2166","22","1130","1980","2383","2282","1664","26","1078","1183","1032","826","502"
"20224","11590630","사당2동","2674","1472","1202","15","427","777","722","492","241","6","208","472","426","226","134","9","219","305","296","266","107"
"20224","11590640","사당3동","3596","2099","1497","3","446","802","955","838","552","0","176","433","585","500","405","3","270","369","370","338","147"
"20224","11590605","흑석동","1446","824","622","2","197","319","389","321","218","1","100","177","223","176","147","1","97","142","166","145","71"
"20224","11620715","난향동","1315","649","666","1","151","289","365","283","226","0","41","132","152","144","180","1","110","157","213","139","46"
"20224","11620655","신원동","1011","576","435","5","113","213","247","244","189","3","60","118","146","143","106","2","53","95","101","101","83"
"20224","11620725","조원동","3254","2026","1228","7","613","788","789","699","358","2","285","513","503","469","254","5","328","275","286","230","104"
"20224","11650550","반포본동","24429","13311","11118","37","4041","8064","6985","4177","1125","22","1479","4403","3916","2614","877","15","2562","3661","3069","1563","248"
"20224","11650530","서초3동","68236","40512","27724","193","11708","20440","17471","12437","5987","88","4953","11908","11177","8110","4276","105","6755","8532","6294","4327","1711"
"20224","11680690","개포4동","8809","6333","2476","21","1063","1992","2481","2105","1147","9","526","1333","1880","1637","948","12","537","659","601","468","199"
"20224","11680510","신사동","27942","16647","11295","98","5802","8429","7084","4252","2277","41","2251","5152","4743","2778","1682","57","3551","3277","2341","1474","595"
"20224","11710642","문정2동","41453","26054","15399","81","5936","12616","12707","7337","2776","36","2842","7120","8712","5617","1727","45","3094","5496","3995","1720","1049"
"20224","11710610","삼전동","7762","5230","2532","5","936","1763","1740","1549","1769","5","530","1154","1145","951","1445","0","406","609","595","598","324"
"20224","11710600","석촌동","8870","5856","3014","20","1074","2021","2072","1815","1868","12","607","1458","1402","1073","1304","8","467","563","670","742","564"
"20224","11710590","송파2동","14196","8974","5222","63","2237","3514","3721","3393","1268","47","1080","2233","2681","2128","805","16","1157","1281","1040","1265","463"
"20224","11740560","고덕2동","1985","1260","725","0","118","259","426","694","488","0","27","115","243","481","394","0","91","144","183","213","94"
"20224","11740650","성내2동","2304","1410","894","7","391","474","511","467","454","3","252","290","298","287","280","4","139","184","213","180","174"
"20224","11740580","암사2동","2638","964","1674","3","269","441","620","793","512","3","97","204","251","229","180","0","172","237","369","564","332"
"20224","11110580","교남동","847","498","349","3","100","217","222","173","132","1","35","111","132","116","103","2","65","106","90","57","29"
"20224","11110550","부암동","4115","2286","1829","8","695","1179","1099","798","336","3","287","651","630","483","232","5","408","528","469","315","104"
"20224","11110700","숭인1동","460","210","250","1","87","99","102","101","70","0","16","42","51","53","48","1","71","57","51","48","22"
"20224","11110710","숭인2동","1942","998","944","9","288","341","456","464","384","5","89","162","255","278","209","4","199","179","201","186","175"
"20224","11740550","고덕1동","2188","1136","1052","0","240","487","569","526","366","0","108","271","280","241","236","0","132","216","289","285","130"
"20224","11110515","청운효자동","10628","6827","3801","65","1929","3064","2954","1874","742","7","842","1921","2196","1349","512","58","1087","1143","758","525","230"
"20224","11140625","다산동","6567","4125","2442","12","1165","2090","1574","1149","577","3","481","1432","1099","702","408","9","684","658","475","447","169"
"20224","11140520","소공동","77533","41196","36337","404","22441","24493","17068","10242","2885","116","7294","12188","12180","7491","1927","288","15147","12305","4888","2751","958"
"20224","11140615","신당동","3199","1726","1473","33","894","680","608","585","399","13","401","354","314","373","271","20","493","326","294","212","128"
"20224","11140580","장충동","10396","5498","4898","51","2383","2853","2688","1978","443","13","839","1601","1603","1139","303","38","1544","1252","1085","839","140"
"20224","11170660","이태원2동","1258","696","562","5","213","404","318","198","120","2","96","223","170","110","95","3","117","181","148","88","25"
"20224","11200660","성수1가2동","6301","4314","1987","24","1008","1280","1327","1359","1303","15","599","850","854","963","1033","9","409","430","473","396","270"
"20224","11215730","군자동","2363","1289","1074","5","295","494","527","536","506","2","119","258","304","283","323","3","176","236","223","253","183"
"20224","11215820","자양1동","12355","9722","2633","5","841","1746","3348","5029","1386","5","376","1117","2681","4367","1176","0","465","629","667","662","210"
"20224","11215750","중곡2동","2814","1604","1210","4","390","568","717","661","474","1","239","330","379","348","307","3","151","238","338","313","167"
"20224","11230600","답십리1동","6333","3031","3302","9","924","1297","1755","1680","668","4","626","866","637","452","446","5","298","431","1118","1228","222"
"20224","11260520","면목2동","1492","821","671","4","152","249","327","436","324","2","51","112","171","247","238","2","101","137","156","189","86"
"20224","11290575","동선동","2511","1246","1265","27","334","520","566","624","440","16","114","226","274","337","279","11","220","294","292","287","161"
"20224","11305534","삼양동","1087","628","459","5","145","205","255","257","220","3","60","98","133","160","174","2","85","107","122","97","46"
"20224","11305635","수유3동","3385","1724","1661","10","367","814","869","876","449","8","144","349","405","534","284","2","223","465","464","342","165"
"20224","11320700","방학2동","1017","474","543","0","95","205","247","208","262","0","40","102","115","103","114","0","55","103","132","105","148"
"20224","11320681","쌍문4동","1365","711","654","0","144","324","378","347","172","0","43","156","192","184","136","0","101","168","186","163","36"
"20224","11320512","창2동","2466","1391","1075","11","299","549","665","571","371","10","137","321","363","293","267","1","162","228","302","278","104"
"20224","11320514","창4동","2724","1708","1016","2","286","524","672","743","497","1","127","277","399","498","406","1","159","247","273","245","91"
"20224","11350619","중계본동","1798","881","917","8","209","368","445","499","269","6","100","188","195","227","165","2","109","180","250","272","104"
"20224","11380520","불광1동","3646","1607","2039","6","523","861","954","838","464","2","193","377","428","368","239","4","330","484","526","470","225"
"20224","11470530","목3동","2504","1376","1128","3","327","551","660","602","361","2","163","320","355","306","230","1","164","231","305","296","131"
"20224","11470560","신월1동","2247","1444","803","6","213","373","517","727","411","3","111","232","314","480","304","3","102","141","203","247","107"
"20224","11470620","신정1동","11571","6760","4811","51","2043","2900","2904","2459","1214","46","852","1805","1741","1428","888","5","1191","1095","1163","1031","326"
"20224","11470650","신정4동","7226","3988","3238","16","1221","1286","1376","1506","1821","8","376","629","698","817","1460","8","845","657","678","689","361"
"20224","11500611","발산1동","3230","1862","1368","4","229","472","852","1035","638","2","103","237","408","598","514","2","126","235","444","437","124"
"20224","11500593","화곡8동","2037","1114","923","7","298","523","565","373","271","6","135","286","282","223","182","1","163","237","283","150","89"
"20224","11530790","수궁동","3693","2490","1203","23","382","709","841","1029","709","20","234","445","526","700","565","3","148","264","315","329","144"
"20224","11530510","신도림동","13037","8565","4472","38","2126","4038","3175","2358","1302","18","890","2755","2286","1629","987","20","1236","1283","889","729","315"
"20224","11530780","오류2동","2785","1685","1100","4","281","624","732","696","448","1","120","353","422","440","349","3","161","271","310","256","99"
"20224","11545690","시흥3동","7990","4735","3255","17","592","1163","1847","2084","2287","8","314","754","1071","1135","1453","9","278","409","776","949","834"
"20224","11545700","시흥4동","1558","936","622","16","243","318","440","378","163","12","148","218","263","176","119","4","95","100","177","202","44"
"20224","11545710","시흥5동","1721","1012","709","21","247","398","427","359","269","15","130","260","249","185","173","6","117","138","178","174","96"
"20224","11560700","대림1동","2425","937","1488","0","785","549","491","412","188","0","166","197","240","208","126","0","619","352","251","204","62"
"20224","11560610","양평1동","12821","7428","5393","53","2537","2953","2834","2570","1874","22","1298","1886","1691","1321","1210","31","1239","1067","1143","1249","664"
"20224","11590650","사당4동","1399","726","673","5","155","229","303","271","436","4","59","115","137","126","285","1","96","114","166","145","151"
"20224","11590651","사당5동","1931","1038","893","2","242","468","579","457","183","1","112","219","297","257","152","1","130","249","282","200","31"
"20224","11620745","삼성동","1795","991","804","9","195","365","476","476","274","2","83","180","251","260","215","7","112","185","225","216","59"
"20224","11620565","성현동","7335","2785","4550","55","1046","1290","1680","2205","1059","31","479","676","763","595","241","24","567","614","917","1610","818"
"20224","11650660","내곡동","14211","9232","4979","62","2050","2934","2992","3044","3129","53","1454","2116","2049","1745","1815","9","596","818","943","1299","1314"
"20224","11650560","반포1동","7332","4498","2834","9","1338","2420","1829","1125","611","2","633","1581","1213","625","444","7","705","839","616","500","167"
"20224","11650580","반포3동","8637","4815","3822","20","1367","2193","1912","1729","1416","7","578","1294","1265","1001","670","13","789","899","647","728","746"
"20224","11680521","논현1동","41576","24313","17263","162","10856","12491","8831","5739","3497","68","4624","7421","5950","3705","2545","94","6232","5070","2881","2034","952"
"20224","11680600","대치1동","20053","10683","9370","37","3668","6545","4998","3118","1687","15","1378","3248","2827","1994","1221","22","2290","3297","2171","1124","466"
"20224","11680545","압구정동","44490","25047","19443","256","9903","13905","10212","6655","3559","102","3671","7810","6873","4381","2210","154","6232","6095","3339","2274","1349"
"20224","11710570","오금동","27438","19217","8221","45","3630","6522","6925","6613","3703","29","2126","4408","5118","5012","2524","16","1504","2114","1807","1601","1179"
"20224","11710566","오륜동","25084","14536","10548","45","4062","7583","6511","5022","1861","14","1636","3946","4187","3325","1428","31","2426","3637","2324","1697","433"
"20224","11710680","잠실3동","21831","14806","7025","108","3990","5469","5434","4132","2698","48","2079","3783","4024","2965","1907","60","1911","1686","1410","1167","791"
"20224","11740515","강일동","1357","886","471","0","196","292","374","333","162","0","98","199","237","215","137","0","98","93","137","118","25"
"20224","11740685","길동","9468","4805","4663","25","1369","1886","2128","2298","1762","15","541","1001","1136","1055","1057","10","828","885","992","1243","705"
"20224","11740530","명일1동","4220","2357","1863","9","623","1131","1061","762","634","4","293","679","693","390","298","5","330","452","368","372","336"
"20224","11740570","암사1동","3940","2413","1527","6","504","843","830","791","966","2","246","550","529","537","549","4","258","293","301","254","417"
"20224","11110600","가회동","11728","8729","2999","7","1263","4028","3519","2201","710","6","655","2966","2750","1810","542","1","608","1062","769","391","168"
"20224","11110690","창신3동","300","142","158","1","38","80","74","78","29","0","14","34","35","41","18","1","24","46","39","37","11"
"20224","11140550","명동","72930","42220","30710","107","11914","24562","19786","12954","3607","41","4764","12669","12754","9554","2438","66","7150","11893","7032","3400","1169"
"20224","11140570","필동","17346","8148","9198","41","2497","4384","5350","3789","1285","16","843","2169","2511","1781","828","25","1654","2215","2839","2008","457"
"20224","11170570","원효로2동","4609","3303","1306","17","726","1387","1277","740","462","7","416","989","980","547","364","10","310","398","297","193","98"
"20224","11170510","후암동","2324","1371","953","9","361","509","641","516","288","7","137","304","418","306","199","2","224","205","223","210","89"
"20224","11200540","마장동","7683","5451","2232","32","651","1345","1769","2510","1376","28","387","920","1288","1803","1025","4","264","425","481","707","351"
"20224","11200550","사근동","2650","1837","813","2","159","472","841","788","388","2","59","297","569","596","314","0","100","175","272","192","74"
"20224","11200535","왕십리도선동","5949","2726","3223","23","982","1143","1247","1456","1098","4","341","631","669","614","467","19","641","512","578","842","631"
"20224","11215850","구의1동","3628","2155","1473","9","515","899","1000","818","387","8","269","519","553","530","276","1","246","380","447","288","111"
"20224","11230740","이문1동","4076","1851","2225","3","781","1042","1081","784","385","2","164","402","537","471","275","1","617","640","544","313","110"
"20224","11230705","청량리동","4909","2614","2295","7","873","1407","941","916","765","5","334","799","527","516","433","2","539","608","414","400","332"
"20224","11260575","면목3?8동","3459","2159","1300","7","341","614","876","936","685","2","118","323","518","673","525","5","223","291","358","263","160"
"20224","11260690","신내2동","3776","2095","1681","8","503","948","927","926","464","5","209","446","476","601","358","3","294","502","451","325","106"
"20224","11260600","중화1동","1955","1034","921","0","231","422","496","461","345","0","87","173","241","257","276","0","144","249","255","204","69"
"20224","11290580","돈암1동","2329","1067","1262","9","677","705","484","321","133","0","162","352","257","181","115","9","515","353","227","140","18"
"20224","11290590","돈암2동","11726","7090","4636","44","1806","2813","3721","2083","1259","13","834","1672","2483","1535","553","31","972","1141","1238","548","706"
"20224","11305545","송중동","2249","1126","1123","13","239","363","636","577","421","11","98","158","279","282","298","2","141","205","357","295","123"
"20224","11320513","창3동","775","403","372","1","82","159","233","192","108","0","23","87","136","93","64","1","59","72","97","99","44"
"20224","11350665","상계3?4동","2343","1623","720","1","143","225","563","854","557","0","53","113","356","647","454","1","90","112","207","207","103"
"20224","11380631","신사1동","2475","1318","1157","2","267","513","566","607","520","0","108","252","308","291","359","2","159","261","258","316","161"
"20224","11380632","신사2동","1918","1332","586","5","228","379","473","475","358","5","169","255","279","313","311","0","59","124","194","162","47"
"20224","11380625","역촌동","4694","2257","2437","13","779","952","1204","1060","686","3","282","432","566","512","462","10","497","520","638","548","224"
"20224","11410520","천연동","1823","985","838","2","163","301","468","629","260","2","55","136","264","369","159","0","108","165","204","260","101"
"20224","11410685","홍은2동","5835","3769","2066","38","926","1570","1420","1250","631","32","524","1029","916","820","448","6","402","541","504","430","183"
"20224","11410640","홍제3동","1201","596","605","4","116","149","247","307","378","1","41","59","115","157","223","3","75","90","132","150","155"
"20224","11440555","아현동","11780","6477","5303","23","2240","3776","3328","2004","409","9","975","2113","1872","1217","291","14","1265","1663","1456","787","118"
"20224","11440680","합정동","5738","3211","2527","14","955","1644","1487","1049","589","11","379","809","935","673","404","3","576","835","552","376","185"
"20224","11470520","목2동","5530","3082","2448","4","766","1343","1466","1257","694","3","362","729","810","727","451","1","404","614","656","530","243"
"20224","11500603","가양1동","5337","3304","2033","4","589","1111","1212","1288","1133","2","247","674","720","830","831","2","342","437","492","458","302"
"20224","11500605","가양3동","3216","2060","1156","13","542","708","898","664","391","7","352","475","573","394","259","6","190","233","325","270","132"
"20224","11530720","고척1동","7767","5490","2277","7","690","1575","2040","2362","1093","5","361","1045","1423","1771","885","2","329","530","617","591","208"
"20224","11545640","독산4동","1765","991","774","2","225","303","376","416","443","1","128","180","220","205","257","1","97","123","156","211","186"
"20224","11560710","대림2동","4606","2336","2270","27","855","1092","1021","707","904","8","328","577","443","397","583","19","527","515","578","310","321"
"20224","11560720","대림3동","6057","3897","2160","17","635","1258","1552","1442","1153","5","328","877","1105","901","681","12","307","381","447","541","472"
"20224","11560515","영등포본동","5708","3229","2479","36","808","1406","1461","1375","622","15","347","711","835","853","468","21","461","695","626","522","154"
"20224","11590520","노량진2동","4687","2431","2256","11","746","1363","1135","951","481","3","389","592","527","608","312","8","357","771","608","343","169"
"20224","11590620","사당1동","3916","2054","1862","9","659","963","1044","718","523","4","217","469","523","427","414","5","442","494","521","291","109"
"20224","11590550","상도3동","1371","776","595","1","119","278","361","320","292","1","68","182","212","159","154","0","51","96","149","161","138"
"20224","11590680","신대방2동","22031","14020","8011","54","4027","4597","4124","5144","4085","30","3041","3521","2633","2623","2172","24","986","1076","1491","2521","1913"
"20224","11620775","난곡동","1481","807","674","0","165","296","361","425","234","0","68","153","180","237","169","0","97","143","181","188","65"
"20224","11620765","미성동","3689","2177","1512","28","364","650","866","953","828","22","226","379","483","494","573","6","138","271","383","459","255"
"20224","11650620","방배3동","17809","11648","6161","114","2781","5297","4805","2896","1916","37","1413","3322","3453","1995","1428","77","1368","1975","1352","901","488"
"20224","11680670","개포2동","9490","6220","3270","35","1658","2701","2271","1757","1068","14","884","1810","1564","1122","826","21","774","891","707","635","242"
"20224","11680630","대치4동","33305","20468","12837","149","5336","9904","9047","5656","3213","21","2296","5995","6187","3965","2004","128","3040","3909","2860","1691","1209"
"20224","11680655","도곡1동","40888","28978","11910","97","6985","9515","11398","10350","2543","71","3545","6237","8574","8481","2070","26","3440","3278","2824","1869","473"
"20224","11710532","거여2동","2952","1523","1429","13","377","486","723","879","474","6","209","286","369","394","259","7","168","200","354","485","215"
"20224","11710641","문정1동","34975","27013","7962","17","3178","6528","10070","13196","1986","9","1869","4711","7830","11299","1295","8","1309","1817","2240","1897","691"
"20224","11740540","명일2동","2874","1969","905","5","337","819","768","610","335","3","172","581","558","393","262","2","165","238","210","217","73"
"20224","11740660","성내3동","4641","2789","1852","15","658","1034","1162","962","810","13","344","656","703","541","532","2","314","378","459","421","278"
"20224","11740610","천호2동","3817","1970","1847","14","484","802","933","884","700","8","199","378","464","440","481","6","285","424","469","444","219"
"20224","11740620","천호3동","2763","1566","1197","3","170","305","475","502","1308","3","64","139","236","255","869","0","106","166","239","247","439"
"20203","11680660","개포1동","18376","11295","7081","74","2873","4869","4780","3809","1971","30","1298","2691","3296","2574","1406","44","1575","2178","1484","1235","565"
"20203","11680656","도곡2동","192577","131699","60878","923","36796","75687","55314","19948","3909","583","19659","51843","42526","14511","2577","340","17137","23844","12788","5437","1332"
"20203","11680640","역삼1동","170825","101049","69776","494","34443","51961","43997","29792","10138","189","16474","32429","28719","16126","7112","305","17969","19532","15278","13666","3026"
"20203","11680720","일원본동","36779","20548","16231","181","9454","10978","8976","5878","1312","82","3541","6120","5771","4133","901","99","5913","4858","3205","1745","411"
"20203","11710550","마천2동","2599","1634","965","1","266","601","708","658","365","0","158","375","403","395","303","1","108","226","305","263","62"
"20203","11710561","방이1동","9129","6671","2458","30","952","1771","2392","2432","1552","19","450","1125","1786","1953","1338","11","502","646","606","479","214"
"20203","11710580","송파1동","8660","5413","3247","19","1228","1938","2145","1877","1453","8","530","1150","1399","1255","1071","11","698","788","746","622","382"
"20203","11740690","둔촌1동","1519","845","674","2","191","367","379","391","189","2","92","205","217","206","123","0","99","162","162","185","66"
"20203","11740520","상일동","3611","1827","1784","6","521","804","899","953","428","2","177","402","542","432","272","4","344","402","357","521","156"
"20203","11110640","이화동","5235","2876","2359","13","804","1303","1339","1082","694","6","257","600","777","725","511","7","547","703","562","357","183"
"20203","11110680","창신2동","344","116","228","0","22","40","89","116","77","0","4","11","32","39","30","0","18","29","57","77","47"
"20203","11110560","평창동","23179","12994","10185","45","2878","6197","7579","5016","1464","18","1373","3171","4476","3013","943","27","1505","3026","3103","2003","521"
"20203","11140590","광희동","42508","21177","21331","438","12207","11215","8725","6715","3208","189","5936","6526","5053","2274","1199","249","6271","4689","3672","4441","2009"
"20203","11140680","중림동","4348","2429","1919","3","913","1392","1134","599","307","2","420","754","630","399","224","1","493","638","504","200","83"
"20203","11170650","이태원1동","13034","5712","7322","26","3821","5020","2528","1242","397","14","981","2109","1400","906","302","12","2840","2911","1128","336","95"
"20203","11170625","한강로동","47142","23273","23869","183","9616","14692","13436","6917","2298","87","3914","6875","6681","4207","1509","96","5702","7817","6755","2710","789"
"20203","11215860","구의2동","4204","2612","1592","56","598","727","1055","1126","642","24","306","400","689","739","454","32","292","327","366","387","188"
"20203","11215760","중곡3동","1489","932","557","4","181","361","396","333","214","0","97","252","232","209","142","4","84","109","164","124","72"
"20203","11230560","전농1동","1537","956","581","2","180","270","401","417","267","0","113","170","263","260","150","2","67","100","138","157","117"
"20203","11230570","전농2동","4013","2089","1924","4","468","848","1061","1068","564","1","193","397","571","552","375","3","275","451","490","516","189"
"20203","11260550","면목5동","1080","728","352","1","105","184","287","266","237","1","67","138","140","175","207","0","38","46","147","91","30"
"20203","11260565","면목본동","1764","942","822","1","239","402","450","411","261","0","88","202","232","232","188","1","151","200","218","179","73"
"20203","11290810","석관동","3732","2418","1314","15","344","584","700","754","1335","8","170","353","396","466","1025","7","174","231","304","288","310"
"20203","11290620","정릉1동","1152","621","531","6","149","206","258","298","235","1","41","74","129","183","193","5","108","132","129","115","42"
"20203","11305615","수유1동","1920","874","1046","2","205","347","488","555","323","0","58","142","208","241","225","2","147","205","280","314","98"
"20203","11320522","도봉2동","2128","1350","778","1","113","274","364","537","839","0","39","137","202","352","620","1","74","137","162","185","219"
"20203","11320511","창1동","1790","815","975","6","246","361","472","484","221","3","96","141","213","228","134","3","150","220","259","256","87"
"20203","11350600","공릉2동","7078","3252","3826","29","1186","1746","1707","1652","758","3","368","800","796","808","477","26","818","946","911","844","281"
"20203","11350640","상계2동","2484","1209","1275","6","342","425","617","634","460","3","127","236","291","302","250","3","215","189","326","332","210"
"20203","11350621","중계1동","2169","1191","978","4","284","476","650","541","214","3","119","259","345","297","168","1","165","217","305","244","46"
"20203","11380552","갈현2동","3915","2012","1903","9","404","778","1023","1035","666","7","187","434","483","463","438","2","217","344","540","572","228"
"20203","11380560","구산동","4328","2305","2023","11","537","811","958","1354","657","1","205","363","455","843","438","10","332","448","503","511","219"
"20203","11380530","불광2동","3113","1510","1603","2","194","431","503","653","1330","1","68","222","203","273","743","1","126","209","300","380","587"
"20203","11380590","응암2동","1048","669","379","1","133","138","236","299","241","1","75","75","138","179","201","0","58","63","98","120","40"
"20203","11410700","남가좌2동","1792","933","859","1","205","375","486","493","232","0","73","179","233","280","168","1","132","196","253","213","64"
"20203","11410720","북가좌2동","3057","1561","1496","8","472","602","675","756","544","4","143","304","374","410","326","4","329","298","301","346","218"
"20203","11440655","서강동","6283","3927","2356","43","1080","1516","1510","1228","906","27","531","894","993","811","671","16","549","622","517","417","235"
"20203","11440720","성산1동","5829","3864","1965","19","753","1219","1334","1134","1370","15","369","757","847","790","1086","4","384","462","487","344","284"
"20203","11440590","용강동","13701","8118","5583","13","2008","3377","3238","2712","2353","9","969","1995","2139","1574","1432","4","1039","1382","1099","1138","921"
"20203","11470580","신월3동","1679","963","716","2","177","310","382","494","314","0","66","132","204","310","251","2","111","178","178","184","63"
"20203","11470590","신월4동","1813","1221","592","1","108","222","423","574","485","1","50","117","246","383","424","0","58","105","177","191","61"
"20203","11500604","가양2동","2849","1494","1355","9","375","668","690","678","429","6","175","360","369","336","248","3","200","308","321","342","181"
"20203","11500630","방화1동","7575","5922","1653","10","805","1601","1852","2167","1140","7","575","1308","1478","1793","761","3","230","293","374","374","379"
"20203","11500560","화곡3동","5333","3288","2045","10","724","1292","1364","1226","717","7","390","860","825","689","517","3","334","432","539","537","200"
"20203","11545610","독산1동","12850","8228","4622","40","1027","1759","2150","2804","5070","34","604","1165","1369","1723","3333","6","423","594","781","1081","1737"
"20203","11545630","독산3동","4188","2958","1230","10","366","639","730","800","1643","2","195","372","390","474","1525","8","171","267","340","326","118"
"20203","11560550","당산1동","9078","5438","3640","15","1539","2557","2014","1676","1277","8","613","1428","1263","1168","958","7","926","1129","751","508","319"
"20203","11560660","신길4동","1248","617","631","2","211","297","315","295","128","0","75","138","153","159","92","2","136","159","162","136","36"
"20203","11560680","신길6동","2634","1646","988","10","289","619","687","570","459","7","144","384","416","357","338","3","145","235","271","213","121"
"20203","11590510","노량진1동","5875","3297","2578","18","766","1395","1471","1398","827","12","329","798","898","755","505","6","437","597","573","643","322"
"20203","11590540","상도2동","1732","887","845","6","212","400","459","414","241","0","94","212","243","207","131","6","118","188","216","207","110"
"20203","11620630","남현동","3714","2442","1272","5","617","926","1001","721","444","3","338","621","701","472","307","2","279","305","300","249","137"
"20203","11620575","행운동","4257","2373","1884","15","636","1035","1002","964","605","8","316","584","534","500","431","7","320","451","468","464","174"
"20203","11650581","반포4동","94714","83567","11147","80","9480","20099","25531","35193","4331","34","7191","16727","22658","33449","3508","46","2289","3372","2873","1744","823"
"20203","11650610","방배2동","16805","8184","8621","37","2831","4294","4601","3237","1805","8","985","1931","2132","1909","1219","29","1846","2363","2469","1328","586"
"20203","11650510","서초1동","47386","26528","20858","101","9928","12282","10432","11564","3079","39","3558","6616","6055","8015","2245","62","6370","5666","4377","3549","834"
"20203","11650540","잠원동","16302","9442","6860","68","3397","4796","4022","2503","1516","36","1340","2803","2667","1569","1027","32","2057","1993","1355","934","489"
"20203","11680750","수서동","18037","9516","8521","27","2570","4859","4850","3583","2148","15","1151","2611","2544","1902","1293","12","1419","2248","2306","1681","855"
"20203","11710632","가락2동","10171","6862","3309","22","1354","2162","2015","1893","2725","16","801","1478","1339","1132","2096","6","553","684","676","761","629"
"20203","11710720","잠실7동","14130","6338","7792","52","1984","2775","3999","4487","833","31","995","1820","1888","1074","530","21","989","955","2111","3413","303"
"20203","11740700","둔촌2동","4961","2239","2722","4","946","1293","1058","1026","634","2","281","537","526","489","404","2","665","756","532","537","230"
"20203","11110615","종로1?2?3?4가동","97451","53687","43764","1427","19755","29598","26670","15288","4713","620","8610","14862","15621","10763","3211","807","11145","14736","11049","4525","1502"
"20203","11140650","신당5동","871","462","409","5","105","184","211","191","175","5","47","83","108","101","118","0","58","101","103","90","57"
"20203","11140645","청구동","3104","1714","1390","6","455","830","727","664","422","3","157","432","465","413","244","3","298","398","262","251","178"
"20203","11170580","효창동","1644","932","712","3","218","412","462","363","186","2","103","243","275","183","126","1","115","169","187","180","60"
"20203","11200620","금호4가동","1331","791","540","1","151","308","365","323","183","1","56","159","235","202","138","0","95","149","130","121","45"
"20203","11200670","성수2가1동","10042","6355","3687","107","2280","2880","2284","1625","866","57","1033","1862","1557","1147","699","50","1247","1018","727","478","167"
"20203","11200790","용답동","4708","2845","1863","30","1172","1311","961","753","481","2","511","843","633","476","380","28","661","468","328","277","101"
"20203","11200570","행당2동","268","104","164","0","31","57","76","66","38","0","14","23","24","16","27","0","17","34","52","50","11"
"20203","11215780","능동","2288","1405","883","7","330","533","589","459","370","3","160","314","371","276","281","4","170","219","218","183","89"
"20203","11230545","제기동","5479","3268","2211","10","735","1334","1323","1152","925","3","312","789","843","680","641","7","423","545","480","472","284"
"20203","11230710","회기동","784","371","413","1","93","180","195","178","137","1","28","71","89","84","98","0","65","109","106","94","39"
"20203","11260660","망우3동","1076","573","503","1","96","157","257","314","251","1","35","66","120","172","179","0","61","91","137","142","72"
"20203","11260620","묵1동","2604","1240","1364","4","285","604","740","629","342","1","102","281","337","286","233","3","183","323","403","343","109"
"20203","11260610","중화2동","1532","868","664","9","181","236","386","343","377","7","89","111","195","197","269","2","92","125","191","146","108"
"20203","11290725","월곡2동","4825","3059","1766","6","757","1363","1166","854","679","1","379","896","712","512","559","5","378","467","454","342","120"
"20203","11290650","정릉4동","2401","1467","934","2","203","363","582","760","491","0","64","182","369","511","341","2","139","181","213","249","150"
"20203","11305555","송천동","1900","953","947","3","145","324","405","482","541","2","42","149","190","273","297","1","103","175","215","209","244"
"20203","11320521","도봉1동","2162","1429","733","1","104","246","486","761","564","1","26","129","286","544","443","0","78","117","200","217","121"
"20203","11320660","쌍문1동","1769","844","925","0","216","280","472","488","313","0","56","101","185","251","251","0","160","179","287","237","62"
"20203","11350611","하계1동","4631","2934","1697","10","541","947","1177","1316","640","7","252","547","704","929","495","3","289","400","473","387","145"
"20203","11380551","갈현1동","2607","1348","1259","11","445","605","620","564","362","7","183","321","312","288","237","4","262","284","308","276","125"
"20203","11380510","녹번동","5199","2759","2440","14","602","1221","1380","1375","607","9","291","593","665","805","396","5","311","628","715","570","211"
"20203","11380650","수색동","1766","1115","651","0","231","468","426","349","292","0","114","299","263","220","219","0","117","169","163","129","73"
"20203","11380600","응암3동","2243","1094","1149","1","246","524","620","544","308","0","93","261","288","251","201","1","153","263","332","293","107"
"20203","11380690","진관동","3595","1885","1710","4","367","871","969","867","517","2","170","543","543","367","260","2","197","328","426","500","257"
"20203","11410555","북아현동","1845","1353","492","0","191","416","503","517","218","0","82","314","396","401","160","0","109","102","107","116","58"
"20203","11410565","충현동","14173","8784","5389","22","1788","3587","3729","3349","1698","13","845","2173","2366","2194","1193","9","943","1414","1363","1155","505"
"20203","11440630","신수동","5675","3230","2445","14","686","1567","1578","1378","452","12","255","740","902","974","347","2","431","827","676","404","105"
"20203","11470540","목4동","2879","1741","1138","7","354","627","828","712","351","4","144","373","493","453","274","3","210","254","335","259","77"
"20203","11470640","신정3동","7022","4988","2034","7","565","1340","1751","1490","1869","1","271","806","1186","1041","1683","6","294","534","565","449","186"
"20203","11500520","등촌1동","8609","5163","3446","22","1724","2223","1900","1545","1195","13","636","1404","1311","1008","791","9","1088","819","589","537","404"
"20203","11500510","염창동","19659","9116","10543","50","3048","5769","5855","3303","1634","29","1102","2522","2356","1821","1286","21","1946","3247","3499","1482","348"
"20203","11530740","개봉1동","4844","2808","2036","9","463","1029","1149","1259","935","7","239","570","592","717","683","2","224","459","557","542","252"
"20203","11530530","구로2동","13937","8549","5388","41","1703","3217","3450","3483","2043","20","796","1900","2064","2280","1489","21","907","1317","1386","1203","554"
"20203","11530540","구로3동","52394","34315","18079","202","10890","17618","13256","6528","3900","132","5505","11682","9334","4548","3114","70","5385","5936","3922","1980","786"
"20203","11530800","항동","1601","998","603","2","147","323","512","371","246","1","53","172","316","264","192","1","94","151","196","107","54"
"20203","11545670","시흥1동","6679","3563","3116","15","926","1606","1587","1664","881","10","425","798","798","941","591","5","501","808","789","723","290"
"20203","11560560","당산2동","14108","9461","4647","48","2208","3163","3415","3108","2166","22","1130","1980","2383","2282","1664","26","1078","1183","1032","826","502"
"20203","11590630","사당2동","2674","1472","1202","15","427","777","722","492","241","6","208","472","426","226","134","9","219","305","296","266","107"
"20203","11590640","사당3동","3596","2099","1497","3","446","802","955","838","552","0","176","433","585","500","405","3","270","369","370","338","147"
"20203","11590605","흑석동","1446","824","622","2","197","319","389","321","218","1","100","177","223","176","147","1","97","142","166","145","71"
"20203","11620715","난향동","1315","649","666","1","151","289","365","283","226","0","41","132","152","144","180","1","110","157","213","139","46"
"20203","11620655","신원동","1011","576","435","5","113","213","247","244","189","3","60","118","146","143","106","2","53","95","101","101","83"
"20203","11620725","조원동","3254","2026","1228","7","613","788","789","699","358","2","285","513","503","469","254","5","328","275","286","230","104"
"20203","11650550","반포본동","24429","13311","11118","37","4041","8064","6985","4177","1125","22","1479","4403","3916","2614","877","15","2562","3661","3069","1563","248"
"20203","11650530","서초3동","68236","40512","27724","193","11708","20440","17471","12437","5987","88","4953","11908","11177","8110","4276","105","6755","8532","6294","4327","1711"
"20203","11680690","개포4동","8809","6333","2476","21","1063","1992","2481","2105","1147","9","526","1333","1880","1637","948","12","537","659","601","468","199"
"20203","11680510","신사동","27942","16647","11295","98","5802","8429","7084","4252","2277","41","2251","5152","4743","2778","1682","57","3551","3277","2341","1474","595"
"20203","11710642","문정2동","41453","26054","15399","81","5936","12616","12707","7337","2776","36","2842","7120","8712","5617","1727","45","3094","5496","3995","1720","1049"
"20203","11710610","삼전동","7762","5230","2532","5","936","1763","1740","1549","1769","5","530","1154","1145","951","1445","0","406","609","595","598","324"
"20203","11710600","석촌동","8870","5856","3014","20","1074","2021","2072","1815","1868","12","607","1458","1402","1073","1304","8","467","563","670","742","564"
"20203","11710590","송파2동","14196","8974","5222","63","2237","3514","3721","3393","1268","47","1080","2233","2681","2128","805","16","1157","1281","1040","1265","463"
"20203","11740560","고덕2동","1985","1260","725","0","118","259","426","694","488","0","27","115","243","481","394","0","91","144","183","213","94"
"20203","11740650","성내2동","2304","1410","894","7","391","474","511","467","454","3","252","290","298","287","280","4","139","184","213","180","174"
"20203","11740580","암사2동","2638","964","1674","3","269","441","620","793","512","3","97","204","251","229","180","0","172","237","369","564","332"
"20203","11110580","교남동","847","498","349","3","100","217","222","173","132","1","35","111","132","116","103","2","65","106","90","57","29"
"20203","11110550","부암동","4115","2286","1829","8","695","1179","1099","798","336","3","287","651","630","483","232","5","408","528","469","315","104"
"20203","11110700","숭인1동","460","210","250","1","87","99","102","101","70","0","16","42","51","53","48","1","71","57","51","48","22"
"20203","11110710","숭인2동","1942","998","944","9","288","341","456","464","384","5","89","162","255","278","209","4","199","179","201","186","175"
"20203","11110515","청운효자동","10628","6827","3801","65","1929","3064","2954","1874","742","7","842","1921","2196","1349","512","58","1087","1143","758","525","230"
"20203","11140625","다산동","6567","4125","2442","12","1165","2090","1574","1149","577","3","481","1432","1099","702","408","9","684","658","475","447","169"
"20203","11140520","소공동","77533","41196","36337","404","22441","24493","17068","10242","2885","116","7294","12188","12180","7491","1927","288","15147","12305","4888","2751","958"
"20203","11140615","신당동","3199","1726","1473","33","894","680","608","585","399","13","401","354","314","373","271","20","493","326","294","212","128"
"20203","11140580","장충동","10396","5498","4898","51","2383","2853","2688","1978","443","13","839","1601","1603","1139","303","38","1544","1252","1085","839","140"
"20203","11170660","이태원2동","1258","696","562","5","213","404","318","198","120","2","96","223","170","110","95","3","117","181","148","88","25"
"20203","11200660","성수1가2동","6301","4314","1987","24","1008","1280","1327","1359","1303","15","599","850","854","963","1033","9","409","430","473","396","270"
"20203","11215730","군자동","2363","1289","1074","5","295","494","527","536","506","2","119","258","304","283","323","3","176","236","223","253","183"
"20203","11215820","자양1동","12355","9722","2633","5","841","1746","3348","5029","1386","5","376","1117","2681","4367","1176","0","465","629","667","662","210"
"20203","11215750","중곡2동","2814","1604","1210","4","390","568","717","661","474","1","239","330","379","348","307","3","151","238","338","313","167"
"20203","11230600","답십리1동","6333","3031","3302","9","924","1297","1755","1680","668","4","626","866","637","452","446","5","298","431","1118","1228","222"
"20203","11260520","면목2동","1492","821","671","4","152","249","327","436","324","2","51","112","171","247","238","2","101","137","156","189","86"
"20203","11290575","동선동","2511","1246","1265","27","334","520","566","624","440","16","114","226","274","337","279","11","220","294","292","287","161"
"20203","11305534","삼양동","1087","628","459","5","145","205","255","257","220","3","60","98","133","160","174","2","85","107","122","97","46"
"20203","11305635","수유3동","3385","1724","1661","10","367","814","869","876","449","8","144","349","405","534","284","2","223","465","464","342","165"
"20203","11320700","방학2동","1017","474","543","0","95","205","247","208","262","0","40","102","115","103","114","0","55","103","132","105","148"
"20203","11320681","쌍문4동","1365","711","654","0","144","324","378","347","172","0","43","156","192","184","136","0","101","168","186","163","36"
"20203","11320512","창2동","2466","1391","1075","11","299","549","665","571","371","10","137","321","363","293","267","1","162","228","302","278","104"
"20203","11320514","창4동","2724","1708","1016","2","286","524","672","743","497","1","127","277","399","498","406","1","159","247","273","245","91"
"20203","11350619","중계본동","1798","881","917","8","209","368","445","499","269","6","100","188","195","227","165","2","109","180","250","272","104"
"20203","11380520","불광1동","3646","1607","2039","6","523","861","954","838","464","2","193","377","428","368","239","4","330","484","526","470","225"
"20203","11470530","목3동","2504","1376","1128","3","327","551","660","602","361","2","163","320","355","306","230","1","164","231","305","296","131"
"20203","11470560","신월1동","2247","1444","803","6","213","373","517","727","411","3","111","232","314","480","304","3","102","141","203","247","107"
"20203","11470620","신정1동","11571","6760","4811","51","2043","2900","2904","2459","1214","46","852","1805","1741","1428","888","5","1191","1095","1163","1031","326"
"20203","11470650","신정4동","7226","3988","3238","16","1221","1286","1376","1506","1821","8","376","629","698","817","1460","8","845","657","678","689","361"
"20203","11500611","발산1동","3230","1862","1368","4","229","472","852","1035","638","2","103","237","408","598","514","2","126","235","444","437","124"
"20203","11500593","화곡8동","2037","1114","923","7","298","523","565","373","271","6","135","286","282","223","182","1","163","237","283","150","89"
"20203","11530790","수궁동","3693","2490","1203","23","382","709","841","1029","709","20","234","445","526","700","565","3","148","264","315","329","144"
"20203","11530510","신도림동","13037","8565","4472","38","2126","4038","3175","2358","1302","18","890","2755","2286","1629","987","20","1236","1283","889","729","315"
"20203","11530780","오류2동","2785","1685","1100","4","281","624","732","696","448","1","120","353","422","440","349","3","161","271","310","256","99"
"20203","11545690","시흥3동","7990","4735","3255","17","592","1163","1847","2084","2287","8","314","754","1071","1135","1453","9","278","409","776","949","834"
"20203","11545700","시흥4동","1558","936","622","16","243","318","440","378","163","12","148","218","263","176","119","4","95","100","177","202","44"
"20203","11545710","시흥5동","1721","1012","709","21","247","398","427","359","269","15","130","260","249","185","173","6","117","138","178","174","96"
"20203","11560700","대림1동","2425","937","1488","0","785","549","491","412","188","0","166","197","240","208","126","0","619","352","251","204","62"
"20203","11560610","양평1동","12821","7428","5393","53","2537","2953","2834","2570","1874","22","1298","1886","1691","1321","1210","31","1239","1067","1143","1249","664"
"20203","11590650","사당4동","1399","726","673","5","155","229","303","271","436","4","59","115","137","126","285","1","96","114","166","145","151"
"20203","11590651","사당5동","1931","1038","893","2","242","468","579","457","183","1","112","219","297","257","152","1","130","249","282","200","31"
"20203","11620745","삼성동","1795","991","804","9","195","365","476","476","274","2","83","180","251","260","215","7","112","185","225","216","59"
"20203","11620565","성현동","7335","2785","4550","55","1046","1290","1680","2205","1059","31","479","676","763","595","241","24","567","614","917","1610","818"
"20203","11650660","내곡동","14211","9232","4979","62","2050","2934","2992","3044","3129","53","1454","2116","2049","1745","1815","9","596","818","943","1299","1314"
"20203","11650560","반포1동","7332","4498","2834","9","1338","2420","1829","1125","611","2","633","1581","1213","625","444","7","705","839","616","500","167"
"20203","11650580","반포3동","8637","4815","3822","20","1367","2193","1912","1729","1416","7","578","1294","1265","1001","670","13","789","899","647","728","746"
"20203","11680521","논현1동","41576","24313","17263","162","10856","12491","8831","5739","3497","68","4624","7421","5950","3705","2545","94","6232","5070","2881","2034","952"
"20203","11680600","대치1동","20053","10683","9370","37","3668","6545","4998","3118","1687","15","1378","3248","2827","1994","1221","22","2290","3297","2171","1124","466"
"20203","11680545","압구정동","44490","25047","19443","256","9903","13905","10212","6655","3559","102","3671","7810","6873","4381","2210","154","6232","6095","3339","2274","1349"
"20203","11710570","오금동","27438","19217","8221","45","3630","6522","6925","6613","3703","29","2126","4408","5118","5012","2524","16","1504","2114","1807","1601","1179"
"20203","11710566","오륜동","25084","14536","10548","45","4062","7583","6511","5022","1861","14","1636","3946","4187","3325","1428","31","2426","3637","2324","1697","433"
"20203","11710680","잠실3동","21831","14806","7025","108","3990","5469","5434","4132","2698","48","2079","3783","4024","2965","1907","60","1911","1686","1410","1167","791"
"20203","11740515","강일동","1357","886","471","0","196","292","374","333","162","0","98","199","237","215","137","0","98","93","137","118","25"
"20203","11740550","고덕1동","2188","1136","1052","0","240","487","569","526","366","0","108","271","280","241","236","0","132","216","289","285","130"
"20203","11740685","길동","9468","4805","4663","25","1369","1886","2128","2298","1762","15","541","1001","1136","1055","1057","10","828","885","992","1243","705"
"20203","11740530","명일1동","4220","2357","1863","9","623","1131","1061","762","634","4","293","679","693","390","298","5","330","452","368","372","336"
"20203","11740570","암사1동","3940","2413","1527","6","504","843","830","791","966","2","246","550","529","537","549","4","258","293","301","254","417"
"20203","11110600","가회동","11728","8729","2999","7","1263","4028","3519","2201","710","6","655","2966","2750","1810","542","1","608","1062","769","391","168"
"20203","11110690","창신3동","300","142","158","1","38","80","74","78","29","0","14","34","35","41","18","1","24","46","39","37","11"
"20203","11140550","명동","72930","42220","30710","107","11914","24562","19786","12954","3607","41","4764","12669","12754","9554","2438","66","7150","11893","7032","3400","1169"
"20203","11140570","필동","17346","8148","9198","41","2497","4384","5350","3789","1285","16","843","2169","2511","1781","828","25","1654","2215","2839","2008","457"
"20203","11170570","원효로2동","4609","3303","1306","17","726","1387","1277","740","462","7","416","989","980","547","364","10","310","398","297","193","98"
"20203","11170510","후암동","2324","1371","953","9","361","509","641","516","288","7","137","304","418","306","199","2","224","205","223","210","89"
"20203","11200540","마장동","7683","5451","2232","32","651","1345","1769","2510","1376","28","387","920","1288","1803","1025","4","264","425","481","707","351"
"20203","11200550","사근동","2650","1837","813","2","159","472","841","788","388","2","59","297","569","596","314","0","100","175","272","192","74"
"20203","11200535","왕십리도선동","5949","2726","3223","23","982","1143","1247","1456","1098","4","341","631","669","614","467","19","641","512","578","842","631"
"20203","11215850","구의1동","3628","2155","1473","9","515","899","1000","818","387","8","269","519","553","530","276","1","246","380","447","288","111"
"20203","11230740","이문1동","4076","1851","2225","3","781","1042","1081","784","385","2","164","402","537","471","275","1","617","640","544","313","110"
"20203","11230705","청량리동","4909","2614","2295","7","873","1407","941","916","765","5","334","799","527","516","433","2","539","608","414","400","332"
"20203","11260575","면목3?8동","3459","2159","1300","7","341","614","876","936","685","2","118","323","518","673","525","5","223","291","358","263","160"
"20203","11260690","신내2동","3776","2095","1681","8","503","948","927","926","464","5","209","446","476","601","358","3","294","502","451","325","106"
"20203","11260600","중화1동","1955","1034","921","0","231","422","496","461","345","0","87","173","241","257","276","0","144","249","255","204","69"
"20203","11290580","돈암1동","2329","1067","1262","9","677","705","484","321","133","0","162","352","257","181","115","9","515","353","227","140","18"
"20203","11290590","돈암2동","11726","7090","4636","44","1806","2813","3721","2083","1259","13","834","1672","2483","1535","553","31","972","1141","1238","548","706"
"20203","11305545","송중동","2249","1126","1123","13","239","363","636","577","421","11","98","158","279","282","298","2","141","205","357","295","123"
"20203","11320513","창3동","775","403","372","1","82","159","233","192","108","0","23","87","136","93","64","1","59","72","97","99","44"
"20203","11350665","상계3?4동","2343","1623","720","1","143","225","563","854","557","0","53","113","356","647","454","1","90","112","207","207","103"
"20203","11380631","신사1동","2475","1318","1157","2","267","513","566","607","520","0","108","252","308","291","359","2","159","261","258","316","161"
"20203","11380632","신사2동","1918","1332","586","5","228","379","473","475","358","5","169","255","279","313","311","0","59","124","194","162","47"
"20203","11380625","역촌동","4694","2257","2437","13","779","952","1204","1060","686","3","282","432","566","512","462","10","497","520","638","548","224"
"20203","11410520","천연동","1823","985","838","2","163","301","468","629","260","2","55","136","264","369","159","0","108","165","204","260","101"
"20203","11410685","홍은2동","5835","3769","2066","38","926","1570","1420","1250","631","32","524","1029","916","820","448","6","402","541","504","430","183"
"20203","11410640","홍제3동","1201","596","605","4","116","149","247","307","378","1","41","59","115","157","223","3","75","90","132","150","155"
"20203","11440555","아현동","11780","6477","5303","23","2240","3776","3328","2004","409","9","975","2113","1872","1217","291","14","1265","1663","1456","787","118"
"20203","11440680","합정동","5738","3211","2527","14","955","1644","1487","1049","589","11","379","809","935","673","404","3","576","835","552","376","185"
"20203","11470520","목2동","5530","3082","2448","4","766","1343","1466","1257","694","3","362","729","810","727","451","1","404","614","656","530","243"
"20203","11500603","가양1동","5337","3304","2033","4","589","1111","1212","1288","1133","2","247","674","720","830","831","2","342","437","492","458","302"
"20203","11500605","가양3동","3216","2060","1156","13","542","708","898","664","391","7","352","475","573","394","259","6","190","233","325","270","132"
"20203","11530720","고척1동","7767","5490","2277","7","690","1575","2040","2362","1093","5","361","1045","1423","1771","885","2","329","530","617","591","208"
"20203","11545640","독산4동","1765","991","774","2","225","303","376","416","443","1","128","180","220","205","257","1","97","123","156","211","186"
"20203","11560710","대림2동","4606","2336","2270","27","855","1092","1021","707","904","8","328","577","443","397","583","19","527","515","578","310","321"
"20203","11560720","대림3동","6057","3897","2160","17","635","1258","1552","1442","1153","5","328","877","1105","901","681","12","307","381","447","541","472"
"20203","11560515","영등포본동","5708","3229","2479","36","808","1406","1461","1375","622","15","347","711","835","853","468","21","461","695","626","522","154"
"20203","11590520","노량진2동","4687","2431","2256","11","746","1363","1135","951","481","3","389","592","527","608","312","8","357","771","608","343","169"
"20203","11590620","사당1동","3916","2054","1862","9","659","963","1044","718","523","4","217","469","523","427","414","5","442","494","521","291","109"
"20203","11590550","상도3동","1371","776","595","1","119","278","361","320","292","1","68","182","212","159","154","0","51","96","149","161","138"
"20203","11590680","신대방2동","22031","14020","8011","54","4027","4597","4124","5144","4085","30","3041","3521","2633","2623","2172","24","986","1076","1491","2521","1913"
"20203","11620775","난곡동","1481","807","674","0","165","296","361","425","234","0","68","153","180","237","169","0","97","143","181","188","65"
"20203","11620765","미성동","3689","2177","1512","28","364","650","866","953","828","22","226","379","483","494","573","6","138","271","383","459","255"
"20203","11650620","방배3동","17809","11648","6161","114","2781","5297","4805","2896","1916","37","1413","3322","3453","1995","1428","77","1368","1975","1352","901","488"
"20203","11680670","개포2동","9490","6220","3270","35","1658","2701","2271","1757","1068","14","884","1810","1564","1122","826","21","774","891","707","635","242"
"20203","11680630","대치4동","33305","20468","12837","149","5336","9904","9047","5656","3213","21","2296","5995","6187","3965","2004","128","3040","3909","2860","1691","1209"
"20203","11680655","도곡1동","40888","28978","11910","97","6985","9515","11398","10350","2543","71","3545","6237","8574","8481","2070","26","3440","3278","2824","1869","473"
"20203","11710532","거여2동","2952","1523","1429","13","377","486","723","879","474","6","209","286","369","394","259","7","168","200","354","485","215"
"20203","11710641","문정1동","34975","27013","7962","17","3178","6528","10070","13196","1986","9","1869","4711","7830","11299","1295","8","1309","1817","2240","1897","691"
"20203","11740540","명일2동","2874","1969","905","5","337","819","768","610","335","3","172","581","558","393","262","2","165","238","210","217","73"
"20203","11740660","성내3동","4641","2789","1852","15","658","1034","1162","962","810","13","344","656","703","541","532","2","314","378","459","421","278"
"20203","11740610","천호2동","3817","1970","1847","14","484","802","933","884","700","8","199","378","464","440","481","6","285","424","469","444","219"
"20203","11740620","천호3동","2763","1566","1197","3","170","305","475","502","1308","3","64","139","236","255","869","0","106","166","239","247","439"
"20204","11110530","사직동","47822","29932","17890","53","6303","13536","14415","9470","4045","14","2635","8315","9863","6619","2486","39","3668","5221","4552","2851","1559"
"20204","11170700","보광동","1059","532","527","1","137","225","268","258","170","1","26","109","139","145","112","0","111","116","129","113","58"
"20204","11170520","용산2가동","1795","1266","529","0","150","298","628","603","116","0","59","164","490","472","81","0","91","134","138","131","35"
"20204","11170640","이촌2동","2906","1976","930","8","411","803","858","630","196","3","184","508","647","491","143","5","227","295","211","139","53"
"20204","11200615","금호2?3가동","697","365","332","0","81","125","162","160","169","0","19","50","81","89","126","0","62","75","81","71","43"
"20204","11200645","옥수동","4791","1847","2944","5","1224","1430","1086","718","328","0","306","528","505","336","172","5","918","902","581","382","156"
"20204","11215810","광장동","16633","10092","6541","181","5160","4368","3223","2556","1145","56","2475","2824","2177","1712","848","125","2685","1544","1046","844","297"
"20204","11215830","자양2동","5005","3083","1922","20","716","1123","1284","1268","594","12","473","710","764","692","432","8","243","413","520","576","162"
"20204","11215847","자양4동","1152","729","423","6","101","178","269","290","308","5","46","95","157","184","242","1","55","83","112","106","66"
"20204","11215740","중곡1동","5496","2668","2828","82","1416","1044","1099","1287","568","28","605","563","545","517","410","54","811","481","554","770","158"
"20204","11230536","용신동","23899","12377","11522","56","2872","5303","5905","5893","3870","28","1358","3033","3112","2709","2137","28","1514","2270","2793","3184","1733"
"20204","11230720","휘경1동","1421","830","591","5","153","273","354","367","269","1","58","153","224","248","146","4","95","120","130","119","123"
"20204","11230730","휘경2동","4402","2273","2129","7","589","968","1138","1052","648","4","174","461","596","562","476","3","415","507","542","490","172"
"20204","11260655","망우본동","3417","1787","1630","14","378","624","763","1020","618","1","129","239","359","562","497","13","249","385","404","458","121"
"20204","11260570","면목7동","1410","772","638","2","173","268","338","383","246","2","59","120","177","222","192","0","114","148","161","161","54"
"20204","11260630","묵2동","2062","1388","674","1","299","504","494","556","208","1","171","341","326","406","143","0","128","163","168","150","65"
"20204","11260680","신내1동","4245","2030","2215","1","751","928","780","1114","671","1","204","390","376","549","510","0","547","538","404","565","161"
"20204","11290685","길음2동","722","307","415","3","80","138","190","198","113","2","35","58","87","70","55","1","45","80","103","128","58"
"20204","11290525","성북동","23717","18050","5667","44","3093","5817","6878","6849","1036","13","1710","4056","5451","6104","716","31","1383","1761","1427","745","320"
"20204","11290780","장위3동","1195","728","467","6","175","228","252","297","237","2","65","121","143","188","209","4","110","107","109","109","28"
"20204","11290705","종암동","22158","11647","10511","63","1867","5592","7813","6324","499","13","799","2048","3570","4921","296","50","1068","3544","4243","1403","203"
"20204","11305535","미아동","1850","1039","811","2","199","342","519","499","289","2","86","168","289","302","192","0","113","174","230","197","97"
"20204","11305608","번3동","1263","689","574","11","130","211","308","355","248","7","51","100","168","196","167","4","79","111","140","159","81"
"20204","11305660","인수동","4298","2498","1800","5","441","856","1098","1224","674","3","164","453","662","728","488","2","277","403","436","496","186"
"20204","11320690","방학1동","6582","3804","2778","14","664","1442","1618","1954","890","11","355","839","836","1104","659","3","309","603","782","850","231"
"20204","11320670","쌍문2동","1469","825","644","1","171","253","341","415","288","0","53","115","179","260","218","1","118","138","162","155","70"
"20204","11350720","상계10동","1064","449","615","0","164","226","285","302","87","0","35","95","112","144","63","0","129","131","173","158","24"
"20204","11350570","월계2동","1268","617","651","8","146","281","342","348","143","6","54","111","154","182","110","2","92","170","188","166","33"
"20204","11410710","북가좌1동","1739","1357","382","0","49","113","193","345","1039","0","16","52","88","234","967","0","33","61","105","111","72"
"20204","11410655","홍제2동","739","379","360","0","113","162","187","163","114","0","40","107","95","79","58","0","73","55","92","84","56"
"20204","11440585","도화동","13141","7986","5155","24","2416","3200","3302","2929","1270","12","1264","2199","2176","1526","809","12","1152","1001","1126","1403","461"
"20204","11440740","상암동","15320","9403","5917","39","3231","5547","4162","1731","610","17","1420","3496","2771","1209","490","22","1811","2051","1391","522","120"
"20204","11440660","서교동","26960","13797","13163","135","5627","7574","6249","4402","2973","88","2301","3787","3449","2331","1841","47","3326","3787","2800","2071","1132"
"20204","11440710","연남동","3213","1975","1238","4","517","760","777","678","477","4","232","412","461","463","403","0","285","348","316","215","74"
"20204","11500535","등촌3동","15368","8147","7221","44","1901","3264","3431","3801","2927","22","831","1785","2013","1850","1646","22","1070","1479","1418","1951","1281"
"20204","11500640","방화2동","3390","2190","1200","9","367","654","764","880","716","8","200","392","490","561","539","1","167","262","274","319","177"
"20204","11500641","방화3동","5011","3236","1775","7","488","1063","1262","1375","816","5","248","561","780","968","674","2","240","502","482","407","142"
"20204","11500570","화곡4동","2710","1207","1503","3","637","730","552","506","282","2","151","317","267","269","201","1","486","413","285","237","81"
"20204","11500590","화곡본동","2983","1681","1302","13","337","586","716","710","621","11","127","318","406","374","445","2","210","268","310","336","176"
"20204","11530595","가리봉동","972","454","518","1","95","161","224","209","282","0","42","74","102","83","153","1","53","87","122","126","129"
"20204","11530520","구로1동","4769","2813","1956","5","551","1184","1128","986","915","3","307","754","763","603","383","2","244","430","365","383","532"
"20204","11530770","오류1동","4294","2719","1575","14","556","798","1050","1234","642","7","393","537","636","709","437","7","163","261","414","525","205"
"20204","11560650","신길3동","1332","863","469","2","100","223","302","327","378","2","41","133","192","209","286","0","59","90","110","118","92"
"20204","11560690","신길7동","2693","1837","856","6","318","515","610","768","476","4","198","350","406","493","386","2","120","165","204","275","90"
"20204","11590530","상도1동","6189","3568","2621","10","958","1525","1507","1366","823","2","406","854","904","844","558","8","552","671","603","522","265"
"20204","11620525","보라매동","1838","943","895","8","253","408","426","448","295","3","107","206","219","212","196","5","146","202","207","236","99"
"20204","11620695","신림동","1946","1168","778","4","173","275","462","443","589","1","63","144","255","257","448","3","110","131","207","186","141"
"20204","11620615","중앙동","1420","666","754","3","174","256","327","381","279","2","71","125","154","182","132","1","103","131","173","199","147"
"20204","11620545","청림동","2705","1543","1162","4","408","900","885","393","115","3","178","504","529","253","76","1","230","396","356","140","39"
"20204","11650600","방배1동","19003","12553","6450","92","3748","5826","4604","3465","1268","61","1778","3553","3393","2828","940","31","1970","2273","1211","637","328"
"20204","11650531","서초4동","37488","21433","16055","138","7320","11471","9418","6641","2500","63","2783","6553","6110","4162","1762","75","4537","4918","3308","2479","738"
"20204","11680531","논현2동","55372","35328","20044","151","10602","16012","13330","8967","6310","47","4602","9575","9465","6803","4836","104","6000","6437","3865","2164","1474"
"20204","11680580","삼성1동","130157","87840","42317","310","26223","39031","34864","23107","6622","153","14094","25801","25719","18114","3959","157","12129","13230","9145","4993","2663"
"20204","11710631","가락1동","5913","4134","1779","0","404","1101","1627","1695","1086","0","271","843","1198","1111","711","0","133","258","429","584","375"
"20204","11710540","마천1동","955","471","484","2","112","201","273","249","118","1","46","98","129","118","79","1","66","103","144","131","39"
"20204","11710510","풍납1동","1718","964","754","1","228","386","435","451","217","1","120","208","229","240","166","0","108","178","206","211","51"
"20204","11710520","풍납2동","23596","11568","12028","3","5113","8054","5886","3553","987","0","1384","4183","3091","2173","737","3","3729","3871","2795","1380","250"
"20204","11740640","성내1동","17072","11605","5467","42","2020","3567","3667","4407","3369","17","1169","2225","2403","3188","2603","25","851","1342","1264","1219","766"
"20204","11110570","무악동","608","169","439","7","168","169","147","80","37","6","35","32","47","26","23","1","133","137","100","54","14"
"20204","11140665","동화동","1504","682","822","2","239","362","395","319","187","1","62","126","191","176","126","1","177","236","204","143","61"
"20204","11140635","약수동","17658","6830","10828","51","2837","6596","4891","2424","859","11","862","2322","1622","1389","624","40","1975","4274","3269","1035","235"
"20204","11140605","을지로동","15914","8662","7252","70","3844","3863","3457","2755","1925","17","1005","2127","2244","1916","1353","53","2839","1736","1213","839","572"
"20204","11170530","남영동","21173","8924","12249","187","8038","5217","4031","2705","995","22","1507","2802","2399","1454","740","165","6531","2415","1632","1251","255"
"20204","11170685","한남동","41934","30661","11273","135","6886","12388","11000","9625","1900","89","3268","8250","8923","8616","1515","46","3618","4138","2077","1009","385"
"20204","11200650","성수1가1동","3550","2228","1322","3","452","745","793","940","617","1","207","466","510","640","404","2","245","279","283","300","213"
"20204","11200520","왕십리2동","1259","746","513","2","175","319","360","269","134","2","85","169","221","170","99","0","90","150","139","99","35"
"20204","11200580","응봉동","1688","695","993","12","400","449","373","285","169","2","89","156","175","146","127","10","311","293","198","139","42"
"20204","11200560","행당1동","2359","1588","771","1","298","491","600","671","298","0","148","303","414","507","216","1","150","188","186","164","82"
"20204","11215870","구의3동","12940","7885","5055","27","1521","2728","3129","3229","2306","8","873","1900","2126","1661","1317","19","648","828","1003","1568","989"
"20204","11230660","장안2동","6304","3377","2927","46","1936","1218","1256","1163","685","27","1005","698","580","567","500","19","931","520","676","596","185"
"20204","11290715","월곡1동","2594","1577","1017","4","204","338","530","555","963","4","76","163","278","360","696","0","128","175","252","195","267"
"20204","11290770","장위2동","1746","1050","696","3","158","292","415","420","458","2","57","144","233","260","354","1","101","148","182","160","104"
"20204","11290640","정릉3동","2441","1649","792","15","383","695","593","440","315","14","207","494","418","314","202","1","176","201","175","126","113"
"20204","11305595","번1동","2555","1499","1056","2","322","516","510","657","548","0","139","316","307","420","317","2","183","200","203","237","231"
"20204","11305575","삼각산동","1296","708","588","1","227","343","406","210","109","0","93","192","227","105","91","1","134","151","179","105","18"
"20204","11305625","수유2동","2222","1180","1042","1","105","171","422","658","865","0","30","90","266","448","346","1","75","81","156","210","519"
"20204","11305645","우이동","2841","1745","1096","4","171","263","394","669","1340","3","51","126","214","460","891","1","120","137","180","209","449"
"20204","11320515","창5동","7114","4495","2619","9","821","1589","1757","1497","1441","7","428","1090","1177","820","973","2","393","499","580","677","468"
"20204","11350595","공릉1동","6301","3404","2897","8","659","982","1376","1729","1547","4","299","541","682","893","985","4","360","441","694","836","562"
"20204","11350700","상계8동","1180","616","564","3","167","344","290","263","113","1","59","215","121","143","77","2","108","129","169","120","36"
"20204","11410690","남가좌1동","3997","2401","1596","11","278","509","695","992","1512","8","190","341","440","522","900","3","88","168","255","470","612"
"20204","11440565","공덕동","14467","8329","6138","84","3210","3917","3860","2545","851","33","1283","2076","2451","1878","608","51","1927","1841","1409","667","243"
"20204","11440610","염리동","3956","2587","1369","75","736","884","795","861","605","27","372","596","586","593","413","48","364","288","209","268","192"
"20204","11470550","목5동","31153","18954","12199","114","5058","8049","7547","6516","3869","55","2331","4850","4764","4269","2685","59","2727","3199","2783","2247","1184"
"20204","11470570","신월2동","2996","1737","1259","12","259","472","804","817","632","9","142","279","419","437","451","3","117","193","385","380","181"
"20204","11470670","신정6동","18155","11030","7125","92","3488","5238","4247","3672","1418","74","1698","3218","2712","2347","981","18","1790","2020","1535","1325","437"
"20204","11500540","화곡1동","5031","2822","2209","21","535","1016","1247","1402","810","17","249","591","676","789","500","4","286","425","571","613","310"
"20204","11530750","개봉2동","8038","3972","4066","37","1415","1946","1909","1903","828","17","804","1236","844","639","432","20","611","710","1065","1264","396"
"20204","11530730","고척2동","3143","1958","1185","10","356","698","794","841","444","7","220","440","469","485","337","3","136","258","325","356","107"
"20204","11530560","구로5동","14392","9095","5297","44","2014","3370","3745","3190","2029","33","1138","2322","2481","1889","1232","11","876","1048","1264","1301","797"
"20204","11560620","양평2동","14774","8451","6323","38","2693","4021","4060","2540","1422","15","1180","2429","2300","1491","1036","23","1513","1592","1760","1049","386"
"20204","11560535","영등포동","14217","7943","6274","48","2615","3539","3349","2794","1872","14","977","1979","2088","1652","1233","34","1638","1560","1261","1142","639"
"20204","11590670","신대방1동","7418","4694","2724","24","1422","2370","1722","1183","697","14","724","1528","1188","772","468","10","698","842","534","411","229"
"20204","11620645","서원동","2912","1206","1706","5","563","630","529","646","539","2","143","260","265","235","301","3","420","370","264","411","238"
"20204","11620625","인헌동","3435","1976","1459","13","701","985","867","536","333","5","324","608","515","277","247","8","377","377","352","259","86"
"20204","11620595","청룡동","6665","3660","3005","8","1087","1894","1590","1510","576","3","433","957","884","988","395","5","654","937","706","522","181"
"20204","11650570","반포2동","9861","5872","3989","18","1652","3059","2563","1656","913","10","723","1849","1650","999","641","8","929","1210","913","657","272"
"20204","11650520","서초2동","67858","45080","22778","159","14201","22383","16994","10387","3734","54","7752","15121","11691","7781","2681","105","6449","7262","5303","2606","1053"
"20204","11650652","양재2동","43401","32515","10886","106","5761","10598","12175","11422","3339","59","3488","7792","9341","9309","2526","47","2273","2806","2834","2113","813"
"20204","11680740","일원2동","5600","3682","1918","17","832","1447","1587","1319","398","5","407","891","1091","992","296","12","425","556","496","327","102"
"20204","11710620","가락본동","27955","16882","11073","89","3790","6716","6396","5452","5512","37","1813","4194","4281","3158","3399","52","1977","2522","2115","2294","2113"
"20204","11710562","방이2동","24911","14324","10587","53","4019","6387","5622","5295","3535","37","2261","4157","3442","2476","1951","16","1758","2230","2180","2819","1584"
"20204","11710670","잠실2동","7793","5196","2597","10","1494","2265","2042","1556","426","9","938","1589","1387","1026","247","1","556","676","655","530","179"
"20204","11740600","천호1동","2450","1407","1043","6","246","461","597","573","567","1","100","239","304","336","427","5","146","222","293","237","140"
"20204","11110540","삼청동","5862","4751","1111","3","726","1549","1817","1381","386","0","460","1187","1543","1230","331","3","266","362","274","151","55"
"20204","11110630","종로5?6가동","15588","9737","5851","407","3613","4484","3824","2369","891","114","1498","2891","2796","1819","619","293","2115","1593","1028","550","272"
"20204","11110670","창신1동","1307","566","741","1","117","231","397","315","246","0","47","88","128","140","163","1","70","143","269","175","83"
"20204","11110650","혜화동","6669","3263","3406","30","1094","1790","1598","1324","833","22","380","867","848","687","459","8","714","923","750","637","374"
"20204","11170690","서빙고동","14416","9448","4968","37","2566","4289","4433","2273","818","15","1228","2510","3241","1816","638","22","1338","1779","1192","457","180"
"20204","11170590","용문동","2710","1570","1140","11","527","732","741","503","196","7","221","430","439","338","135","4","306","302","302","165","61"
"20204","11170560","원효로1동","4677","3188","1489","21","727","1266","1220","852","591","12","430","908","848","583","407","9","297","358","372","269","184"
"20204","11170630","이촌1동","10866","6950","3916","53","1764","2919","3039","2219","872","34","876","1798","2142","1493","607","19","888","1121","897","726","265"
"20204","11170555","청파동","4834","2581","2253","14","753","1213","1147","1014","693","8","264","562","606","621","520","6","489","651","541","393","173"
"20204","11200590","금호1가동","2304","858","1446","15","272","750","937","260","70","0","88","248","371","102","49","15","184","502","566","158","21"
"20204","11200720","송정동","1247","754","493","1","181","290","313","250","212","0","88","178","172","148","168","1","93","112","141","102","44"
"20204","11215770","중곡4동","5044","2482","2562","6","871","1221","1285","1169","492","4","254","568","628","634","394","2","617","653","657","535","98"
"20204","11215710","화양동","2662","1687","975","9","348","425","650","775","455","4","133","230","426","533","361","5","215","195","224","242","94"
"20204","11230610","답십리2동","4215","3060","1155","32","687","954","962","850","730","28","504","727","697","583","521","4","183","227","265","267","209"
"20204","11230750","이문2동","2210","1168","1042","2","268","474","498","560","408","1","93","229","233","307","305","1","175","245","265","253","103"
"20204","11230650","장안1동","10768","6778","3990","34","1470","2114","2327","2359","2464","26","880","1351","1448","1427","1646","8","590","763","879","932","818"
"20204","11260540","면목4동","1624","1162","462","2","121","264","432","588","217","1","55","160","292","481","173","1","66","104","140","107","44"
"20204","11290660","길음1동","6329","3095","3234","419","2211","1546","1057","690","406","176","957","813","522","320","307","243","1254","733","535","370","99"
"20204","11290610","보문동","6952","5271","1681","6","667","2047","1463","1460","1309","2","365","1644","1172","1170","918","4","302","403","291","290","391"
"20204","11290555","삼선동","6459","3237","3222","8","699","1546","1938","1603","665","4","247","667","937","1001","381","4","452","879","1001","602","284"
"20204","11290760","장위1동","1324","690","634","2","238","278","309","277","220","1","110","154","156","135","134","1","128","124","153","142","86"
"20204","11290630","정릉2동","1757","773","984","0","286","418","473","380","200","0","74","179","186","185","149","0","212","239","287","195","51"
"20204","11305603","번2동","1380","655","725","1","201","205","357","391","225","0","85","107","157","187","119","1","116","98","200","204","106"
"20204","11350630","상계1동","5569","3527","2042","23","644","1148","1345","1414","995","18","369","775","875","881","609","5","275","373","470","533","386"
"20204","11350670","상계5동","1861","927","934","5","128","213","314","464","737","2","52","114","139","210","410","3","76","99","175","254","327"
"20204","11350695","상계6?7동","6346","2810","3536","19","890","1498","1624","1611","704","11","233","564","725","883","394","8","657","934","899","728","310"
"20204","11350560","월계1동","2778","1511","1267","13","430","656","717","544","418","5","200","395","362","278","271","8","230","261","355","266","147"
"20204","11350624","중계4동","2064","1128","936","12","201","421","483","539","408","7","75","203","253","283","307","5","126","218","230","256","101"
"20204","11350612","하계2동","1414","910","504","2","145","263","384","465","155","0","82","161","240","294","133","2","63","102","144","171","22"
"20204","11380570","대조동","2617","1284","1333","5","323","553","704","596","436","4","119","269","331","267","294","1","204","284","373","329","142"
"20204","11380640","증산동","2848","1844","1004","2","364","748","783","642","309","2","169","501","515","424","233","0","195","247","268","218","76"
"20204","11410585","신촌동","5047","2648","2399","12","786","1329","1274","1079","567","7","305","582","652","701","401","5","481","747","622","378","166"
"20204","11410620","홍제1동","2477","1275","1202","5","265","373","628","847","359","2","77","175","328","475","218","3","188","198","300","372","141"
"20204","11440690","망원1동","3153","1750","1403","10","855","862","647","467","312","3","496","462","313","276","200","7","359","400","334","191","112"
"20204","11440730","성산2동","2757","1239","1518","5","275","511","724","838","404","3","99","251","327","330","229","2","176","260","397","508","175"
"20204","11470510","목1동","17427","11303","6124","49","3004","4738","4346","3560","1730","31","1399","3112","3084","2553","1124","18","1605","1626","1262","1007","606"
"20204","11470600","신월5동","2190","1209","981","8","278","535","546","550","273","5","127","267","283","322","205","3","151","268","263","228","68"
"20204","11470610","신월6동","1115","652","463","1","118","205","253","306","232","0","45","105","138","173","191","1","73","100","115","133","41"
"20204","11470680","신정7동","5753","3432","2321","14","656","1376","1762","1305","640","8","306","770","1070","807","471","6","350","606","692","498","169"
"20204","11500620","공항동","33826","17706","16120","10","5671","11101","9233","6573","1238","2","1358","4648","5380","5415","903","8","4313","6453","3853","1158","335"
"20204","11500530","등촌2동","4992","2944","2048","6","614","985","1193","1272","922","2","259","533","721","804","625","4","355","452","472","468","297"
"20204","11500615","우장산동","6277","3448","2829","6","1358","1416","1329","1316","852","4","515","819","782","778","550","2","843","597","547","538","302"
"20204","11500550","화곡2동","1532","914","618","6","188","416","397","369","156","3","108","271","238","193","101","3","80","145","159","176","55"
"20204","11500591","화곡6동","10754","6820","3934","35","1515","2863","2741","2431","1169","9","750","1821","1754","1606","880","26","765","1042","987","825","289"
"20204","11530760","개봉3동","1995","1198","797","5","278","485","501","427","299","5","136","299","299","240","219","0","142","186","202","187","80"
"20204","11560630","신길1동","3535","1563","1972","4","633","842","785","696","575","0","202","405","373","294","289","4","431","437","412","402","286"
"20204","11560670","신길5동","1404","679","725","2","140","296","455","347","164","1","69","136","164","177","132","1","71","160","291","170","32"
"20204","11560540","여의동","217817","154569","63248","520","40050","78066","55998","33396","9787","195","22109","55804","43252","26581","6628","325","17941","22262","12746","6815","3159"
"20204","11620585","낙성대동","10344","5721","4623","20","1677","3541","2220","1585","1301","10","761","1862","1167","922","999","10","916","1679","1053","663","302"
"20204","11620685","신사동","4234","2870","1364","2","678","1206","1226","768","354","2","298","818","953","572","227","0","380","388","273","196","127"
"20204","11620605","은천동","4644","2204","2440","12","629","867","980","1276","880","1","210","402","501","575","515","11","419","465","479","701","365"
"20204","11650590","방배본동","28234","15628","12606","120","5284","7281","7505","5047","2997","82","1798","3804","4370","3275","2299","38","3486","3477","3135","1772","698"
"20204","11680610","대치2동","92377","51697","40680","530","16781","25425","21288","17434","10919","232","7729","15578","13694","8997","5467","298","9052","9847","7594","8437","5452"
"20204","11680590","삼성2동","62165","35711","26454","150","12530","20151","15787","8793","4754","61","5197","11854","10528","4946","3125","89","7333","8297","5259","3847","1629"
"20204","11680700","세곡동","1534","879","655","10","124","276","310","436","378","5","55","140","178","256","245","5","69","136","132","180","133"
"20204","11680650","역삼2동","51209","30365","20844","208","11790","14220","12162","9047","3782","85","5685","9112","8095","4730","2658","123","6105","5108","4067","4317","1124"
"20204","11680730","일원1동","2518","1370","1148","4","343","476","566","543","586","2","149","251","293","284","391","2","194","225","273","259","195"
"20204","11680565","청담동","57122","32691","24431","172","11877","18886","14178","8558","3451","72","4465","10782","9320","5650","2402","100","7412","8104","4858","2908","1049"
"20204","11710531","거여1동","3835","2832","1003","11","951","1067","919","530","357","9","659","841","701","364","258","2","292","226","218","166","99"
"20204","11710647","위례동","1268","1216","52","0","4","80","347","681","156","0","4","78","336","650","148","0","0","2","11","31","8"
"20204","11710690","잠실4동","9652","7756","1896","42","1285","3032","2803","2051","439","18","925","2493","2310","1675","335","24","360","539","493","376","104"
"20204","11710710","잠실6동","46691","24881","21810","93","7429","12391","13316","11902","1560","29","3439","7617","7686","4936","1174","64","3990","4774","5630","6966","386"
"20204","11710650","잠실본동","9422","6016","3406","45","1284","1797","2201","2088","2007","4","575","1097","1382","1438","1520","41","709","700","819","650","487"
"20204","11710646","장지동","6769","4617","2152","13","730","1085","1597","1784","1560","4","406","721","1070","1256","1160","9","324","364","527","528","400"
"20204","11740590","암사3동","3192","1912","1280","6","286","449","571","829","1051","3","146","269","312","478","704","3","140","180","259","351","347"
"20204","11140670","황학동","1714","1102","612","1","271","455","422","342","223","1","157","285","265","225","169","0","114","170","157","117","54"
"20204","11140540","회현동","58705","36279","22426","199","10994","20696","16047","8525","2244","68","5132","12355","10455","6703","1566","131","5862","8341","5592","1822","678"
"20204","11200690","성수2가3동","23863","15312","8551","83","3917","6067","5966","4768","3062","63","2176","4061","4011","2880","2121","20","1741","2006","1955","1888","941"
"20204","11215840","자양3동","3370","2410","960","8","406","863","937","843","313","3","252","605","689","618","243","5","154","258","248","225","70"
"20204","11260580","상봉1동","2499","1715","784","14","303","440","514","655","573","11","193","268","289","450","504","3","110","172","225","205","69"
"20204","11260590","상봉2동","5328","3673","1655","17","631","1376","1754","1205","345","13","369","964","1173","877","277","4","262","412","581","328","68"
"20204","11290600","안암동","4686","3030","1656","8","655","1203","1295","1013","512","3","333","745","832","715","402","5","322","458","463","298","110"
"20211","11560670","신길5동","1404","679","725","2","140","296","455","347","164","1","69","136","164","177","132","1","71","160","291","170","32"
"20211","11560540","여의동","217817","154569","63248","520","40050","78066","55998","33396","9787","195","22109","55804","43252","26581","6628","325","17941","22262","12746","6815","3159"
"20211","11620585","낙성대동","10344","5721","4623","20","1677","3541","2220","1585","1301","10","761","1862","1167","922","999","10","916","1679","1053","663","302"
"20211","11620685","신사동","4234","2870","1364","2","678","1206","1226","768","354","2","298","818","953","572","227","0","380","388","273","196","127"
"20211","11620605","은천동","4644","2204","2440","12","629","867","980","1276","880","1","210","402","501","575","515","11","419","465","479","701","365"
"20211","11650590","방배본동","28234","15628","12606","120","5284","7281","7505","5047","2997","82","1798","3804","4370","3275","2299","38","3486","3477","3135","1772","698"
"20211","11680610","대치2동","92377","51697","40680","530","16781","25425","21288","17434","10919","232","7729","15578","13694","8997","5467","298","9052","9847","7594","8437","5452"
"20211","11680590","삼성2동","62165","35711","26454","150","12530","20151","15787","8793","4754","61","5197","11854","10528","4946","3125","89","7333","8297","5259","3847","1629"
"20211","11680700","세곡동","1534","879","655","10","124","276","310","436","378","5","55","140","178","256","245","5","69","136","132","180","133"
"20211","11680650","역삼2동","51209","30365","20844","208","11790","14220","12162","9047","3782","85","5685","9112","8095","4730","2658","123","6105","5108","4067","4317","1124"
"20211","11680730","일원1동","2518","1370","1148","4","343","476","566","543","586","2","149","251","293","284","391","2","194","225","273","259","195"
"20211","11680565","청담동","57122","32691","24431","172","11877","18886","14178","8558","3451","72","4465","10782","9320","5650","2402","100","7412","8104","4858","2908","1049"
"20211","11710531","거여1동","3835","2832","1003","11","951","1067","919","530","357","9","659","841","701","364","258","2","292","226","218","166","99"
"20211","11710647","위례동","1268","1216","52","0","4","80","347","681","156","0","4","78","336","650","148","0","0","2","11","31","8"
"20211","11710690","잠실4동","9652","7756","1896","42","1285","3032","2803","2051","439","18","925","2493","2310","1675","335","24","360","539","493","376","104"
"20211","11710710","잠실6동","46691","24881","21810","93","7429","12391","13316","11902","1560","29","3439","7617","7686","4936","1174","64","3990","4774","5630","6966","386"
"20211","11710650","잠실본동","9422","6016","3406","45","1284","1797","2201","2088","2007","4","575","1097","1382","1438","1520","41","709","700","819","650","487"
"20211","11710646","장지동","6769","4617","2152","13","730","1085","1597","1784","1560","4","406","721","1070","1256","1160","9","324","364","527","528","400"
"20211","11740590","암사3동","3192","1912","1280","6","286","449","571","829","1051","3","146","269","312","478","704","3","140","180","259","351","347"
"20211","11140670","황학동","1714","1102","612","1","271","455","422","342","223","1","157","285","265","225","169","0","114","170","157","117","54"
"20211","11140540","회현동","58705","36279","22426","199","10994","20696","16047","8525","2244","68","5132","12355","10455","6703","1566","131","5862","8341","5592","1822","678"
"20211","11200690","성수2가3동","23863","15312","8551","83","3917","6067","5966","4768","3062","63","2176","4061","4011","2880","2121","20","1741","2006","1955","1888","941"
"20211","11215840","자양3동","3370","2410","960","8","406","863","937","843","313","3","252","605","689","618","243","5","154","258","248","225","70"
"20211","11260580","상봉1동","2499","1715","784","14","303","440","514","655","573","11","193","268","289","450","504","3","110","172","225","205","69"
"20211","11260590","상봉2동","5328","3673","1655","17","631","1376","1754","1205","345","13","369","964","1173","877","277","4","262","412","581","328","68"
"20211","11290600","안암동","4686","3030","1656","8","655","1203","1295","1013","512","3","333","745","832","715","402","5","322","458","463","298","110"
"20211","11320710","방학3동","3005","1804","1201","10","510","688","696","694","407","9","324","395","438","336","302","1","186","293","258","358","105"
"20211","11320680","쌍문3동","2022","963","1059","4","437","452","474","472","183","3","113","208","246","266","127","1","324","244","228","206","56"
"20211","11350710","상계9동","2626","1662","964","2","339","658","654","741","232","2","184","418","385","493","180","0","155","240","269","248","52"
"20211","11350580","월계3동","1502","756","746","1","166","265","395","434","241","1","63","137","182","228","145","0","103","128","213","206","96"
"20211","11350625","중계2?3동","2225","1256","969","5","288","582","570","571","209","4","170","349","294","305","134","1","118","233","276","266","75"
"20211","11380580","응암1동","2895","1605","1290","7","306","489","680","669","744","5","141","230","355","339","535","2","165","259","325","330","209"
"20211","11410615","연희동","14856","9739","5117","82","2345","3661","3196","4080","1492","43","1297","2440","1997","2924","1038","39","1048","1221","1199","1156","454"
"20211","11410660","홍은1동","7584","1500","6084","3","262","551","2062","3659","1047","1","98","189","374","439","399","2","164","362","1688","3220","648"
"20211","11440600","대흥동","5628","2774","2854","65","2228","1272","827","772","464","22","867","656","452","470","307","43","1361","616","375","302","157"
"20211","11440700","망원2동","5201","3099","2102","17","652","971","1126","1574","861","10","356","715","787","730","501","7","296","256","339","844","360"
"20211","11470611","신월7동","4357","2856","1501","4","467","719","894","1036","1237","3","345","547","587","630","744","1","122","172","307","406","493"
"20211","11470630","신정2동","13985","8015","5970","66","2513","4519","3729","2456","702","30","1020","2487","2309","1628","541","36","1493","2032","1420","828","161"
"20211","11530550","구로4동","2159","1229","930","5","243","425","532","527","427","3","112","228","294","293","299","2","131","197","238","234","128"
"20211","11545510","가산동","84451","55529","28922","300","16641","26228","20890","12369","8023","193","8827","17613","15063","8220","5613","107","7814","8615","5827","4149","2410"
"20211","11545620","독산2동","1789","993","796","1","230","372","417","495","274","0","125","176","207","282","203","1","105","196","210","213","71"
"20211","11545680","시흥2동","3435","2024","1411","4","342","681","873","1027","508","3","199","387","492","597","346","1","143","294","381","430","162"
"20211","11560585","도림동","1619","1028","591","12","144","272","393","413","385","10","65","165","247","262","279","2","79","107","146","151","106"
"20211","11560605","문래동","81647","59216","22431","162","12600","26629","25117","12877","4262","62","7033","20252","20512","8694","2663","100","5567","6377","4605","4183","1599"
"20211","11590660","대방동","11271","7474","3797","22","1880","3051","2637","2515","1166","7","998","2084","1836","1812","737","15","882","967","801","703","429"
"20211","11590560","상도4동","2530","1503","1027","3","355","559","610","636","367","2","174","328","367","445","187","1","181","231","243","191","180"
"20211","11620735","대학동","3077","2250","827","3","433","739","863","742","297","1","256","500","673","587","233","2","177","239","190","155","64"
"20211","11620665","서림동","1808","1022","786","8","273","316","451","387","373","2","137","168","241","231","243","6","136","148","210","156","130"
"20211","11650621","방배4동","21837","13492","8345","61","3771","6017","5424","4166","2398","27","1599","3546","3678","2918","1724","34","2172","2471","1746","1248","674"
"20211","11650651","양재1동","33395","21554","11841","445","7793","9217","7561","4987","3392","215","3960","6187","5334","3319","2539","230","3833","3030","2227","1668","853"
"20211","11680660","개포1동","18376","11295","7081","74","2873","4869","4780","3809","1971","30","1298","2691","3296","2574","1406","44","1575","2178","1484","1235","565"
"20211","11680656","도곡2동","192577","131699","60878","923","36796","75687","55314","19948","3909","583","19659","51843","42526","14511","2577","340","17137","23844","12788","5437","1332"
"20211","11680640","역삼1동","170825","101049","69776","494","34443","51961","43997","29792","10138","189","16474","32429","28719","16126","7112","305","17969","19532","15278","13666","3026"
"20211","11680720","일원본동","36779","20548","16231","181","9454","10978","8976","5878","1312","82","3541","6120","5771","4133","901","99","5913","4858","3205","1745","411"
"20211","11710550","마천2동","2599","1634","965","1","266","601","708","658","365","0","158","375","403","395","303","1","108","226","305","263","62"
"20211","11710561","방이1동","9129","6671","2458","30","952","1771","2392","2432","1552","19","450","1125","1786","1953","1338","11","502","646","606","479","214"
"20211","11710580","송파1동","8660","5413","3247","19","1228","1938","2145","1877","1453","8","530","1150","1399","1255","1071","11","698","788","746","622","382"
"20211","11740690","둔촌1동","1519","845","674","2","191","367","379","391","189","2","92","205","217","206","123","0","99","162","162","185","66"
"20211","11740520","상일동","3611","1827","1784","6","521","804","899","953","428","2","177","402","542","432","272","4","344","402","357","521","156"
"20211","11110640","이화동","5235","2876","2359","13","804","1303","1339","1082","694","6","257","600","777","725","511","7","547","703","562","357","183"
"20211","11110680","창신2동","344","116","228","0","22","40","89","116","77","0","4","11","32","39","30","0","18","29","57","77","47"
"20211","11110560","평창동","23179","12994","10185","45","2878","6197","7579","5016","1464","18","1373","3171","4476","3013","943","27","1505","3026","3103","2003","521"
"20211","11140590","광희동","42508","21177","21331","438","12207","11215","8725","6715","3208","189","5936","6526","5053","2274","1199","249","6271","4689","3672","4441","2009"
"20211","11140680","중림동","4348","2429","1919","3","913","1392","1134","599","307","2","420","754","630","399","224","1","493","638","504","200","83"
"20211","11170650","이태원1동","13034","5712","7322","26","3821","5020","2528","1242","397","14","981","2109","1400","906","302","12","2840","2911","1128","336","95"
"20211","11170625","한강로동","47142","23273","23869","183","9616","14692","13436","6917","2298","87","3914","6875","6681","4207","1509","96","5702","7817","6755","2710","789"
"20211","11215860","구의2동","4204","2612","1592","56","598","727","1055","1126","642","24","306","400","689","739","454","32","292","327","366","387","188"
"20211","11215760","중곡3동","1489","932","557","4","181","361","396","333","214","0","97","252","232","209","142","4","84","109","164","124","72"
"20211","11230560","전농1동","1537","956","581","2","180","270","401","417","267","0","113","170","263","260","150","2","67","100","138","157","117"
"20211","11230570","전농2동","4013","2089","1924","4","468","848","1061","1068","564","1","193","397","571","552","375","3","275","451","490","516","189"
"20211","11260550","면목5동","1080","728","352","1","105","184","287","266","237","1","67","138","140","175","207","0","38","46","147","91","30"
"20211","11260565","면목본동","1764","942","822","1","239","402","450","411","261","0","88","202","232","232","188","1","151","200","218","179","73"
"20211","11290810","석관동","3732","2418","1314","15","344","584","700","754","1335","8","170","353","396","466","1025","7","174","231","304","288","310"
"20211","11290620","정릉1동","1152","621","531","6","149","206","258","298","235","1","41","74","129","183","193","5","108","132","129","115","42"
"20211","11305615","수유1동","1920","874","1046","2","205","347","488","555","323","0","58","142","208","241","225","2","147","205","280","314","98"
"20211","11320522","도봉2동","2128","1350","778","1","113","274","364","537","839","0","39","137","202","352","620","1","74","137","162","185","219"
"20211","11320511","창1동","1790","815","975","6","246","361","472","484","221","3","96","141","213","228","134","3","150","220","259","256","87"
"20211","11350600","공릉2동","7078","3252","3826","29","1186","1746","1707","1652","758","3","368","800","796","808","477","26","818","946","911","844","281"
"20211","11350640","상계2동","2484","1209","1275","6","342","425","617","634","460","3","127","236","291","302","250","3","215","189","326","332","210"
"20211","11350621","중계1동","2169","1191","978","4","284","476","650","541","214","3","119","259","345","297","168","1","165","217","305","244","46"
"20211","11380552","갈현2동","3915","2012","1903","9","404","778","1023","1035","666","7","187","434","483","463","438","2","217","344","540","572","228"
"20211","11380560","구산동","4328","2305","2023","11","537","811","958","1354","657","1","205","363","455","843","438","10","332","448","503","511","219"
"20211","11380530","불광2동","3113","1510","1603","2","194","431","503","653","1330","1","68","222","203","273","743","1","126","209","300","380","587"
"20211","11380590","응암2동","1048","669","379","1","133","138","236","299","241","1","75","75","138","179","201","0","58","63","98","120","40"
"20211","11410700","남가좌2동","1792","933","859","1","205","375","486","493","232","0","73","179","233","280","168","1","132","196","253","213","64"
"20211","11410720","북가좌2동","3057","1561","1496","8","472","602","675","756","544","4","143","304","374","410","326","4","329","298","301","346","218"
"20211","11440655","서강동","6283","3927","2356","43","1080","1516","1510","1228","906","27","531","894","993","811","671","16","549","622","517","417","235"
"20211","11440720","성산1동","5829","3864","1965","19","753","1219","1334","1134","1370","15","369","757","847","790","1086","4","384","462","487","344","284"
"20211","11440590","용강동","13701","8118","5583","13","2008","3377","3238","2712","2353","9","969","1995","2139","1574","1432","4","1039","1382","1099","1138","921"
"20211","11470580","신월3동","1679","963","716","2","177","310","382","494","314","0","66","132","204","310","251","2","111","178","178","184","63"
"20211","11470590","신월4동","1813","1221","592","1","108","222","423","574","485","1","50","117","246","383","424","0","58","105","177","191","61"
"20211","11500604","가양2동","2849","1494","1355","9","375","668","690","678","429","6","175","360","369","336","248","3","200","308","321","342","181"
"20211","11500630","방화1동","7575","5922","1653","10","805","1601","1852","2167","1140","7","575","1308","1478","1793","761","3","230","293","374","374","379"
"20211","11500560","화곡3동","5333","3288","2045","10","724","1292","1364","1226","717","7","390","860","825","689","517","3","334","432","539","537","200"
"20211","11545610","독산1동","12850","8228","4622","40","1027","1759","2150","2804","5070","34","604","1165","1369","1723","3333","6","423","594","781","1081","1737"
"20211","11545630","독산3동","4188","2958","1230","10","366","639","730","800","1643","2","195","372","390","474","1525","8","171","267","340","326","118"
"20211","11560550","당산1동","9078","5438","3640","15","1539","2557","2014","1676","1277","8","613","1428","1263","1168","958","7","926","1129","751","508","319"
"20211","11560660","신길4동","1248","617","631","2","211","297","315","295","128","0","75","138","153","159","92","2","136","159","162","136","36"
"20211","11560680","신길6동","2634","1646","988","10","289","619","687","570","459","7","144","384","416","357","338","3","145","235","271","213","121"
"20211","11590510","노량진1동","5875","3297","2578","18","766","1395","1471","1398","827","12","329","798","898","755","505","6","437","597","573","643","322"
"20211","11590540","상도2동","1732","887","845","6","212","400","459","414","241","0","94","212","243","207","131","6","118","188","216","207","110"
"20211","11620630","남현동","3714","2442","1272","5","617","926","1001","721","444","3","338","621","701","472","307","2","279","305","300","249","137"
"20211","11620575","행운동","4257","2373","1884","15","636","1035","1002","964","605","8","316","584","534","500","431","7","320","451","468","464","174"
"20211","11650581","반포4동","94714","83567","11147","80","9480","20099","25531","35193","4331","34","7191","16727","22658","33449","3508","46","2289","3372","2873","1744","823"
"20211","11650610","방배2동","16805","8184","8621","37","2831","4294","4601","3237","1805","8","985","1931","2132","1909","1219","29","1846","2363","2469","1328","586"
"20211","11650510","서초1동","47386","26528","20858","101","9928","12282","10432","11564","3079","39","3558","6616","6055","8015","2245","62","6370","5666","4377","3549","834"
"20211","11650540","잠원동","16302","9442","6860","68","3397","4796","4022","2503","1516","36","1340","2803","2667","1569","1027","32","2057","1993","1355","934","489"
"20211","11680750","수서동","18037","9516","8521","27","2570","4859","4850","3583","2148","15","1151","2611","2544","1902","1293","12","1419","2248","2306","1681","855"
"20211","11710632","가락2동","10171","6862","3309","22","1354","2162","2015","1893","2725","16","801","1478","1339","1132","2096","6","553","684","676","761","629"
"20211","11710720","잠실7동","14130","6338","7792","52","1984","2775","3999","4487","833","31","995","1820","1888","1074","530","21","989","955","2111","3413","303"
"20211","11740700","둔촌2동","4961","2239","2722","4","946","1293","1058","1026","634","2","281","537","526","489","404","2","665","756","532","537","230"
"20211","11110615","종로1?2?3?4가동","97451","53687","43764","1427","19755","29598","26670","15288","4713","620","8610","14862","15621","10763","3211","807","11145","14736","11049","4525","1502"
"20211","11140650","신당5동","871","462","409","5","105","184","211","191","175","5","47","83","108","101","118","0","58","101","103","90","57"
"20211","11140645","청구동","3104","1714","1390","6","455","830","727","664","422","3","157","432","465","413","244","3","298","398","262","251","178"
"20211","11170580","효창동","1644","932","712","3","218","412","462","363","186","2","103","243","275","183","126","1","115","169","187","180","60"
"20211","11200620","금호4가동","1331","791","540","1","151","308","365","323","183","1","56","159","235","202","138","0","95","149","130","121","45"
"20211","11200670","성수2가1동","10042","6355","3687","107","2280","2880","2284","1625","866","57","1033","1862","1557","1147","699","50","1247","1018","727","478","167"
"20211","11200790","용답동","4708","2845","1863","30","1172","1311","961","753","481","2","511","843","633","476","380","28","661","468","328","277","101"
"20211","11200570","행당2동","268","104","164","0","31","57","76","66","38","0","14","23","24","16","27","0","17","34","52","50","11"
"20211","11215780","능동","2288","1405","883","7","330","533","589","459","370","3","160","314","371","276","281","4","170","219","218","183","89"
"20211","11230545","제기동","5479","3268","2211","10","735","1334","1323","1152","925","3","312","789","843","680","641","7","423","545","480","472","284"
"20211","11230710","회기동","784","371","413","1","93","180","195","178","137","1","28","71","89","84","98","0","65","109","106","94","39"
"20211","11260660","망우3동","1076","573","503","1","96","157","257","314","251","1","35","66","120","172","179","0","61","91","137","142","72"
"20211","11260620","묵1동","2604","1240","1364","4","285","604","740","629","342","1","102","281","337","286","233","3","183","323","403","343","109"
"20211","11260610","중화2동","1532","868","664","9","181","236","386","343","377","7","89","111","195","197","269","2","92","125","191","146","108"
"20211","11290725","월곡2동","4825","3059","1766","6","757","1363","1166","854","679","1","379","896","712","512","559","5","378","467","454","342","120"
"20211","11290650","정릉4동","2401","1467","934","2","203","363","582","760","491","0","64","182","369","511","341","2","139","181","213","249","150"
"20211","11305555","송천동","1900","953","947","3","145","324","405","482","541","2","42","149","190","273","297","1","103","175","215","209","244"
"20211","11320521","도봉1동","2162","1429","733","1","104","246","486","761","564","1","26","129","286","544","443","0","78","117","200","217","121"
"20211","11320660","쌍문1동","1769","844","925","0","216","280","472","488","313","0","56","101","185","251","251","0","160","179","287","237","62"
"20211","11350611","하계1동","4631","2934","1697","10","541","947","1177","1316","640","7","252","547","704","929","495","3","289","400","473","387","145"
"20211","11380551","갈현1동","2607","1348","1259","11","445","605","620","564","362","7","183","321","312","288","237","4","262","284","308","276","125"
"20211","11380510","녹번동","5199","2759","2440","14","602","1221","1380","1375","607","9","291","593","665","805","396","5","311","628","715","570","211"
"20211","11380650","수색동","1766","1115","651","0","231","468","426","349","292","0","114","299","263","220","219","0","117","169","163","129","73"
"20211","11380600","응암3동","2243","1094","1149","1","246","524","620","544","308","0","93","261","288","251","201","1","153","263","332","293","107"
"20211","11380690","진관동","3595","1885","1710","4","367","871","969","867","517","2","170","543","543","367","260","2","197","328","426","500","257"
"20211","11410555","북아현동","1845","1353","492","0","191","416","503","517","218","0","82","314","396","401","160","0","109","102","107","116","58"
"20211","11410565","충현동","14173","8784","5389","22","1788","3587","3729","3349","1698","13","845","2173","2366","2194","1193","9","943","1414","1363","1155","505"
"20211","11440630","신수동","5675","3230","2445","14","686","1567","1578","1378","452","12","255","740","902","974","347","2","431","827","676","404","105"
"20211","11470540","목4동","2879","1741","1138","7","354","627","828","712","351","4","144","373","493","453","274","3","210","254","335","259","77"
"20211","11470640","신정3동","7022","4988","2034","7","565","1340","1751","1490","1869","1","271","806","1186","1041","1683","6","294","534","565","449","186"
"20211","11500520","등촌1동","8609","5163","3446","22","1724","2223","1900","1545","1195","13","636","1404","1311","1008","791","9","1088","819","589","537","404"
"20211","11500510","염창동","19659","9116","10543","50","3048","5769","5855","3303","1634","29","1102","2522","2356","1821","1286","21","1946","3247","3499","1482","348"
"20211","11530740","개봉1동","4844","2808","2036","9","463","1029","1149","1259","935","7","239","570","592","717","683","2","224","459","557","542","252"
"20211","11530530","구로2동","13937","8549","5388","41","1703","3217","3450","3483","2043","20","796","1900","2064","2280","1489","21","907","1317","1386","1203","554"
"20211","11530540","구로3동","52394","34315","18079","202","10890","17618","13256","6528","3900","132","5505","11682","9334","4548","3114","70","5385","5936","3922","1980","786"
"20211","11530800","항동","1601","998","603","2","147","323","512","371","246","1","53","172","316","264","192","1","94","151","196","107","54"
"20211","11545670","시흥1동","6679","3563","3116","15","926","1606","1587","1664","881","10","425","798","798","941","591","5","501","808","789","723","290"
"20211","11560560","당산2동","14108","9461","4647","48","2208","3163","3415","3108","2166","22","1130","1980","2383","2282","1664","26","1078","1183","1032","826","502"
"20211","11590630","사당2동","2674","1472","1202","15","427","777","722","492","241","6","208","472","426","226","134","9","219","305","296","266","107"
"20211","11590640","사당3동","3596","2099","1497","3","446","802","955","838","552","0","176","433","585","500","405","3","270","369","370","338","147"
"20211","11590605","흑석동","1446","824","622","2","197","319","389","321","218","1","100","177","223","176","147","1","97","142","166","145","71"
"20211","11620715","난향동","1315","649","666","1","151","289","365","283","226","0","41","132","152","144","180","1","110","157","213","139","46"
"20211","11620655","신원동","1011","576","435","5","113","213","247","244","189","3","60","118","146","143","106","2","53","95","101","101","83"
"20211","11620725","조원동","3254","2026","1228","7","613","788","789","699","358","2","285","513","503","469","254","5","328","275","286","230","104"
"20211","11650550","반포본동","24429","13311","11118","37","4041","8064","6985","4177","1125","22","1479","4403","3916","2614","877","15","2562","3661","3069","1563","248"
"20211","11650530","서초3동","68236","40512","27724","193","11708","20440","17471","12437","5987","88","4953","11908","11177","8110","4276","105","6755","8532","6294","4327","1711"
"20211","11680690","개포4동","8809","6333","2476","21","1063","1992","2481","2105","1147","9","526","1333","1880","1637","948","12","537","659","601","468","199"
"20211","11680510","신사동","27942","16647","11295","98","5802","8429","7084","4252","2277","41","2251","5152","4743","2778","1682","57","3551","3277","2341","1474","595"
"20211","11710642","문정2동","41453","26054","15399","81","5936","12616","12707","7337","2776","36","2842","7120","8712","5617","1727","45","3094","5496","3995","1720","1049"
"20211","11710610","삼전동","7762","5230","2532","5","936","1763","1740","1549","1769","5","530","1154","1145","951","1445","0","406","609","595","598","324"
"20211","11710600","석촌동","8870","5856","3014","20","1074","2021","2072","1815","1868","12","607","1458","1402","1073","1304","8","467","563","670","742","564"
"20211","11710590","송파2동","14196","8974","5222","63","2237","3514","3721","3393","1268","47","1080","2233","2681","2128","805","16","1157","1281","1040","1265","463"
"20211","11740560","고덕2동","1985","1260","725","0","118","259","426","694","488","0","27","115","243","481","394","0","91","144","183","213","94"
"20211","11740650","성내2동","2304","1410","894","7","391","474","511","467","454","3","252","290","298","287","280","4","139","184","213","180","174"
"20211","11740580","암사2동","2638","964","1674","3","269","441","620","793","512","3","97","204","251","229","180","0","172","237","369","564","332"
"20211","11110580","교남동","847","498","349","3","100","217","222","173","132","1","35","111","132","116","103","2","65","106","90","57","29"
"20211","11110550","부암동","4115","2286","1829","8","695","1179","1099","798","336","3","287","651","630","483","232","5","408","528","469","315","104"
"20211","11110700","숭인1동","460","210","250","1","87","99","102","101","70","0","16","42","51","53","48","1","71","57","51","48","22"
"20211","11110710","숭인2동","1942","998","944","9","288","341","456","464","384","5","89","162","255","278","209","4","199","179","201","186","175"
"20211","11110515","청운효자동","10628","6827","3801","65","1929","3064","2954","1874","742","7","842","1921","2196","1349","512","58","1087","1143","758","525","230"
"20211","11140625","다산동","6567","4125","2442","12","1165","2090","1574","1149","577","3","481","1432","1099","702","408","9","684","658","475","447","169"
"20211","11140520","소공동","77533","41196","36337","404","22441","24493","17068","10242","2885","116","7294","12188","12180","7491","1927","288","15147","12305","4888","2751","958"
"20211","11140615","신당동","3199","1726","1473","33","894","680","608","585","399","13","401","354","314","373","271","20","493","326","294","212","128"
"20211","11140580","장충동","10396","5498","4898","51","2383","2853","2688","1978","443","13","839","1601","1603","1139","303","38","1544","1252","1085","839","140"
"20211","11170660","이태원2동","1258","696","562","5","213","404","318","198","120","2","96","223","170","110","95","3","117","181","148","88","25"
"20211","11200660","성수1가2동","6301","4314","1987","24","1008","1280","1327","1359","1303","15","599","850","854","963","1033","9","409","430","473","396","270"
"20211","11215730","군자동","2363","1289","1074","5","295","494","527","536","506","2","119","258","304","283","323","3","176","236","223","253","183"
"20211","11215820","자양1동","12355","9722","2633","5","841","1746","3348","5029","1386","5","376","1117","2681","4367","1176","0","465","629","667","662","210"
"20211","11215750","중곡2동","2814","1604","1210","4","390","568","717","661","474","1","239","330","379","348","307","3","151","238","338","313","167"
"20211","11230600","답십리1동","6333","3031","3302","9","924","1297","1755","1680","668","4","626","866","637","452","446","5","298","431","1118","1228","222"
"20211","11260520","면목2동","1492","821","671","4","152","249","327","436","324","2","51","112","171","247","238","2","101","137","156","189","86"
"20211","11290575","동선동","2511","1246","1265","27","334","520","566","624","440","16","114","226","274","337","279","11","220","294","292","287","161"
"20211","11305534","삼양동","1087","628","459","5","145","205","255","257","220","3","60","98","133","160","174","2","85","107","122","97","46"
"20211","11305635","수유3동","3385","1724","1661","10","367","814","869","876","449","8","144","349","405","534","284","2","223","465","464","342","165"
"20211","11320700","방학2동","1017","474","543","0","95","205","247","208","262","0","40","102","115","103","114","0","55","103","132","105","148"
"20211","11320681","쌍문4동","1365","711","654","0","144","324","378","347","172","0","43","156","192","184","136","0","101","168","186","163","36"
"20211","11320512","창2동","2466","1391","1075","11","299","549","665","571","371","10","137","321","363","293","267","1","162","228","302","278","104"
"20211","11320514","창4동","2724","1708","1016","2","286","524","672","743","497","1","127","277","399","498","406","1","159","247","273","245","91"
"20211","11350619","중계본동","1798","881","917","8","209","368","445","499","269","6","100","188","195","227","165","2","109","180","250","272","104"
"20211","11380520","불광1동","3646","1607","2039","6","523","861","954","838","464","2","193","377","428","368","239","4","330","484","526","470","225"
"20211","11470530","목3동","2504","1376","1128","3","327","551","660","602","361","2","163","320","355","306","230","1","164","231","305","296","131"
"20211","11470560","신월1동","2247","1444","803","6","213","373","517","727","411","3","111","232","314","480","304","3","102","141","203","247","107"
"20211","11470620","신정1동","11571","6760","4811","51","2043","2900","2904","2459","1214","46","852","1805","1741","1428","888","5","1191","1095","1163","1031","326"
"20211","11470650","신정4동","7226","3988","3238","16","1221","1286","1376","1506","1821","8","376","629","698","817","1460","8","845","657","678","689","361"
"20211","11500611","발산1동","3230","1862","1368","4","229","472","852","1035","638","2","103","237","408","598","514","2","126","235","444","437","124"
"20211","11500593","화곡8동","2037","1114","923","7","298","523","565","373","271","6","135","286","282","223","182","1","163","237","283","150","89"
"20211","11530790","수궁동","3693","2490","1203","23","382","709","841","1029","709","20","234","445","526","700","565","3","148","264","315","329","144"
"20211","11530510","신도림동","13037","8565","4472","38","2126","4038","3175","2358","1302","18","890","2755","2286","1629","987","20","1236","1283","889","729","315"
"20211","11530780","오류2동","2785","1685","1100","4","281","624","732","696","448","1","120","353","422","440","349","3","161","271","310","256","99"
"20211","11545690","시흥3동","7990","4735","3255","17","592","1163","1847","2084","2287","8","314","754","1071","1135","1453","9","278","409","776","949","834"
"20211","11545700","시흥4동","1558","936","622","16","243","318","440","378","163","12","148","218","263","176","119","4","95","100","177","202","44"
"20211","11545710","시흥5동","1721","1012","709","21","247","398","427","359","269","15","130","260","249","185","173","6","117","138","178","174","96"
"20211","11560700","대림1동","2425","937","1488","0","785","549","491","412","188","0","166","197","240","208","126","0","619","352","251","204","62"
"20211","11560610","양평1동","12821","7428","5393","53","2537","2953","2834","2570","1874","22","1298","1886","1691","1321","1210","31","1239","1067","1143","1249","664"
"20211","11590650","사당4동","1399","726","673","5","155","229","303","271","436","4","59","115","137","126","285","1","96","114","166","145","151"
"20211","11590651","사당5동","1931","1038","893","2","242","468","579","457","183","1","112","219","297","257","152","1","130","249","282","200","31"
"20211","11620745","삼성동","1795","991","804","9","195","365","476","476","274","2","83","180","251","260","215","7","112","185","225","216","59"
"20211","11620565","성현동","7335","2785","4550","55","1046","1290","1680","2205","1059","31","479","676","763","595","241","24","567","614","917","1610","818"
"20211","11650660","내곡동","14211","9232","4979","62","2050","2934","2992","3044","3129","53","1454","2116","2049","1745","1815","9","596","818","943","1299","1314"
"20211","11650560","반포1동","7332","4498","2834","9","1338","2420","1829","1125","611","2","633","1581","1213","625","444","7","705","839","616","500","167"
"20211","11650580","반포3동","8637","4815","3822","20","1367","2193","1912","1729","1416","7","578","1294","1265","1001","670","13","789","899","647","728","746"
"20211","11680521","논현1동","41576","24313","17263","162","10856","12491","8831","5739","3497","68","4624","7421","5950","3705","2545","94","6232","5070","2881","2034","952"
"20211","11680600","대치1동","20053","10683","9370","37","3668","6545","4998","3118","1687","15","1378","3248","2827","1994","1221","22","2290","3297","2171","1124","466"
"20211","11680545","압구정동","44490","25047","19443","256","9903","13905","10212","6655","3559","102","3671","7810","6873","4381","2210","154","6232","6095","3339","2274","1349"
"20211","11710570","오금동","27438","19217","8221","45","3630","6522","6925","6613","3703","29","2126","4408","5118","5012","2524","16","1504","2114","1807","1601","1179"
"20211","11710566","오륜동","25084","14536","10548","45","4062","7583","6511","5022","1861","14","1636","3946","4187","3325","1428","31","2426","3637","2324","1697","433"
"20211","11710680","잠실3동","21831","14806","7025","108","3990","5469","5434","4132","2698","48","2079","3783","4024","2965","1907","60","1911","1686","1410","1167","791"
"20211","11740515","강일동","1357","886","471","0","196","292","374","333","162","0","98","199","237","215","137","0","98","93","137","118","25"
"20211","11740550","고덕1동","2188","1136","1052","0","240","487","569","526","366","0","108","271","280","241","236","0","132","216","289","285","130"
"20211","11740685","길동","9468","4805","4663","25","1369","1886","2128","2298","1762","15","541","1001","1136","1055","1057","10","828","885","992","1243","705"
"20211","11740530","명일1동","4220","2357","1863","9","623","1131","1061","762","634","4","293","679","693","390","298","5","330","452","368","372","336"
"20211","11740570","암사1동","3940","2413","1527","6","504","843","830","791","966","2","246","550","529","537","549","4","258","293","301","254","417"
"20211","11110600","가회동","11728","8729","2999","7","1263","4028","3519","2201","710","6","655","2966","2750","1810","542","1","608","1062","769","391","168"
"20211","11110690","창신3동","300","142","158","1","38","80","74","78","29","0","14","34","35","41","18","1","24","46","39","37","11"
"20211","11140550","명동","72930","42220","30710","107","11914","24562","19786","12954","3607","41","4764","12669","12754","9554","2438","66","7150","11893","7032","3400","1169"
"20211","11140570","필동","17346","8148","9198","41","2497","4384","5350","3789","1285","16","843","2169","2511","1781","828","25","1654","2215","2839","2008","457"
"20211","11170570","원효로2동","4609","3303","1306","17","726","1387","1277","740","462","7","416","989","980","547","364","10","310","398","297","193","98"
"20211","11170510","후암동","2324","1371","953","9","361","509","641","516","288","7","137","304","418","306","199","2","224","205","223","210","89"
"20211","11200540","마장동","7683","5451","2232","32","651","1345","1769","2510","1376","28","387","920","1288","1803","1025","4","264","425","481","707","351"
"20211","11200550","사근동","2650","1837","813","2","159","472","841","788","388","2","59","297","569","596","314","0","100","175","272","192","74"
"20211","11200535","왕십리도선동","5949","2726","3223","23","982","1143","1247","1456","1098","4","341","631","669","614","467","19","641","512","578","842","631"
"20211","11215850","구의1동","3628","2155","1473","9","515","899","1000","818","387","8","269","519","553","530","276","1","246","380","447","288","111"
"20211","11230740","이문1동","4076","1851","2225","3","781","1042","1081","784","385","2","164","402","537","471","275","1","617","640","544","313","110"
"20211","11230705","청량리동","4909","2614","2295","7","873","1407","941","916","765","5","334","799","527","516","433","2","539","608","414","400","332"
"20211","11260575","면목3?8동","3459","2159","1300","7","341","614","876","936","685","2","118","323","518","673","525","5","223","291","358","263","160"
"20211","11260690","신내2동","3776","2095","1681","8","503","948","927","926","464","5","209","446","476","601","358","3","294","502","451","325","106"
"20211","11260600","중화1동","1955","1034","921","0","231","422","496","461","345","0","87","173","241","257","276","0","144","249","255","204","69"
"20211","11290580","돈암1동","2329","1067","1262","9","677","705","484","321","133","0","162","352","257","181","115","9","515","353","227","140","18"
"20211","11290590","돈암2동","11726","7090","4636","44","1806","2813","3721","2083","1259","13","834","1672","2483","1535","553","31","972","1141","1238","548","706"
"20211","11305545","송중동","2249","1126","1123","13","239","363","636","577","421","11","98","158","279","282","298","2","141","205","357","295","123"
"20211","11320513","창3동","775","403","372","1","82","159","233","192","108","0","23","87","136","93","64","1","59","72","97","99","44"
"20211","11350665","상계3?4동","2343","1623","720","1","143","225","563","854","557","0","53","113","356","647","454","1","90","112","207","207","103"
"20211","11380631","신사1동","2475","1318","1157","2","267","513","566","607","520","0","108","252","308","291","359","2","159","261","258","316","161"
"20211","11380632","신사2동","1918","1332","586","5","228","379","473","475","358","5","169","255","279","313","311","0","59","124","194","162","47"
"20211","11380625","역촌동","4694","2257","2437","13","779","952","1204","1060","686","3","282","432","566","512","462","10","497","520","638","548","224"
"20211","11410520","천연동","1823","985","838","2","163","301","468","629","260","2","55","136","264","369","159","0","108","165","204","260","101"
"20211","11410685","홍은2동","5835","3769","2066","38","926","1570","1420","1250","631","32","524","1029","916","820","448","6","402","541","504","430","183"
"20211","11410640","홍제3동","1201","596","605","4","116","149","247","307","378","1","41","59","115","157","223","3","75","90","132","150","155"
"20211","11440555","아현동","11780","6477","5303","23","2240","3776","3328","2004","409","9","975","2113","1872","1217","291","14","1265","1663","1456","787","118"
"20211","11440680","합정동","5738","3211","2527","14","955","1644","1487","1049","589","11","379","809","935","673","404","3","576","835","552","376","185"
"20211","11470520","목2동","5530","3082","2448","4","766","1343","1466","1257","694","3","362","729","810","727","451","1","404","614","656","530","243"
"20211","11500603","가양1동","5337","3304","2033","4","589","1111","1212","1288","1133","2","247","674","720","830","831","2","342","437","492","458","302"
"20211","11500605","가양3동","3216","2060","1156","13","542","708","898","664","391","7","352","475","573","394","259","6","190","233","325","270","132"
"20211","11530720","고척1동","7767","5490","2277","7","690","1575","2040","2362","1093","5","361","1045","1423","1771","885","2","329","530","617","591","208"
"20211","11545640","독산4동","1765","991","774","2","225","303","376","416","443","1","128","180","220","205","257","1","97","123","156","211","186"
"20211","11560710","대림2동","4606","2336","2270","27","855","1092","1021","707","904","8","328","577","443","397","583","19","527","515","578","310","321"
"20211","11560720","대림3동","6057","3897","2160","17","635","1258","1552","1442","1153","5","328","877","1105","901","681","12","307","381","447","541","472"
"20211","11560515","영등포본동","5708","3229","2479","36","808","1406","1461","1375","622","15","347","711","835","853","468","21","461","695","626","522","154"
"20211","11590520","노량진2동","4687","2431","2256","11","746","1363","1135","951","481","3","389","592","527","608","312","8","357","771","608","343","169"
"20211","11590620","사당1동","3916","2054","1862","9","659","963","1044","718","523","4","217","469","523","427","414","5","442","494","521","291","109"
"20211","11590550","상도3동","1371","776","595","1","119","278","361","320","292","1","68","182","212","159","154","0","51","96","149","161","138"
"20211","11590680","신대방2동","22031","14020","8011","54","4027","4597","4124","5144","4085","30","3041","3521","2633","2623","2172","24","986","1076","1491","2521","1913"
"20211","11620775","난곡동","1481","807","674","0","165","296","361","425","234","0","68","153","180","237","169","0","97","143","181","188","65"
"20211","11620765","미성동","3689","2177","1512","28","364","650","866","953","828","22","226","379","483","494","573","6","138","271","383","459","255"
"20211","11650620","방배3동","17809","11648","6161","114","2781","5297","4805","2896","1916","37","1413","3322","3453","1995","1428","77","1368","1975","1352","901","488"
"20211","11680670","개포2동","9490","6220","3270","35","1658","2701","2271","1757","1068","14","884","1810","1564","1122","826","21","774","891","707","635","242"
"20211","11680630","대치4동","33305","20468","12837","149","5336","9904","9047","5656","3213","21","2296","5995","6187","3965","2004","128","3040","3909","2860","1691","1209"
"20211","11680655","도곡1동","40888","28978","11910","97","6985","9515","11398","10350","2543","71","3545","6237","8574","8481","2070","26","3440","3278","2824","1869","473"
"20211","11710532","거여2동","2952","1523","1429","13","377","486","723","879","474","6","209","286","369","394","259","7","168","200","354","485","215"
"20211","11710641","문정1동","34975","27013","7962","17","3178","6528","10070","13196","1986","9","1869","4711","7830","11299","1295","8","1309","1817","2240","1897","691"
"20211","11740540","명일2동","2874","1969","905","5","337","819","768","610","335","3","172","581","558","393","262","2","165","238","210","217","73"
"20211","11740660","성내3동","4641","2789","1852","15","658","1034","1162","962","810","13","344","656","703","541","532","2","314","378","459","421","278"
"20211","11740610","천호2동","3817","1970","1847","14","484","802","933","884","700","8","199","378","464","440","481","6","285","424","469","444","219"
"20211","11740620","천호3동","2763","1566","1197","3","170","305","475","502","1308","3","64","139","236","255","869","0","106","166","239","247","439"
"20213","11620645","서원동","2912","1206","1706","5","563","630","529","646","539","2","143","260","265","235","301","3","420","370","264","411","238"
"20213","11620625","인헌동","3435","1976","1459","13","701","985","867","536","333","5","324","608","515","277","247","8","377","377","352","259","86"
"20213","11620595","청룡동","6665","3660","3005","8","1087","1894","1590","1510","576","3","433","957","884","988","395","5","654","937","706","522","181"
"20213","11650570","반포2동","9861","5872","3989","18","1652","3059","2563","1656","913","10","723","1849","1650","999","641","8","929","1210","913","657","272"
"20213","11650520","서초2동","67858","45080","22778","159","14201","22383","16994","10387","3734","54","7752","15121","11691","7781","2681","105","6449","7262","5303","2606","1053"
"20213","11650652","양재2동","43401","32515","10886","106","5761","10598","12175","11422","3339","59","3488","7792","9341","9309","2526","47","2273","2806","2834","2113","813"
"20213","11680740","일원2동","5600","3682","1918","17","832","1447","1587","1319","398","5","407","891","1091","992","296","12","425","556","496","327","102"
"20213","11710620","가락본동","27955","16882","11073","89","3790","6716","6396","5452","5512","37","1813","4194","4281","3158","3399","52","1977","2522","2115","2294","2113"
"20213","11710562","방이2동","24911","14324","10587","53","4019","6387","5622","5295","3535","37","2261","4157","3442","2476","1951","16","1758","2230","2180","2819","1584"
"20213","11710670","잠실2동","7793","5196","2597","10","1494","2265","2042","1556","426","9","938","1589","1387","1026","247","1","556","676","655","530","179"
"20213","11740600","천호1동","2450","1407","1043","6","246","461","597","573","567","1","100","239","304","336","427","5","146","222","293","237","140"
"20213","11110540","삼청동","5862","4751","1111","3","726","1549","1817","1381","386","0","460","1187","1543","1230","331","3","266","362","274","151","55"
"20213","11110630","종로5?6가동","15588","9737","5851","407","3613","4484","3824","2369","891","114","1498","2891","2796","1819","619","293","2115","1593","1028","550","272"
"20213","11110670","창신1동","1307","566","741","1","117","231","397","315","246","0","47","88","128","140","163","1","70","143","269","175","83"
"20213","11110650","혜화동","6669","3263","3406","30","1094","1790","1598","1324","833","22","380","867","848","687","459","8","714","923","750","637","374"
"20213","11170690","서빙고동","14416","9448","4968","37","2566","4289","4433","2273","818","15","1228","2510","3241","1816","638","22","1338","1779","1192","457","180"
"20213","11170590","용문동","2710","1570","1140","11","527","732","741","503","196","7","221","430","439","338","135","4","306","302","302","165","61"
"20213","11170560","원효로1동","4677","3188","1489","21","727","1266","1220","852","591","12","430","908","848","583","407","9","297","358","372","269","184"
"20213","11170630","이촌1동","10866","6950","3916","53","1764","2919","3039","2219","872","34","876","1798","2142","1493","607","19","888","1121","897","726","265"
"20213","11170555","청파동","4834","2581","2253","14","753","1213","1147","1014","693","8","264","562","606","621","520","6","489","651","541","393","173"
"20213","11200590","금호1가동","2304","858","1446","15","272","750","937","260","70","0","88","248","371","102","49","15","184","502","566","158","21"
"20213","11200720","송정동","1247","754","493","1","181","290","313","250","212","0","88","178","172","148","168","1","93","112","141","102","44"
"20213","11215770","중곡4동","5044","2482","2562","6","871","1221","1285","1169","492","4","254","568","628","634","394","2","617","653","657","535","98"
"20213","11215710","화양동","2662","1687","975","9","348","425","650","775","455","4","133","230","426","533","361","5","215","195","224","242","94"
"20213","11230610","답십리2동","4215","3060","1155","32","687","954","962","850","730","28","504","727","697","583","521","4","183","227","265","267","209"
"20213","11230750","이문2동","2210","1168","1042","2","268","474","498","560","408","1","93","229","233","307","305","1","175","245","265","253","103"
"20213","11230650","장안1동","10768","6778","3990","34","1470","2114","2327","2359","2464","26","880","1351","1448","1427","1646","8","590","763","879","932","818"
"20213","11260540","면목4동","1624","1162","462","2","121","264","432","588","217","1","55","160","292","481","173","1","66","104","140","107","44"
"20213","11290660","길음1동","6329","3095","3234","419","2211","1546","1057","690","406","176","957","813","522","320","307","243","1254","733","535","370","99"
"20213","11290610","보문동","6952","5271","1681","6","667","2047","1463","1460","1309","2","365","1644","1172","1170","918","4","302","403","291","290","391"
"20213","11290555","삼선동","6459","3237","3222","8","699","1546","1938","1603","665","4","247","667","937","1001","381","4","452","879","1001","602","284"
"20213","11290760","장위1동","1324","690","634","2","238","278","309","277","220","1","110","154","156","135","134","1","128","124","153","142","86"
"20213","11290630","정릉2동","1757","773","984","0","286","418","473","380","200","0","74","179","186","185","149","0","212","239","287","195","51"
"20213","11305603","번2동","1380","655","725","1","201","205","357","391","225","0","85","107","157","187","119","1","116","98","200","204","106"
"20213","11350630","상계1동","5569","3527","2042","23","644","1148","1345","1414","995","18","369","775","875","881","609","5","275","373","470","533","386"
"20213","11350670","상계5동","1861","927","934","5","128","213","314","464","737","2","52","114","139","210","410","3","76","99","175","254","327"
"20213","11350695","상계6?7동","6346","2810","3536","19","890","1498","1624","1611","704","11","233","564","725","883","394","8","657","934","899","728","310"
"20213","11350560","월계1동","2778","1511","1267","13","430","656","717","544","418","5","200","395","362","278","271","8","230","261","355","266","147"
"20213","11350624","중계4동","2064","1128","936","12","201","421","483","539","408","7","75","203","253","283","307","5","126","218","230","256","101"
"20213","11350612","하계2동","1414","910","504","2","145","263","384","465","155","0","82","161","240","294","133","2","63","102","144","171","22"
"20213","11380570","대조동","2617","1284","1333","5","323","553","704","596","436","4","119","269","331","267","294","1","204","284","373","329","142"
"20213","11380640","증산동","2848","1844","1004","2","364","748","783","642","309","2","169","501","515","424","233","0","195","247","268","218","76"
"20213","11410585","신촌동","5047","2648","2399","12","786","1329","1274","1079","567","7","305","582","652","701","401","5","481","747","622","378","166"
"20213","11410620","홍제1동","2477","1275","1202","5","265","373","628","847","359","2","77","175","328","475","218","3","188","198","300","372","141"
"20213","11440690","망원1동","3153","1750","1403","10","855","862","647","467","312","3","496","462","313","276","200","7","359","400","334","191","112"
"20213","11440730","성산2동","2757","1239","1518","5","275","511","724","838","404","3","99","251","327","330","229","2","176","260","397","508","175"
"20213","11470510","목1동","17427","11303","6124","49","3004","4738","4346","3560","1730","31","1399","3112","3084","2553","1124","18","1605","1626","1262","1007","606"
"20213","11470600","신월5동","2190","1209","981","8","278","535","546","550","273","5","127","267","283","322","205","3","151","268","263","228","68"
"20213","11470610","신월6동","1115","652","463","1","118","205","253","306","232","0","45","105","138","173","191","1","73","100","115","133","41"
"20213","11470680","신정7동","5753","3432","2321","14","656","1376","1762","1305","640","8","306","770","1070","807","471","6","350","606","692","498","169"
"20213","11500620","공항동","33826","17706","16120","10","5671","11101","9233","6573","1238","2","1358","4648","5380","5415","903","8","4313","6453","3853","1158","335"
"20213","11500530","등촌2동","4992","2944","2048","6","614","985","1193","1272","922","2","259","533","721","804","625","4","355","452","472","468","297"
"20213","11500615","우장산동","6277","3448","2829","6","1358","1416","1329","1316","852","4","515","819","782","778","550","2","843","597","547","538","302"
"20213","11500550","화곡2동","1532","914","618","6","188","416","397","369","156","3","108","271","238","193","101","3","80","145","159","176","55"
"20213","11500591","화곡6동","10754","6820","3934","35","1515","2863","2741","2431","1169","9","750","1821","1754","1606","880","26","765","1042","987","825","289"
"20213","11530760","개봉3동","1995","1198","797","5","278","485","501","427","299","5","136","299","299","240","219","0","142","186","202","187","80"
"20213","11560630","신길1동","3535","1563","1972","4","633","842","785","696","575","0","202","405","373","294","289","4","431","437","412","402","286"
"20213","11560670","신길5동","1404","679","725","2","140","296","455","347","164","1","69","136","164","177","132","1","71","160","291","170","32"
"20213","11560540","여의동","217817","154569","63248","520","40050","78066","55998","33396","9787","195","22109","55804","43252","26581","6628","325","17941","22262","12746","6815","3159"
"20213","11620585","낙성대동","10344","5721","4623","20","1677","3541","2220","1585","1301","10","761","1862","1167","922","999","10","916","1679","1053","663","302"
"20213","11620685","신사동","4234","2870","1364","2","678","1206","1226","768","354","2","298","818","953","572","227","0","380","388","273","196","127"
"20213","11620605","은천동","4644","2204","2440","12","629","867","980","1276","880","1","210","402","501","575","515","11","419","465","479","701","365"
"20213","11650590","방배본동","28234","15628","12606","120","5284","7281","7505","5047","2997","82","1798","3804","4370","3275","2299","38","3486","3477","3135","1772","698"
"20213","11680610","대치2동","92377","51697","40680","530","16781","25425","21288","17434","10919","232","7729","15578","13694","8997","5467","298","9052","9847","7594","8437","5452"
"20213","11680590","삼성2동","62165","35711","26454","150","12530","20151","15787","8793","4754","61","5197","11854","10528","4946","3125","89","7333","8297","5259","3847","1629"
"20213","11680700","세곡동","1534","879","655","10","124","276","310","436","378","5","55","140","178","256","245","5","69","136","132","180","133"
"20213","11680650","역삼2동","51209","30365","20844","208","11790","14220","12162","9047","3782","85","5685","9112","8095","4730","2658","123","6105","5108","4067","4317","1124"
"20213","11680730","일원1동","2518","1370","1148","4","343","476","566","543","586","2","149","251","293","284","391","2","194","225","273","259","195"
"20213","11680565","청담동","57122","32691","24431","172","11877","18886","14178","8558","3451","72","4465","10782","9320","5650","2402","100","7412","8104","4858","2908","1049"
"20213","11710531","거여1동","3835","2832","1003","11","951","1067","919","530","357","9","659","841","701","364","258","2","292","226","218","166","99"
"20213","11710647","위례동","1268","1216","52","0","4","80","347","681","156","0","4","78","336","650","148","0","0","2","11","31","8"
"20213","11710690","잠실4동","9652","7756","1896","42","1285","3032","2803","2051","439","18","925","2493","2310","1675","335","24","360","539","493","376","104"
"20213","11710710","잠실6동","46691","24881","21810","93","7429","12391","13316","11902","1560","29","3439","7617","7686","4936","1174","64","3990","4774","5630","6966","386"
"20213","11710650","잠실본동","9422","6016","3406","45","1284","1797","2201","2088","2007","4","575","1097","1382","1438","1520","41","709","700","819","650","487"
"20213","11710646","장지동","6769","4617","2152","13","730","1085","1597","1784","1560","4","406","721","1070","1256","1160","9","324","364","527","528","400"
"20213","11740590","암사3동","3192","1912","1280","6","286","449","571","829","1051","3","146","269","312","478","704","3","140","180","259","351","347"
"20213","11140670","황학동","1714","1102","612","1","271","455","422","342","223","1","157","285","265","225","169","0","114","170","157","117","54"
"20213","11140540","회현동","58705","36279","22426","199","10994","20696","16047","8525","2244","68","5132","12355","10455","6703","1566","131","5862","8341","5592","1822","678"
"20213","11200690","성수2가3동","23863","15312","8551","83","3917","6067","5966","4768","3062","63","2176","4061","4011","2880","2121","20","1741","2006","1955","1888","941"
"20213","11215840","자양3동","3370","2410","960","8","406","863","937","843","313","3","252","605","689","618","243","5","154","258","248","225","70"
"20213","11260580","상봉1동","2499","1715","784","14","303","440","514","655","573","11","193","268","289","450","504","3","110","172","225","205","69"
"20213","11260590","상봉2동","5328","3673","1655","17","631","1376","1754","1205","345","13","369","964","1173","877","277","4","262","412","581","328","68"
"20213","11290600","안암동","4686","3030","1656","8","655","1203","1295","1013","512","3","333","745","832","715","402","5","322","458","463","298","110"
"20213","11320710","방학3동","3005","1804","1201","10","510","688","696","694","407","9","324","395","438","336","302","1","186","293","258","358","105"
"20213","11320680","쌍문3동","2022","963","1059","4","437","452","474","472","183","3","113","208","246","266","127","1","324","244","228","206","56"
"20213","11350710","상계9동","2626","1662","964","2","339","658","654","741","232","2","184","418","385","493","180","0","155","240","269","248","52"
"20213","11350580","월계3동","1502","756","746","1","166","265","395","434","241","1","63","137","182","228","145","0","103","128","213","206","96"
"20213","11350625","중계2?3동","2225","1256","969","5","288","582","570","571","209","4","170","349","294","305","134","1","118","233","276","266","75"
"20213","11380580","응암1동","2895","1605","1290","7","306","489","680","669","744","5","141","230","355","339","535","2","165","259","325","330","209"
"20213","11410615","연희동","14856","9739","5117","82","2345","3661","3196","4080","1492","43","1297","2440","1997","2924","1038","39","1048","1221","1199","1156","454"
"20213","11410660","홍은1동","7584","1500","6084","3","262","551","2062","3659","1047","1","98","189","374","439","399","2","164","362","1688","3220","648"
"20213","11440600","대흥동","5628","2774","2854","65","2228","1272","827","772","464","22","867","656","452","470","307","43","1361","616","375","302","157"
"20213","11440700","망원2동","5201","3099","2102","17","652","971","1126","1574","861","10","356","715","787","730","501","7","296","256","339","844","360"
"20213","11470611","신월7동","4357","2856","1501","4","467","719","894","1036","1237","3","345","547","587","630","744","1","122","172","307","406","493"
"20213","11470630","신정2동","13985","8015","5970","66","2513","4519","3729","2456","702","30","1020","2487","2309","1628","541","36","1493","2032","1420","828","161"
"20213","11530550","구로4동","2159","1229","930","5","243","425","532","527","427","3","112","228","294","293","299","2","131","197","238","234","128"
"20213","11545510","가산동","84451","55529","28922","300","16641","26228","20890","12369","8023","193","8827","17613","15063","8220","5613","107","7814","8615","5827","4149","2410"
"20213","11545620","독산2동","1789","993","796","1","230","372","417","495","274","0","125","176","207","282","203","1","105","196","210","213","71"
"20213","11545680","시흥2동","3435","2024","1411","4","342","681","873","1027","508","3","199","387","492","597","346","1","143","294","381","430","162"
"20213","11560585","도림동","1619","1028","591","12","144","272","393","413","385","10","65","165","247","262","279","2","79","107","146","151","106"
"20213","11560605","문래동","81647","59216","22431","162","12600","26629","25117","12877","4262","62","7033","20252","20512","8694","2663","100","5567","6377","4605","4183","1599"
"20213","11590660","대방동","11271","7474","3797","22","1880","3051","2637","2515","1166","7","998","2084","1836","1812","737","15","882","967","801","703","429"
"20213","11590560","상도4동","2530","1503","1027","3","355","559","610","636","367","2","174","328","367","445","187","1","181","231","243","191","180"
"20213","11620735","대학동","3077","2250","827","3","433","739","863","742","297","1","256","500","673","587","233","2","177","239","190","155","64"
"20213","11620665","서림동","1808","1022","786","8","273","316","451","387","373","2","137","168","241","231","243","6","136","148","210","156","130"
"20213","11650621","방배4동","21837","13492","8345","61","3771","6017","5424","4166","2398","27","1599","3546","3678","2918","1724","34","2172","2471","1746","1248","674"
"20213","11650651","양재1동","33395","21554","11841","445","7793","9217","7561","4987","3392","215","3960","6187","5334","3319","2539","230","3833","3030","2227","1668","853"
"20213","11680660","개포1동","18376","11295","7081","74","2873","4869","4780","3809","1971","30","1298","2691","3296","2574","1406","44","1575","2178","1484","1235","565"
"20213","11680656","도곡2동","192577","131699","60878","923","36796","75687","55314","19948","3909","583","19659","51843","42526","14511","2577","340","17137","23844","12788","5437","1332"
"20213","11680640","역삼1동","170825","101049","69776","494","34443","51961","43997","29792","10138","189","16474","32429","28719","16126","7112","305","17969","19532","15278","13666","3026"
"20213","11680720","일원본동","36779","20548","16231","181","9454","10978","8976","5878","1312","82","3541","6120","5771","4133","901","99","5913","4858","3205","1745","411"
"20213","11710550","마천2동","2599","1634","965","1","266","601","708","658","365","0","158","375","403","395","303","1","108","226","305","263","62"
"20213","11710561","방이1동","9129","6671","2458","30","952","1771","2392","2432","1552","19","450","1125","1786","1953","1338","11","502","646","606","479","214"
"20213","11710580","송파1동","8660","5413","3247","19","1228","1938","2145","1877","1453","8","530","1150","1399","1255","1071","11","698","788","746","622","382"
"20213","11740690","둔촌1동","1519","845","674","2","191","367","379","391","189","2","92","205","217","206","123","0","99","162","162","185","66"
"20213","11740520","상일동","3611","1827","1784","6","521","804","899","953","428","2","177","402","542","432","272","4","344","402","357","521","156"
"20213","11110640","이화동","5235","2876","2359","13","804","1303","1339","1082","694","6","257","600","777","725","511","7","547","703","562","357","183"
"20213","11110680","창신2동","344","116","228","0","22","40","89","116","77","0","4","11","32","39","30","0","18","29","57","77","47"
"20213","11110560","평창동","23179","12994","10185","45","2878","6197","7579","5016","1464","18","1373","3171","4476","3013","943","27","1505","3026","3103","2003","521"
"20213","11140590","광희동","42508","21177","21331","438","12207","11215","8725","6715","3208","189","5936","6526","5053","2274","1199","249","6271","4689","3672","4441","2009"
"20213","11140680","중림동","4348","2429","1919","3","913","1392","1134","599","307","2","420","754","630","399","224","1","493","638","504","200","83"
"20213","11170650","이태원1동","13034","5712","7322","26","3821","5020","2528","1242","397","14","981","2109","1400","906","302","12","2840","2911","1128","336","95"
"20213","11170625","한강로동","47142","23273","23869","183","9616","14692","13436","6917","2298","87","3914","6875","6681","4207","1509","96","5702","7817","6755","2710","789"
"20213","11215860","구의2동","4204","2612","1592","56","598","727","1055","1126","642","24","306","400","689","739","454","32","292","327","366","387","188"
"20213","11215760","중곡3동","1489","932","557","4","181","361","396","333","214","0","97","252","232","209","142","4","84","109","164","124","72"
"20213","11230560","전농1동","1537","956","581","2","180","270","401","417","267","0","113","170","263","260","150","2","67","100","138","157","117"
"20213","11230570","전농2동","4013","2089","1924","4","468","848","1061","1068","564","1","193","397","571","552","375","3","275","451","490","516","189"
"20213","11260550","면목5동","1080","728","352","1","105","184","287","266","237","1","67","138","140","175","207","0","38","46","147","91","30"
"20213","11260565","면목본동","1764","942","822","1","239","402","450","411","261","0","88","202","232","232","188","1","151","200","218","179","73"
"20213","11290810","석관동","3732","2418","1314","15","344","584","700","754","1335","8","170","353","396","466","1025","7","174","231","304","288","310"
"20213","11290620","정릉1동","1152","621","531","6","149","206","258","298","235","1","41","74","129","183","193","5","108","132","129","115","42"
"20213","11305615","수유1동","1920","874","1046","2","205","347","488","555","323","0","58","142","208","241","225","2","147","205","280","314","98"
"20213","11320522","도봉2동","2128","1350","778","1","113","274","364","537","839","0","39","137","202","352","620","1","74","137","162","185","219"
"20213","11320511","창1동","1790","815","975","6","246","361","472","484","221","3","96","141","213","228","134","3","150","220","259","256","87"
"20213","11350600","공릉2동","7078","3252","3826","29","1186","1746","1707","1652","758","3","368","800","796","808","477","26","818","946","911","844","281"
"20213","11350640","상계2동","2484","1209","1275","6","342","425","617","634","460","3","127","236","291","302","250","3","215","189","326","332","210"
"20213","11350621","중계1동","2169","1191","978","4","284","476","650","541","214","3","119","259","345","297","168","1","165","217","305","244","46"
"20213","11380552","갈현2동","3915","2012","1903","9","404","778","1023","1035","666","7","187","434","483","463","438","2","217","344","540","572","228"
"20213","11380560","구산동","4328","2305","2023","11","537","811","958","1354","657","1","205","363","455","843","438","10","332","448","503","511","219"
"20213","11380530","불광2동","3113","1510","1603","2","194","431","503","653","1330","1","68","222","203","273","743","1","126","209","300","380","587"
"20213","11380590","응암2동","1048","669","379","1","133","138","236","299","241","1","75","75","138","179","201","0","58","63","98","120","40"
"20213","11410700","남가좌2동","1792","933","859","1","205","375","486","493","232","0","73","179","233","280","168","1","132","196","253","213","64"
"20213","11410720","북가좌2동","3057","1561","1496","8","472","602","675","756","544","4","143","304","374","410","326","4","329","298","301","346","218"
"20213","11440655","서강동","6283","3927","2356","43","1080","1516","1510","1228","906","27","531","894","993","811","671","16","549","622","517","417","235"
"20213","11440720","성산1동","5829","3864","1965","19","753","1219","1334","1134","1370","15","369","757","847","790","1086","4","384","462","487","344","284"
"20213","11440590","용강동","13701","8118","5583","13","2008","3377","3238","2712","2353","9","969","1995","2139","1574","1432","4","1039","1382","1099","1138","921"
"20213","11470580","신월3동","1679","963","716","2","177","310","382","494","314","0","66","132","204","310","251","2","111","178","178","184","63"
"20213","11470590","신월4동","1813","1221","592","1","108","222","423","574","485","1","50","117","246","383","424","0","58","105","177","191","61"
"20213","11500604","가양2동","2849","1494","1355","9","375","668","690","678","429","6","175","360","369","336","248","3","200","308","321","342","181"
"20213","11500630","방화1동","7575","5922","1653","10","805","1601","1852","2167","1140","7","575","1308","1478","1793","761","3","230","293","374","374","379"
"20213","11500560","화곡3동","5333","3288","2045","10","724","1292","1364","1226","717","7","390","860","825","689","517","3","334","432","539","537","200"
"20213","11545610","독산1동","12850","8228","4622","40","1027","1759","2150","2804","5070","34","604","1165","1369","1723","3333","6","423","594","781","1081","1737"
"20213","11545630","독산3동","4188","2958","1230","10","366","639","730","800","1643","2","195","372","390","474","1525","8","171","267","340","326","118"
"20213","11560550","당산1동","9078","5438","3640","15","1539","2557","2014","1676","1277","8","613","1428","1263","1168","958","7","926","1129","751","508","319"
"20213","11560660","신길4동","1248","617","631","2","211","297","315","295","128","0","75","138","153","159","92","2","136","159","162","136","36"
"20213","11560680","신길6동","2634","1646","988","10","289","619","687","570","459","7","144","384","416","357","338","3","145","235","271","213","121"
"20213","11590510","노량진1동","5875","3297","2578","18","766","1395","1471","1398","827","12","329","798","898","755","505","6","437","597","573","643","322"
"20213","11590540","상도2동","1732","887","845","6","212","400","459","414","241","0","94","212","243","207","131","6","118","188","216","207","110"
"20213","11620630","남현동","3714","2442","1272","5","617","926","1001","721","444","3","338","621","701","472","307","2","279","305","300","249","137"
"20213","11620575","행운동","4257","2373","1884","15","636","1035","1002","964","605","8","316","584","534","500","431","7","320","451","468","464","174"
"20213","11650581","반포4동","94714","83567","11147","80","9480","20099","25531","35193","4331","34","7191","16727","22658","33449","3508","46","2289","3372","2873","1744","823"
"20213","11650610","방배2동","16805","8184","8621","37","2831","4294","4601","3237","1805","8","985","1931","2132","1909","1219","29","1846","2363","2469","1328","586"
"20213","11650510","서초1동","47386","26528","20858","101","9928","12282","10432","11564","3079","39","3558","6616","6055","8015","2245","62","6370","5666","4377","3549","834"
"20213","11650540","잠원동","16302","9442","6860","68","3397","4796","4022","2503","1516","36","1340","2803","2667","1569","1027","32","2057","1993","1355","934","489"
"20213","11680750","수서동","18037","9516","8521","27","2570","4859","4850","3583","2148","15","1151","2611","2544","1902","1293","12","1419","2248","2306","1681","855"
"20213","11710632","가락2동","10171","6862","3309","22","1354","2162","2015","1893","2725","16","801","1478","1339","1132","2096","6","553","684","676","761","629"
"20213","11710720","잠실7동","14130","6338","7792","52","1984","2775","3999","4487","833","31","995","1820","1888","1074","530","21","989","955","2111","3413","303"
"20213","11740700","둔촌2동","4961","2239","2722","4","946","1293","1058","1026","634","2","281","537","526","489","404","2","665","756","532","537","230"
"20213","11110615","종로1?2?3?4가동","97451","53687","43764","1427","19755","29598","26670","15288","4713","620","8610","14862","15621","10763","3211","807","11145","14736","11049","4525","1502"
"20213","11140650","신당5동","871","462","409","5","105","184","211","191","175","5","47","83","108","101","118","0","58","101","103","90","57"
"20213","11140645","청구동","3104","1714","1390","6","455","830","727","664","422","3","157","432","465","413","244","3","298","398","262","251","178"
"20213","11170580","효창동","1644","932","712","3","218","412","462","363","186","2","103","243","275","183","126","1","115","169","187","180","60"
"20213","11200620","금호4가동","1331","791","540","1","151","308","365","323","183","1","56","159","235","202","138","0","95","149","130","121","45"
"20213","11200670","성수2가1동","10042","6355","3687","107","2280","2880","2284","1625","866","57","1033","1862","1557","1147","699","50","1247","1018","727","478","167"
"20213","11200790","용답동","4708","2845","1863","30","1172","1311","961","753","481","2","511","843","633","476","380","28","661","468","328","277","101"
"20213","11200570","행당2동","268","104","164","0","31","57","76","66","38","0","14","23","24","16","27","0","17","34","52","50","11"
"20213","11215780","능동","2288","1405","883","7","330","533","589","459","370","3","160","314","371","276","281","4","170","219","218","183","89"
"20213","11230545","제기동","5479","3268","2211","10","735","1334","1323","1152","925","3","312","789","843","680","641","7","423","545","480","472","284"
"20213","11230710","회기동","784","371","413","1","93","180","195","178","137","1","28","71","89","84","98","0","65","109","106","94","39"
"20213","11260660","망우3동","1076","573","503","1","96","157","257","314","251","1","35","66","120","172","179","0","61","91","137","142","72"
"20213","11260620","묵1동","2604","1240","1364","4","285","604","740","629","342","1","102","281","337","286","233","3","183","323","403","343","109"
"20213","11260610","중화2동","1532","868","664","9","181","236","386","343","377","7","89","111","195","197","269","2","92","125","191","146","108"
"20213","11290725","월곡2동","4825","3059","1766","6","757","1363","1166","854","679","1","379","896","712","512","559","5","378","467","454","342","120"
"20213","11290650","정릉4동","2401","1467","934","2","203","363","582","760","491","0","64","182","369","511","341","2","139","181","213","249","150"
"20213","11305555","송천동","1900","953","947","3","145","324","405","482","541","2","42","149","190","273","297","1","103","175","215","209","244"
"20213","11320521","도봉1동","2162","1429","733","1","104","246","486","761","564","1","26","129","286","544","443","0","78","117","200","217","121"
"20213","11320660","쌍문1동","1769","844","925","0","216","280","472","488","313","0","56","101","185","251","251","0","160","179","287","237","62"
"20213","11350611","하계1동","4631","2934","1697","10","541","947","1177","1316","640","7","252","547","704","929","495","3","289","400","473","387","145"
"20213","11380551","갈현1동","2607","1348","1259","11","445","605","620","564","362","7","183","321","312","288","237","4","262","284","308","276","125"
"20213","11380510","녹번동","5199","2759","2440","14","602","1221","1380","1375","607","9","291","593","665","805","396","5","311","628","715","570","211"
"20213","11380650","수색동","1766","1115","651","0","231","468","426","349","292","0","114","299","263","220","219","0","117","169","163","129","73"
"20213","11380600","응암3동","2243","1094","1149","1","246","524","620","544","308","0","93","261","288","251","201","1","153","263","332","293","107"
"20213","11380690","진관동","3595","1885","1710","4","367","871","969","867","517","2","170","543","543","367","260","2","197","328","426","500","257"
"20213","11410555","북아현동","1845","1353","492","0","191","416","503","517","218","0","82","314","396","401","160","0","109","102","107","116","58"
"20213","11410565","충현동","14173","8784","5389","22","1788","3587","3729","3349","1698","13","845","2173","2366","2194","1193","9","943","1414","1363","1155","505"
"20213","11440630","신수동","5675","3230","2445","14","686","1567","1578","1378","452","12","255","740","902","974","347","2","431","827","676","404","105"
"20213","11470540","목4동","2879","1741","1138","7","354","627","828","712","351","4","144","373","493","453","274","3","210","254","335","259","77"
"20213","11470640","신정3동","7022","4988","2034","7","565","1340","1751","1490","1869","1","271","806","1186","1041","1683","6","294","534","565","449","186"
"20213","11500520","등촌1동","8609","5163","3446","22","1724","2223","1900","1545","1195","13","636","1404","1311","1008","791","9","1088","819","589","537","404"
"20213","11500510","염창동","19659","9116","10543","50","3048","5769","5855","3303","1634","29","1102","2522","2356","1821","1286","21","1946","3247","3499","1482","348"
"20213","11530740","개봉1동","4844","2808","2036","9","463","1029","1149","1259","935","7","239","570","592","717","683","2","224","459","557","542","252"
"20213","11530530","구로2동","13937","8549","5388","41","1703","3217","3450","3483","2043","20","796","1900","2064","2280","1489","21","907","1317","1386","1203","554"
"20213","11530540","구로3동","52394","34315","18079","202","10890","17618","13256","6528","3900","132","5505","11682","9334","4548","3114","70","5385","5936","3922","1980","786"
"20213","11530800","항동","1601","998","603","2","147","323","512","371","246","1","53","172","316","264","192","1","94","151","196","107","54"
"20213","11545670","시흥1동","6679","3563","3116","15","926","1606","1587","1664","881","10","425","798","798","941","591","5","501","808","789","723","290"
"20213","11560560","당산2동","14108","9461","4647","48","2208","3163","3415","3108","2166","22","1130","1980","2383","2282","1664","26","1078","1183","1032","826","502"
"20213","11590630","사당2동","2674","1472","1202","15","427","777","722","492","241","6","208","472","426","226","134","9","219","305","296","266","107"
"20213","11590640","사당3동","3596","2099","1497","3","446","802","955","838","552","0","176","433","585","500","405","3","270","369","370","338","147"
"20213","11590605","흑석동","1446","824","622","2","197","319","389","321","218","1","100","177","223","176","147","1","97","142","166","145","71"
"20213","11620715","난향동","1315","649","666","1","151","289","365","283","226","0","41","132","152","144","180","1","110","157","213","139","46"
"20213","11620655","신원동","1011","576","435","5","113","213","247","244","189","3","60","118","146","143","106","2","53","95","101","101","83"
"20213","11620725","조원동","3254","2026","1228","7","613","788","789","699","358","2","285","513","503","469","254","5","328","275","286","230","104"
"20213","11650550","반포본동","24429","13311","11118","37","4041","8064","6985","4177","1125","22","1479","4403","3916","2614","877","15","2562","3661","3069","1563","248"
"20213","11650530","서초3동","68236","40512","27724","193","11708","20440","17471","12437","5987","88","4953","11908","11177","8110","4276","105","6755","8532","6294","4327","1711"
"20213","11680690","개포4동","8809","6333","2476","21","1063","1992","2481","2105","1147","9","526","1333","1880","1637","948","12","537","659","601","468","199"
"20213","11680510","신사동","27942","16647","11295","98","5802","8429","7084","4252","2277","41","2251","5152","4743","2778","1682","57","3551","3277","2341","1474","595"
"20213","11710642","문정2동","41453","26054","15399","81","5936","12616","12707","7337","2776","36","2842","7120","8712","5617","1727","45","3094","5496","3995","1720","1049"
"20213","11710610","삼전동","7762","5230","2532","5","936","1763","1740","1549","1769","5","530","1154","1145","951","1445","0","406","609","595","598","324"
"20213","11710600","석촌동","8870","5856","3014","20","1074","2021","2072","1815","1868","12","607","1458","1402","1073","1304","8","467","563","670","742","564"
"20213","11710590","송파2동","14196","8974","5222","63","2237","3514","3721","3393","1268","47","1080","2233","2681","2128","805","16","1157","1281","1040","1265","463"
"20213","11740560","고덕2동","1985","1260","725","0","118","259","426","694","488","0","27","115","243","481","394","0","91","144","183","213","94"
"20213","11740650","성내2동","2304","1410","894","7","391","474","511","467","454","3","252","290","298","287","280","4","139","184","213","180","174"
"20213","11740580","암사2동","2638","964","1674","3","269","441","620","793","512","3","97","204","251","229","180","0","172","237","369","564","332"
"20213","11110580","교남동","847","498","349","3","100","217","222","173","132","1","35","111","132","116","103","2","65","106","90","57","29"
"20213","11110550","부암동","4115","2286","1829","8","695","1179","1099","798","336","3","287","651","630","483","232","5","408","528","469","315","104"
"20213","11110700","숭인1동","460","210","250","1","87","99","102","101","70","0","16","42","51","53","48","1","71","57","51","48","22"
"20213","11110710","숭인2동","1942","998","944","9","288","341","456","464","384","5","89","162","255","278","209","4","199","179","201","186","175"
"20213","11110515","청운효자동","10628","6827","3801","65","1929","3064","2954","1874","742","7","842","1921","2196","1349","512","58","1087","1143","758","525","230"
"20213","11140625","다산동","6567","4125","2442","12","1165","2090","1574","1149","577","3","481","1432","1099","702","408","9","684","658","475","447","169"
"20213","11140520","소공동","77533","41196","36337","404","22441","24493","17068","10242","2885","116","7294","12188","12180","7491","1927","288","15147","12305","4888","2751","958"
"20213","11140615","신당동","3199","1726","1473","33","894","680","608","585","399","13","401","354","314","373","271","20","493","326","294","212","128"
"20213","11140580","장충동","10396","5498","4898","51","2383","2853","2688","1978","443","13","839","1601","1603","1139","303","38","1544","1252","1085","839","140"
"20213","11170660","이태원2동","1258","696","562","5","213","404","318","198","120","2","96","223","170","110","95","3","117","181","148","88","25"
"20213","11200660","성수1가2동","6301","4314","1987","24","1008","1280","1327","1359","1303","15","599","850","854","963","1033","9","409","430","473","396","270"
"20213","11215730","군자동","2363","1289","1074","5","295","494","527","536","506","2","119","258","304","283","323","3","176","236","223","253","183"
"20213","11215820","자양1동","12355","9722","2633","5","841","1746","3348","5029","1386","5","376","1117","2681","4367","1176","0","465","629","667","662","210"
"20213","11215750","중곡2동","2814","1604","1210","4","390","568","717","661","474","1","239","330","379","348","307","3","151","238","338","313","167"
"20213","11230600","답십리1동","6333","3031","3302","9","924","1297","1755","1680","668","4","626","866","637","452","446","5","298","431","1118","1228","222"
"20213","11260520","면목2동","1492","821","671","4","152","249","327","436","324","2","51","112","171","247","238","2","101","137","156","189","86"
"20213","11290575","동선동","2511","1246","1265","27","334","520","566","624","440","16","114","226","274","337","279","11","220","294","292","287","161"
"20213","11305534","삼양동","1087","628","459","5","145","205","255","257","220","3","60","98","133","160","174","2","85","107","122","97","46"
"20213","11305635","수유3동","3385","1724","1661","10","367","814","869","876","449","8","144","349","405","534","284","2","223","465","464","342","165"
"20213","11320700","방학2동","1017","474","543","0","95","205","247","208","262","0","40","102","115","103","114","0","55","103","132","105","148"
"20213","11320681","쌍문4동","1365","711","654","0","144","324","378","347","172","0","43","156","192","184","136","0","101","168","186","163","36"
"20213","11320512","창2동","2466","1391","1075","11","299","549","665","571","371","10","137","321","363","293","267","1","162","228","302","278","104"
"20213","11320514","창4동","2724","1708","1016","2","286","524","672","743","497","1","127","277","399","498","406","1","159","247","273","245","91"
"20213","11350619","중계본동","1798","881","917","8","209","368","445","499","269","6","100","188","195","227","165","2","109","180","250","272","104"
"20213","11380520","불광1동","3646","1607","2039","6","523","861","954","838","464","2","193","377","428","368","239","4","330","484","526","470","225"
"20213","11470530","목3동","2504","1376","1128","3","327","551","660","602","361","2","163","320","355","306","230","1","164","231","305","296","131"
"20213","11470560","신월1동","2247","1444","803","6","213","373","517","727","411","3","111","232","314","480","304","3","102","141","203","247","107"
"20213","11470620","신정1동","11571","6760","4811","51","2043","2900","2904","2459","1214","46","852","1805","1741","1428","888","5","1191","1095","1163","1031","326"
"20213","11470650","신정4동","7226","3988","3238","16","1221","1286","1376","1506","1821","8","376","629","698","817","1460","8","845","657","678","689","361"
"20213","11500611","발산1동","3230","1862","1368","4","229","472","852","1035","638","2","103","237","408","598","514","2","126","235","444","437","124"
"20213","11500593","화곡8동","2037","1114","923","7","298","523","565","373","271","6","135","286","282","223","182","1","163","237","283","150","89"
"20213","11530790","수궁동","3693","2490","1203","23","382","709","841","1029","709","20","234","445","526","700","565","3","148","264","315","329","144"
"20213","11530510","신도림동","13037","8565","4472","38","2126","4038","3175","2358","1302","18","890","2755","2286","1629","987","20","1236","1283","889","729","315"
"20213","11530780","오류2동","2785","1685","1100","4","281","624","732","696","448","1","120","353","422","440","349","3","161","271","310","256","99"
"20213","11545690","시흥3동","7990","4735","3255","17","592","1163","1847","2084","2287","8","314","754","1071","1135","1453","9","278","409","776","949","834"
"20213","11545700","시흥4동","1558","936","622","16","243","318","440","378","163","12","148","218","263","176","119","4","95","100","177","202","44"
"20213","11545710","시흥5동","1721","1012","709","21","247","398","427","359","269","15","130","260","249","185","173","6","117","138","178","174","96"
"20213","11560700","대림1동","2425","937","1488","0","785","549","491","412","188","0","166","197","240","208","126","0","619","352","251","204","62"
"20213","11560610","양평1동","12821","7428","5393","53","2537","2953","2834","2570","1874","22","1298","1886","1691","1321","1210","31","1239","1067","1143","1249","664"
"20213","11590650","사당4동","1399","726","673","5","155","229","303","271","436","4","59","115","137","126","285","1","96","114","166","145","151"
"20213","11590651","사당5동","1931","1038","893","2","242","468","579","457","183","1","112","219","297","257","152","1","130","249","282","200","31"
"20213","11620745","삼성동","1795","991","804","9","195","365","476","476","274","2","83","180","251","260","215","7","112","185","225","216","59"
"20213","11620565","성현동","7335","2785","4550","55","1046","1290","1680","2205","1059","31","479","676","763","595","241","24","567","614","917","1610","818"
"20213","11650660","내곡동","14211","9232","4979","62","2050","2934","2992","3044","3129","53","1454","2116","2049","1745","1815","9","596","818","943","1299","1314"
"20213","11650560","반포1동","7332","4498","2834","9","1338","2420","1829","1125","611","2","633","1581","1213","625","444","7","705","839","616","500","167"
"20213","11650580","반포3동","8637","4815","3822","20","1367","2193","1912","1729","1416","7","578","1294","1265","1001","670","13","789","899","647","728","746"
"20213","11680521","논현1동","41576","24313","17263","162","10856","12491","8831","5739","3497","68","4624","7421","5950","3705","2545","94","6232","5070","2881","2034","952"
"20213","11680600","대치1동","20053","10683","9370","37","3668","6545","4998","3118","1687","15","1378","3248","2827","1994","1221","22","2290","3297","2171","1124","466"
"20213","11680545","압구정동","44490","25047","19443","256","9903","13905","10212","6655","3559","102","3671","7810","6873","4381","2210","154","6232","6095","3339","2274","1349"
"20213","11710570","오금동","27438","19217","8221","45","3630","6522","6925","6613","3703","29","2126","4408","5118","5012","2524","16","1504","2114","1807","1601","1179"
"20213","11710566","오륜동","25084","14536","10548","45","4062","7583","6511","5022","1861","14","1636","3946","4187","3325","1428","31","2426","3637","2324","1697","433"
"20213","11710680","잠실3동","21831","14806","7025","108","3990","5469","5434","4132","2698","48","2079","3783","4024","2965","1907","60","1911","1686","1410","1167","791"
"20213","11740515","강일동","1357","886","471","0","196","292","374","333","162","0","98","199","237","215","137","0","98","93","137","118","25"
"20213","11740550","고덕1동","2188","1136","1052","0","240","487","569","526","366","0","108","271","280","241","236","0","132","216","289","285","130"
"20213","11740685","길동","9468","4805","4663","25","1369","1886","2128","2298","1762","15","541","1001","1136","1055","1057","10","828","885","992","1243","705"
"20213","11740530","명일1동","4220","2357","1863","9","623","1131","1061","762","634","4","293","679","693","390","298","5","330","452","368","372","336"
"20213","11740570","암사1동","3940","2413","1527","6","504","843","830","791","966","2","246","550","529","537","549","4","258","293","301","254","417"
"20213","11110600","가회동","11728","8729","2999","7","1263","4028","3519","2201","710","6","655","2966","2750","1810","542","1","608","1062","769","391","168"
"20213","11110690","창신3동","300","142","158","1","38","80","74","78","29","0","14","34","35","41","18","1","24","46","39","37","11"
"20213","11140550","명동","72930","42220","30710","107","11914","24562","19786","12954","3607","41","4764","12669","12754","9554","2438","66","7150","11893","7032","3400","1169"
"20213","11140570","필동","17346","8148","9198","41","2497","4384","5350","3789","1285","16","843","2169","2511","1781","828","25","1654","2215","2839","2008","457"
"20213","11170570","원효로2동","4609","3303","1306","17","726","1387","1277","740","462","7","416","989","980","547","364","10","310","398","297","193","98"
"20213","11170510","후암동","2324","1371","953","9","361","509","641","516","288","7","137","304","418","306","199","2","224","205","223","210","89"
"20213","11200540","마장동","7683","5451","2232","32","651","1345","1769","2510","1376","28","387","920","1288","1803","1025","4","264","425","481","707","351"
"20213","11200550","사근동","2650","1837","813","2","159","472","841","788","388","2","59","297","569","596","314","0","100","175","272","192","74"
"20213","11200535","왕십리도선동","5949","2726","3223","23","982","1143","1247","1456","1098","4","341","631","669","614","467","19","641","512","578","842","631"
"20213","11215850","구의1동","3628","2155","1473","9","515","899","1000","818","387","8","269","519","553","530","276","1","246","380","447","288","111"
"20213","11230740","이문1동","4076","1851","2225","3","781","1042","1081","784","385","2","164","402","537","471","275","1","617","640","544","313","110"
"20213","11230705","청량리동","4909","2614","2295","7","873","1407","941","916","765","5","334","799","527","516","433","2","539","608","414","400","332"
"20213","11260575","면목3?8동","3459","2159","1300","7","341","614","876","936","685","2","118","323","518","673","525","5","223","291","358","263","160"
"20213","11260690","신내2동","3776","2095","1681","8","503","948","927","926","464","5","209","446","476","601","358","3","294","502","451","325","106"
"20213","11260600","중화1동","1955","1034","921","0","231","422","496","461","345","0","87","173","241","257","276","0","144","249","255","204","69"
"20213","11290580","돈암1동","2329","1067","1262","9","677","705","484","321","133","0","162","352","257","181","115","9","515","353","227","140","18"
"20213","11290590","돈암2동","11726","7090","4636","44","1806","2813","3721","2083","1259","13","834","1672","2483","1535","553","31","972","1141","1238","548","706"
"20213","11305545","송중동","2249","1126","1123","13","239","363","636","577","421","11","98","158","279","282","298","2","141","205","357","295","123"
"20213","11320513","창3동","775","403","372","1","82","159","233","192","108","0","23","87","136","93","64","1","59","72","97","99","44"
"20213","11350665","상계3?4동","2343","1623","720","1","143","225","563","854","557","0","53","113","356","647","454","1","90","112","207","207","103"
"20213","11380631","신사1동","2475","1318","1157","2","267","513","566","607","520","0","108","252","308","291","359","2","159","261","258","316","161"
"20213","11380632","신사2동","1918","1332","586","5","228","379","473","475","358","5","169","255","279","313","311","0","59","124","194","162","47"
"20213","11380625","역촌동","4694","2257","2437","13","779","952","1204","1060","686","3","282","432","566","512","462","10","497","520","638","548","224"
"20213","11410520","천연동","1823","985","838","2","163","301","468","629","260","2","55","136","264","369","159","0","108","165","204","260","101"
"20213","11410685","홍은2동","5835","3769","2066","38","926","1570","1420","1250","631","32","524","1029","916","820","448","6","402","541","504","430","183"
"20213","11410640","홍제3동","1201","596","605","4","116","149","247","307","378","1","41","59","115","157","223","3","75","90","132","150","155"
"20213","11440555","아현동","11780","6477","5303","23","2240","3776","3328","2004","409","9","975","2113","1872","1217","291","14","1265","1663","1456","787","118"
"20213","11440680","합정동","5738","3211","2527","14","955","1644","1487","1049","589","11","379","809","935","673","404","3","576","835","552","376","185"
"20213","11470520","목2동","5530","3082","2448","4","766","1343","1466","1257","694","3","362","729","810","727","451","1","404","614","656","530","243"
"20213","11500603","가양1동","5337","3304","2033","4","589","1111","1212","1288","1133","2","247","674","720","830","831","2","342","437","492","458","302"
"20213","11500605","가양3동","3216","2060","1156","13","542","708","898","664","391","7","352","475","573","394","259","6","190","233","325","270","132"
"20213","11530720","고척1동","7767","5490","2277","7","690","1575","2040","2362","1093","5","361","1045","1423","1771","885","2","329","530","617","591","208"
"20213","11545640","독산4동","1765","991","774","2","225","303","376","416","443","1","128","180","220","205","257","1","97","123","156","211","186"
"20213","11560710","대림2동","4606","2336","2270","27","855","1092","1021","707","904","8","328","577","443","397","583","19","527","515","578","310","321"
"20213","11560720","대림3동","6057","3897","2160","17","635","1258","1552","1442","1153","5","328","877","1105","901","681","12","307","381","447","541","472"
"20213","11560515","영등포본동","5708","3229","2479","36","808","1406","1461","1375","622","15","347","711","835","853","468","21","461","695","626","522","154"
"20213","11590520","노량진2동","4687","2431","2256","11","746","1363","1135","951","481","3","389","592","527","608","312","8","357","771","608","343","169"
"20213","11590620","사당1동","3916","2054","1862","9","659","963","1044","718","523","4","217","469","523","427","414","5","442","494","521","291","109"
"20213","11590550","상도3동","1371","776","595","1","119","278","361","320","292","1","68","182","212","159","154","0","51","96","149","161","138"
"20213","11590680","신대방2동","22031","14020","8011","54","4027","4597","4124","5144","4085","30","3041","3521","2633","2623","2172","24","986","1076","1491","2521","1913"
"20213","11620775","난곡동","1481","807","674","0","165","296","361","425","234","0","68","153","180","237","169","0","97","143","181","188","65"
"20213","11620765","미성동","3689","2177","1512","28","364","650","866","953","828","22","226","379","483","494","573","6","138","271","383","459","255"
"20213","11650620","방배3동","17809","11648","6161","114","2781","5297","4805","2896","1916","37","1413","3322","3453","1995","1428","77","1368","1975","1352","901","488"
"20213","11680670","개포2동","9490","6220","3270","35","1658","2701","2271","1757","1068","14","884","1810","1564","1122","826","21","774","891","707","635","242"
"20213","11680630","대치4동","33305","20468","12837","149","5336","9904","9047","5656","3213","21","2296","5995","6187","3965","2004","128","3040","3909","2860","1691","1209"
"20213","11680655","도곡1동","40888","28978","11910","97","6985","9515","11398","10350","2543","71","3545","6237","8574","8481","2070","26","3440","3278","2824","1869","473"
"20213","11710532","거여2동","2952","1523","1429","13","377","486","723","879","474","6","209","286","369","394","259","7","168","200","354","485","215"
"20213","11710641","문정1동","34975","27013","7962","17","3178","6528","10070","13196","1986","9","1869","4711","7830","11299","1295","8","1309","1817","2240","1897","691"
"20213","11740540","명일2동","2874","1969","905","5","337","819","768","610","335","3","172","581","558","393","262","2","165","238","210","217","73"
"20213","11740660","성내3동","4641","2789","1852","15","658","1034","1162","962","810","13","344","656","703","541","532","2","314","378","459","421","278"
"20213","11740610","천호2동","3817","1970","1847","14","484","802","933","884","700","8","199","378","464","440","481","6","285","424","469","444","219"
"20213","11740620","천호3동","2763","1566","1197","3","170","305","475","502","1308","3","64","139","236","255","869","0","106","166","239","247","439"
"20222","11545680","시흥2동","3435","2024","1411","4","342","681","873","1027","508","3","199","387","492","597","346","1","143","294","381","430","162"
"20222","11560585","도림동","1619","1028","591","12","144","272","393","413","385","10","65","165","247","262","279","2","79","107","146","151","106"
"20222","11560605","문래동","81647","59216","22431","162","12600","26629","25117","12877","4262","62","7033","20252","20512","8694","2663","100","5567","6377","4605","4183","1599"
"20222","11590660","대방동","11271","7474","3797","22","1880","3051","2637","2515","1166","7","998","2084","1836","1812","737","15","882","967","801","703","429"
"20222","11590560","상도4동","2530","1503","1027","3","355","559","610","636","367","2","174","328","367","445","187","1","181","231","243","191","180"
"20222","11620735","대학동","3077","2250","827","3","433","739","863","742","297","1","256","500","673","587","233","2","177","239","190","155","64"
"20222","11620665","서림동","1808","1022","786","8","273","316","451","387","373","2","137","168","241","231","243","6","136","148","210","156","130"
"20222","11650621","방배4동","21837","13492","8345","61","3771","6017","5424","4166","2398","27","1599","3546","3678","2918","1724","34","2172","2471","1746","1248","674"
"20222","11650651","양재1동","33395","21554","11841","445","7793","9217","7561","4987","3392","215","3960","6187","5334","3319","2539","230","3833","3030","2227","1668","853"
"20222","11680660","개포1동","18376","11295","7081","74","2873","4869","4780","3809","1971","30","1298","2691","3296","2574","1406","44","1575","2178","1484","1235","565"
"20222","11680656","도곡2동","192577","131699","60878","923","36796","75687","55314","19948","3909","583","19659","51843","42526","14511","2577","340","17137","23844","12788","5437","1332"
"20222","11680640","역삼1동","170825","101049","69776","494","34443","51961","43997","29792","10138","189","16474","32429","28719","16126","7112","305","17969","19532","15278","13666","3026"
"20222","11680720","일원본동","36779","20548","16231","181","9454","10978","8976","5878","1312","82","3541","6120","5771","4133","901","99","5913","4858","3205","1745","411"
"20222","11710550","마천2동","2599","1634","965","1","266","601","708","658","365","0","158","375","403","395","303","1","108","226","305","263","62"
"20222","11710561","방이1동","9129","6671","2458","30","952","1771","2392","2432","1552","19","450","1125","1786","1953","1338","11","502","646","606","479","214"
"20222","11710580","송파1동","8660","5413","3247","19","1228","1938","2145","1877","1453","8","530","1150","1399","1255","1071","11","698","788","746","622","382"
"20222","11740690","둔촌1동","1519","845","674","2","191","367","379","391","189","2","92","205","217","206","123","0","99","162","162","185","66"
"20222","11740520","상일동","3611","1827","1784","6","521","804","899","953","428","2","177","402","542","432","272","4","344","402","357","521","156"
"20222","11110640","이화동","5235","2876","2359","13","804","1303","1339","1082","694","6","257","600","777","725","511","7","547","703","562","357","183"
"20222","11110680","창신2동","344","116","228","0","22","40","89","116","77","0","4","11","32","39","30","0","18","29","57","77","47"
"20222","11110560","평창동","23179","12994","10185","45","2878","6197","7579","5016","1464","18","1373","3171","4476","3013","943","27","1505","3026","3103","2003","521"
"20222","11140590","광희동","42508","21177","21331","438","12207","11215","8725","6715","3208","189","5936","6526","5053","2274","1199","249","6271","4689","3672","4441","2009"
"20222","11140680","중림동","4348","2429","1919","3","913","1392","1134","599","307","2","420","754","630","399","224","1","493","638","504","200","83"
"20222","11170650","이태원1동","13034","5712","7322","26","3821","5020","2528","1242","397","14","981","2109","1400","906","302","12","2840","2911","1128","336","95"
"20222","11170625","한강로동","47142","23273","23869","183","9616","14692","13436","6917","2298","87","3914","6875","6681","4207","1509","96","5702","7817","6755","2710","789"
"20222","11215860","구의2동","4204","2612","1592","56","598","727","1055","1126","642","24","306","400","689","739","454","32","292","327","366","387","188"
"20222","11215760","중곡3동","1489","932","557","4","181","361","396","333","214","0","97","252","232","209","142","4","84","109","164","124","72"
"20222","11230560","전농1동","1537","956","581","2","180","270","401","417","267","0","113","170","263","260","150","2","67","100","138","157","117"
"20222","11230570","전농2동","4013","2089","1924","4","468","848","1061","1068","564","1","193","397","571","552","375","3","275","451","490","516","189"
"20222","11260550","면목5동","1080","728","352","1","105","184","287","266","237","1","67","138","140","175","207","0","38","46","147","91","30"
"20222","11260565","면목본동","1764","942","822","1","239","402","450","411","261","0","88","202","232","232","188","1","151","200","218","179","73"
"20222","11290810","석관동","3732","2418","1314","15","344","584","700","754","1335","8","170","353","396","466","1025","7","174","231","304","288","310"
"20222","11290620","정릉1동","1152","621","531","6","149","206","258","298","235","1","41","74","129","183","193","5","108","132","129","115","42"
"20222","11305615","수유1동","1920","874","1046","2","205","347","488","555","323","0","58","142","208","241","225","2","147","205","280","314","98"
"20222","11320522","도봉2동","2128","1350","778","1","113","274","364","537","839","0","39","137","202","352","620","1","74","137","162","185","219"
"20222","11320511","창1동","1790","815","975","6","246","361","472","484","221","3","96","141","213","228","134","3","150","220","259","256","87"
"20222","11350600","공릉2동","7078","3252","3826","29","1186","1746","1707","1652","758","3","368","800","796","808","477","26","818","946","911","844","281"
"20222","11350640","상계2동","2484","1209","1275","6","342","425","617","634","460","3","127","236","291","302","250","3","215","189","326","332","210"
"20222","11350621","중계1동","2169","1191","978","4","284","476","650","541","214","3","119","259","345","297","168","1","165","217","305","244","46"
"20222","11380552","갈현2동","3915","2012","1903","9","404","778","1023","1035","666","7","187","434","483","463","438","2","217","344","540","572","228"
"20222","11380560","구산동","4328","2305","2023","11","537","811","958","1354","657","1","205","363","455","843","438","10","332","448","503","511","219"
"20222","11380530","불광2동","3113","1510","1603","2","194","431","503","653","1330","1","68","222","203","273","743","1","126","209","300","380","587"
"20222","11380590","응암2동","1048","669","379","1","133","138","236","299","241","1","75","75","138","179","201","0","58","63","98","120","40"
"20222","11410700","남가좌2동","1792","933","859","1","205","375","486","493","232","0","73","179","233","280","168","1","132","196","253","213","64"
"20222","11410720","북가좌2동","3057","1561","1496","8","472","602","675","756","544","4","143","304","374","410","326","4","329","298","301","346","218"
"20222","11440655","서강동","6283","3927","2356","43","1080","1516","1510","1228","906","27","531","894","993","811","671","16","549","622","517","417","235"
"20222","11440720","성산1동","5829","3864","1965","19","753","1219","1334","1134","1370","15","369","757","847","790","1086","4","384","462","487","344","284"
"20222","11440590","용강동","13701","8118","5583","13","2008","3377","3238","2712","2353","9","969","1995","2139","1574","1432","4","1039","1382","1099","1138","921"
"20222","11470580","신월3동","1679","963","716","2","177","310","382","494","314","0","66","132","204","310","251","2","111","178","178","184","63"
"20222","11470590","신월4동","1813","1221","592","1","108","222","423","574","485","1","50","117","246","383","424","0","58","105","177","191","61"
"20222","11500604","가양2동","2849","1494","1355","9","375","668","690","678","429","6","175","360","369","336","248","3","200","308","321","342","181"
"20222","11500630","방화1동","7575","5922","1653","10","805","1601","1852","2167","1140","7","575","1308","1478","1793","761","3","230","293","374","374","379"
"20222","11500560","화곡3동","5333","3288","2045","10","724","1292","1364","1226","717","7","390","860","825","689","517","3","334","432","539","537","200"
"20222","11545610","독산1동","12850","8228","4622","40","1027","1759","2150","2804","5070","34","604","1165","1369","1723","3333","6","423","594","781","1081","1737"
"20222","11545630","독산3동","4188","2958","1230","10","366","639","730","800","1643","2","195","372","390","474","1525","8","171","267","340","326","118"
"20222","11560550","당산1동","9078","5438","3640","15","1539","2557","2014","1676","1277","8","613","1428","1263","1168","958","7","926","1129","751","508","319"
"20222","11560660","신길4동","1248","617","631","2","211","297","315","295","128","0","75","138","153","159","92","2","136","159","162","136","36"
"20222","11560680","신길6동","2634","1646","988","10","289","619","687","570","459","7","144","384","416","357","338","3","145","235","271","213","121"
"20222","11590510","노량진1동","5875","3297","2578","18","766","1395","1471","1398","827","12","329","798","898","755","505","6","437","597","573","643","322"
"20222","11590540","상도2동","1732","887","845","6","212","400","459","414","241","0","94","212","243","207","131","6","118","188","216","207","110"
"20222","11620630","남현동","3714","2442","1272","5","617","926","1001","721","444","3","338","621","701","472","307","2","279","305","300","249","137"
"20222","11620575","행운동","4257","2373","1884","15","636","1035","1002","964","605","8","316","584","534","500","431","7","320","451","468","464","174"
"20222","11650581","반포4동","94714","83567","11147","80","9480","20099","25531","35193","4331","34","7191","16727","22658","33449","3508","46","2289","3372","2873","1744","823"
"20222","11650610","방배2동","16805","8184","8621","37","2831","4294","4601","3237","1805","8","985","1931","2132","1909","1219","29","1846","2363","2469","1328","586"
"20222","11650510","서초1동","47386","26528","20858","101","9928","12282","10432","11564","3079","39","3558","6616","6055","8015","2245","62","6370","5666","4377","3549","834"
"20222","11650540","잠원동","16302","9442","6860","68","3397","4796","4022","2503","1516","36","1340","2803","2667","1569","1027","32","2057","1993","1355","934","489"
"20222","11680750","수서동","18037","9516","8521","27","2570","4859","4850","3583","2148","15","1151","2611","2544","1902","1293","12","1419","2248","2306","1681","855"
"20222","11710632","가락2동","10171","6862","3309","22","1354","2162","2015","1893","2725","16","801","1478","1339","1132","2096","6","553","684","676","761","629"
"20222","11710720","잠실7동","14130","6338","7792","52","1984","2775","3999","4487","833","31","995","1820","1888","1074","530","21","989","955","2111","3413","303"
"20222","11740700","둔촌2동","4961","2239","2722","4","946","1293","1058","1026","634","2","281","537","526","489","404","2","665","756","532","537","230"
"20222","11110615","종로1?2?3?4가동","97451","53687","43764","1427","19755","29598","26670","15288","4713","620","8610","14862","15621","10763","3211","807","11145","14736","11049","4525","1502"
"20222","11140650","신당5동","871","462","409","5","105","184","211","191","175","5","47","83","108","101","118","0","58","101","103","90","57"
"20222","11140645","청구동","3104","1714","1390","6","455","830","727","664","422","3","157","432","465","413","244","3","298","398","262","251","178"
"20222","11170580","효창동","1644","932","712","3","218","412","462","363","186","2","103","243","275","183","126","1","115","169","187","180","60"
"20222","11200620","금호4가동","1331","791","540","1","151","308","365","323","183","1","56","159","235","202","138","0","95","149","130","121","45"
"20222","11200670","성수2가1동","10042","6355","3687","107","2280","2880","2284","1625","866","57","1033","1862","1557","1147","699","50","1247","1018","727","478","167"
"20222","11200790","용답동","4708","2845","1863","30","1172","1311","961","753","481","2","511","843","633","476","380","28","661","468","328","277","101"
"20222","11200570","행당2동","268","104","164","0","31","57","76","66","38","0","14","23","24","16","27","0","17","34","52","50","11"
"20222","11215780","능동","2288","1405","883","7","330","533","589","459","370","3","160","314","371","276","281","4","170","219","218","183","89"
"20222","11230545","제기동","5479","3268","2211","10","735","1334","1323","1152","925","3","312","789","843","680","641","7","423","545","480","472","284"
"20222","11230710","회기동","784","371","413","1","93","180","195","178","137","1","28","71","89","84","98","0","65","109","106","94","39"
"20222","11260660","망우3동","1076","573","503","1","96","157","257","314","251","1","35","66","120","172","179","0","61","91","137","142","72"
"20222","11260620","묵1동","2604","1240","1364","4","285","604","740","629","342","1","102","281","337","286","233","3","183","323","403","343","109"
"20222","11260610","중화2동","1532","868","664","9","181","236","386","343","377","7","89","111","195","197","269","2","92","125","191","146","108"
"20222","11290725","월곡2동","4825","3059","1766","6","757","1363","1166","854","679","1","379","896","712","512","559","5","378","467","454","342","120"
"20222","11290650","정릉4동","2401","1467","934","2","203","363","582","760","491","0","64","182","369","511","341","2","139","181","213","249","150"
"20222","11305555","송천동","1900","953","947","3","145","324","405","482","541","2","42","149","190","273","297","1","103","175","215","209","244"
"20222","11320521","도봉1동","2162","1429","733","1","104","246","486","761","564","1","26","129","286","544","443","0","78","117","200","217","121"
"20222","11320660","쌍문1동","1769","844","925","0","216","280","472","488","313","0","56","101","185","251","251","0","160","179","287","237","62"
"20222","11350611","하계1동","4631","2934","1697","10","541","947","1177","1316","640","7","252","547","704","929","495","3","289","400","473","387","145"
"20222","11380551","갈현1동","2607","1348","1259","11","445","605","620","564","362","7","183","321","312","288","237","4","262","284","308","276","125"
"20222","11380510","녹번동","5199","2759","2440","14","602","1221","1380","1375","607","9","291","593","665","805","396","5","311","628","715","570","211"
"20222","11380650","수색동","1766","1115","651","0","231","468","426","349","292","0","114","299","263","220","219","0","117","169","163","129","73"
"20222","11380600","응암3동","2243","1094","1149","1","246","524","620","544","308","0","93","261","288","251","201","1","153","263","332","293","107"
"20222","11380690","진관동","3595","1885","1710","4","367","871","969","867","517","2","170","543","543","367","260","2","197","328","426","500","257"
"20222","11410555","북아현동","1845","1353","492","0","191","416","503","517","218","0","82","314","396","401","160","0","109","102","107","116","58"
"20222","11410565","충현동","14173","8784","5389","22","1788","3587","3729","3349","1698","13","845","2173","2366","2194","1193","9","943","1414","1363","1155","505"
"20222","11440630","신수동","5675","3230","2445","14","686","1567","1578","1378","452","12","255","740","902","974","347","2","431","827","676","404","105"
"20222","11470540","목4동","2879","1741","1138","7","354","627","828","712","351","4","144","373","493","453","274","3","210","254","335","259","77"
"20222","11470640","신정3동","7022","4988","2034","7","565","1340","1751","1490","1869","1","271","806","1186","1041","1683","6","294","534","565","449","186"
"20222","11500520","등촌1동","8609","5163","3446","22","1724","2223","1900","1545","1195","13","636","1404","1311","1008","791","9","1088","819","589","537","404"
"20222","11500510","염창동","19659","9116","10543","50","3048","5769","5855","3303","1634","29","1102","2522","2356","1821","1286","21","1946","3247","3499","1482","348"
"20222","11530740","개봉1동","4844","2808","2036","9","463","1029","1149","1259","935","7","239","570","592","717","683","2","224","459","557","542","252"
"20222","11530530","구로2동","13937","8549","5388","41","1703","3217","3450","3483","2043","20","796","1900","2064","2280","1489","21","907","1317","1386","1203","554"
"20222","11530540","구로3동","52394","34315","18079","202","10890","17618","13256","6528","3900","132","5505","11682","9334","4548","3114","70","5385","5936","3922","1980","786"
"20222","11530800","항동","1601","998","603","2","147","323","512","371","246","1","53","172","316","264","192","1","94","151","196","107","54"
"20222","11545670","시흥1동","6679","3563","3116","15","926","1606","1587","1664","881","10","425","798","798","941","591","5","501","808","789","723","290"
"20222","11560560","당산2동","14108","9461","4647","48","2208","3163","3415","3108","2166","22","1130","1980","2383","2282","1664","26","1078","1183","1032","826","502"
"20222","11590630","사당2동","2674","1472","1202","15","427","777","722","492","241","6","208","472","426","226","134","9","219","305","296","266","107"
"20222","11590640","사당3동","3596","2099","1497","3","446","802","955","838","552","0","176","433","585","500","405","3","270","369","370","338","147"
"20222","11590605","흑석동","1446","824","622","2","197","319","389","321","218","1","100","177","223","176","147","1","97","142","166","145","71"
"20222","11620715","난향동","1315","649","666","1","151","289","365","283","226","0","41","132","152","144","180","1","110","157","213","139","46"
"20222","11620655","신원동","1011","576","435","5","113","213","247","244","189","3","60","118","146","143","106","2","53","95","101","101","83"
"20222","11620725","조원동","3254","2026","1228","7","613","788","789","699","358","2","285","513","503","469","254","5","328","275","286","230","104"
"20222","11650550","반포본동","24429","13311","11118","37","4041","8064","6985","4177","1125","22","1479","4403","3916","2614","877","15","2562","3661","3069","1563","248"
"20222","11650530","서초3동","68236","40512","27724","193","11708","20440","17471","12437","5987","88","4953","11908","11177","8110","4276","105","6755","8532","6294","4327","1711"
"20222","11680690","개포4동","8809","6333","2476","21","1063","1992","2481","2105","1147","9","526","1333","1880","1637","948","12","537","659","601","468","199"
"20222","11680510","신사동","27942","16647","11295","98","5802","8429","7084","4252","2277","41","2251","5152","4743","2778","1682","57","3551","3277","2341","1474","595"
"20222","11710642","문정2동","41453","26054","15399","81","5936","12616","12707","7337","2776","36","2842","7120","8712","5617","1727","45","3094","5496","3995","1720","1049"
"20222","11710610","삼전동","7762","5230","2532","5","936","1763","1740","1549","1769","5","530","1154","1145","951","1445","0","406","609","595","598","324"
"20222","11710600","석촌동","8870","5856","3014","20","1074","2021","2072","1815","1868","12","607","1458","1402","1073","1304","8","467","563","670","742","564"
"20222","11710590","송파2동","14196","8974","5222","63","2237","3514","3721","3393","1268","47","1080","2233","2681","2128","805","16","1157","1281","1040","1265","463"
"20222","11740560","고덕2동","1985","1260","725","0","118","259","426","694","488","0","27","115","243","481","394","0","91","144","183","213","94"
"20222","11740650","성내2동","2304","1410","894","7","391","474","511","467","454","3","252","290","298","287","280","4","139","184","213","180","174"
"20222","11740580","암사2동","2638","964","1674","3","269","441","620","793","512","3","97","204","251","229","180","0","172","237","369","564","332"
"20222","11110580","교남동","847","498","349","3","100","217","222","173","132","1","35","111","132","116","103","2","65","106","90","57","29"
"20222","11110550","부암동","4115","2286","1829","8","695","1179","1099","798","336","3","287","651","630","483","232","5","408","528","469","315","104"
"20222","11110700","숭인1동","460","210","250","1","87","99","102","101","70","0","16","42","51","53","48","1","71","57","51","48","22"
"20222","11110710","숭인2동","1942","998","944","9","288","341","456","464","384","5","89","162","255","278","209","4","199","179","201","186","175"
"20222","11110515","청운효자동","10628","6827","3801","65","1929","3064","2954","1874","742","7","842","1921","2196","1349","512","58","1087","1143","758","525","230"
"20222","11140625","다산동","6567","4125","2442","12","1165","2090","1574","1149","577","3","481","1432","1099","702","408","9","684","658","475","447","169"
"20222","11140520","소공동","77533","41196","36337","404","22441","24493","17068","10242","2885","116","7294","12188","12180","7491","1927","288","15147","12305","4888","2751","958"
"20222","11140615","신당동","3199","1726","1473","33","894","680","608","585","399","13","401","354","314","373","271","20","493","326","294","212","128"
"20222","11140580","장충동","10396","5498","4898","51","2383","2853","2688","1978","443","13","839","1601","1603","1139","303","38","1544","1252","1085","839","140"
"20222","11170660","이태원2동","1258","696","562","5","213","404","318","198","120","2","96","223","170","110","95","3","117","181","148","88","25"
"20222","11200660","성수1가2동","6301","4314","1987","24","1008","1280","1327","1359","1303","15","599","850","854","963","1033","9","409","430","473","396","270"
"20222","11215730","군자동","2363","1289","1074","5","295","494","527","536","506","2","119","258","304","283","323","3","176","236","223","253","183"
"20222","11215820","자양1동","12355","9722","2633","5","841","1746","3348","5029","1386","5","376","1117","2681","4367","1176","0","465","629","667","662","210"
"20222","11215750","중곡2동","2814","1604","1210","4","390","568","717","661","474","1","239","330","379","348","307","3","151","238","338","313","167"
"20222","11230600","답십리1동","6333","3031","3302","9","924","1297","1755","1680","668","4","626","866","637","452","446","5","298","431","1118","1228","222"
"20222","11260520","면목2동","1492","821","671","4","152","249","327","436","324","2","51","112","171","247","238","2","101","137","156","189","86"
"20222","11290575","동선동","2511","1246","1265","27","334","520","566","624","440","16","114","226","274","337","279","11","220","294","292","287","161"
"20222","11305534","삼양동","1087","628","459","5","145","205","255","257","220","3","60","98","133","160","174","2","85","107","122","97","46"
"20222","11305635","수유3동","3385","1724","1661","10","367","814","869","876","449","8","144","349","405","534","284","2","223","465","464","342","165"
"20222","11320700","방학2동","1017","474","543","0","95","205","247","208","262","0","40","102","115","103","114","0","55","103","132","105","148"
"20222","11320681","쌍문4동","1365","711","654","0","144","324","378","347","172","0","43","156","192","184","136","0","101","168","186","163","36"
"20222","11320512","창2동","2466","1391","1075","11","299","549","665","571","371","10","137","321","363","293","267","1","162","228","302","278","104"
"20222","11320514","창4동","2724","1708","1016","2","286","524","672","743","497","1","127","277","399","498","406","1","159","247","273","245","91"
"20222","11350619","중계본동","1798","881","917","8","209","368","445","499","269","6","100","188","195","227","165","2","109","180","250","272","104"
"20222","11380520","불광1동","3646","1607","2039","6","523","861","954","838","464","2","193","377","428","368","239","4","330","484","526","470","225"
"20222","11470530","목3동","2504","1376","1128","3","327","551","660","602","361","2","163","320","355","306","230","1","164","231","305","296","131"
"20222","11470560","신월1동","2247","1444","803","6","213","373","517","727","411","3","111","232","314","480","304","3","102","141","203","247","107"
"20222","11470620","신정1동","11571","6760","4811","51","2043","2900","2904","2459","1214","46","852","1805","1741","1428","888","5","1191","1095","1163","1031","326"
"20222","11470650","신정4동","7226","3988","3238","16","1221","1286","1376","1506","1821","8","376","629","698","817","1460","8","845","657","678","689","361"
"20222","11500611","발산1동","3230","1862","1368","4","229","472","852","1035","638","2","103","237","408","598","514","2","126","235","444","437","124"
"20222","11500593","화곡8동","2037","1114","923","7","298","523","565","373","271","6","135","286","282","223","182","1","163","237","283","150","89"
"20222","11530790","수궁동","3693","2490","1203","23","382","709","841","1029","709","20","234","445","526","700","565","3","148","264","315","329","144"
"20222","11530510","신도림동","13037","8565","4472","38","2126","4038","3175","2358","1302","18","890","2755","2286","1629","987","20","1236","1283","889","729","315"
"20222","11530780","오류2동","2785","1685","1100","4","281","624","732","696","448","1","120","353","422","440","349","3","161","271","310","256","99"
"20222","11545690","시흥3동","7990","4735","3255","17","592","1163","1847","2084","2287","8","314","754","1071","1135","1453","9","278","409","776","949","834"
"20222","11545700","시흥4동","1558","936","622","16","243","318","440","378","163","12","148","218","263","176","119","4","95","100","177","202","44"
"20222","11545710","시흥5동","1721","1012","709","21","247","398","427","359","269","15","130","260","249","185","173","6","117","138","178","174","96"
"20222","11560700","대림1동","2425","937","1488","0","785","549","491","412","188","0","166","197","240","208","126","0","619","352","251","204","62"
"20222","11560610","양평1동","12821","7428","5393","53","2537","2953","2834","2570","1874","22","1298","1886","1691","1321","1210","31","1239","1067","1143","1249","664"
"20222","11590650","사당4동","1399","726","673","5","155","229","303","271","436","4","59","115","137","126","285","1","96","114","166","145","151"
"20222","11590651","사당5동","1931","1038","893","2","242","468","579","457","183","1","112","219","297","257","152","1","130","249","282","200","31"
"20222","11620745","삼성동","1795","991","804","9","195","365","476","476","274","2","83","180","251","260","215","7","112","185","225","216","59"
"20222","11620565","성현동","7335","2785","4550","55","1046","1290","1680","2205","1059","31","479","676","763","595","241","24","567","614","917","1610","818"
"20222","11650660","내곡동","14211","9232","4979","62","2050","2934","2992","3044","3129","53","1454","2116","2049","1745","1815","9","596","818","943","1299","1314"
"20222","11650560","반포1동","7332","4498","2834","9","1338","2420","1829","1125","611","2","633","1581","1213","625","444","7","705","839","616","500","167"
"20222","11650580","반포3동","8637","4815","3822","20","1367","2193","1912","1729","1416","7","578","1294","1265","1001","670","13","789","899","647","728","746"
"20222","11680521","논현1동","41576","24313","17263","162","10856","12491","8831","5739","3497","68","4624","7421","5950","3705","2545","94","6232","5070","2881","2034","952"
"20222","11680600","대치1동","20053","10683","9370","37","3668","6545","4998","3118","1687","15","1378","3248","2827","1994","1221","22","2290","3297","2171","1124","466"
"20222","11680545","압구정동","44490","25047","19443","256","9903","13905","10212","6655","3559","102","3671","7810","6873","4381","2210","154","6232","6095","3339","2274","1349"
"20222","11710570","오금동","27438","19217","8221","45","3630","6522","6925","6613","3703","29","2126","4408","5118","5012","2524","16","1504","2114","1807","1601","1179"
"20222","11710566","오륜동","25084","14536","10548","45","4062","7583","6511","5022","1861","14","1636","3946","4187","3325","1428","31","2426","3637","2324","1697","433"
"20222","11710680","잠실3동","21831","14806","7025","108","3990","5469","5434","4132","2698","48","2079","3783","4024","2965","1907","60","1911","1686","1410","1167","791"
"20222","11740515","강일동","1357","886","471","0","196","292","374","333","162","0","98","199","237","215","137","0","98","93","137","118","25"
"20222","11740550","고덕1동","2188","1136","1052","0","240","487","569","526","366","0","108","271","280","241","236","0","132","216","289","285","130"
"20222","11740685","길동","9468","4805","4663","25","1369","1886","2128","2298","1762","15","541","1001","1136","1055","1057","10","828","885","992","1243","705"
"20222","11740530","명일1동","4220","2357","1863","9","623","1131","1061","762","634","4","293","679","693","390","298","5","330","452","368","372","336"
"20222","11740570","암사1동","3940","2413","1527","6","504","843","830","791","966","2","246","550","529","537","549","4","258","293","301","254","417"
"20222","11110600","가회동","11728","8729","2999","7","1263","4028","3519","2201","710","6","655","2966","2750","1810","542","1","608","1062","769","391","168"
"20222","11110690","창신3동","300","142","158","1","38","80","74","78","29","0","14","34","35","41","18","1","24","46","39","37","11"
"20222","11140550","명동","72930","42220","30710","107","11914","24562","19786","12954","3607","41","4764","12669","12754","9554","2438","66","7150","11893","7032","3400","1169"
"20222","11140570","필동","17346","8148","9198","41","2497","4384","5350","3789","1285","16","843","2169","2511","1781","828","25","1654","2215","2839","2008","457"
"20222","11170570","원효로2동","4609","3303","1306","17","726","1387","1277","740","462","7","416","989","980","547","364","10","310","398","297","193","98"
"20222","11170510","후암동","2324","1371","953","9","361","509","641","516","288","7","137","304","418","306","199","2","224","205","223","210","89"
"20222","11200540","마장동","7683","5451","2232","32","651","1345","1769","2510","1376","28","387","920","1288","1803","1025","4","264","425","481","707","351"
"20222","11200550","사근동","2650","1837","813","2","159","472","841","788","388","2","59","297","569","596","314","0","100","175","272","192","74"
"20222","11200535","왕십리도선동","5949","2726","3223","23","982","1143","1247","1456","1098","4","341","631","669","614","467","19","641","512","578","842","631"
"20222","11215850","구의1동","3628","2155","1473","9","515","899","1000","818","387","8","269","519","553","530","276","1","246","380","447","288","111"
"20222","11230740","이문1동","4076","1851","2225","3","781","1042","1081","784","385","2","164","402","537","471","275","1","617","640","544","313","110"
"20222","11230705","청량리동","4909","2614","2295","7","873","1407","941","916","765","5","334","799","527","516","433","2","539","608","414","400","332"
"20222","11260575","면목3?8동","3459","2159","1300","7","341","614","876","936","685","2","118","323","518","673","525","5","223","291","358","263","160"
"20222","11260690","신내2동","3776","2095","1681","8","503","948","927","926","464","5","209","446","476","601","358","3","294","502","451","325","106"
"20222","11260600","중화1동","1955","1034","921","0","231","422","496","461","345","0","87","173","241","257","276","0","144","249","255","204","69"
"20222","11290580","돈암1동","2329","1067","1262","9","677","705","484","321","133","0","162","352","257","181","115","9","515","353","227","140","18"
"20222","11290590","돈암2동","11726","7090","4636","44","1806","2813","3721","2083","1259","13","834","1672","2483","1535","553","31","972","1141","1238","548","706"
"20222","11305545","송중동","2249","1126","1123","13","239","363","636","577","421","11","98","158","279","282","298","2","141","205","357","295","123"
"20222","11320513","창3동","775","403","372","1","82","159","233","192","108","0","23","87","136","93","64","1","59","72","97","99","44"
"20222","11350665","상계3?4동","2343","1623","720","1","143","225","563","854","557","0","53","113","356","647","454","1","90","112","207","207","103"
"20222","11380631","신사1동","2475","1318","1157","2","267","513","566","607","520","0","108","252","308","291","359","2","159","261","258","316","161"
"20222","11380632","신사2동","1918","1332","586","5","228","379","473","475","358","5","169","255","279","313","311","0","59","124","194","162","47"
"20222","11380625","역촌동","4694","2257","2437","13","779","952","1204","1060","686","3","282","432","566","512","462","10","497","520","638","548","224"
"20222","11410520","천연동","1823","985","838","2","163","301","468","629","260","2","55","136","264","369","159","0","108","165","204","260","101"
"20222","11410685","홍은2동","5835","3769","2066","38","926","1570","1420","1250","631","32","524","1029","916","820","448","6","402","541","504","430","183"
"20222","11410640","홍제3동","1201","596","605","4","116","149","247","307","378","1","41","59","115","157","223","3","75","90","132","150","155"
"20222","11440555","아현동","11780","6477","5303","23","2240","3776","3328","2004","409","9","975","2113","1872","1217","291","14","1265","1663","1456","787","118"
"20222","11440680","합정동","5738","3211","2527","14","955","1644","1487","1049","589","11","379","809","935","673","404","3","576","835","552","376","185"
"20222","11470520","목2동","5530","3082","2448","4","766","1343","1466","1257","694","3","362","729","810","727","451","1","404","614","656","530","243"
"20222","11500603","가양1동","5337","3304","2033","4","589","1111","1212","1288","1133","2","247","674","720","830","831","2","342","437","492","458","302"
"20222","11500605","가양3동","3216","2060","1156","13","542","708","898","664","391","7","352","475","573","394","259","6","190","233","325","270","132"
"20222","11530720","고척1동","7767","5490","2277","7","690","1575","2040","2362","1093","5","361","1045","1423","1771","885","2","329","530","617","591","208"
"20222","11545640","독산4동","1765","991","774","2","225","303","376","416","443","1","128","180","220","205","257","1","97","123","156","211","186"
"20222","11560710","대림2동","4606","2336","2270","27","855","1092","1021","707","904","8","328","577","443","397","583","19","527","515","578","310","321"
"20222","11560720","대림3동","6057","3897","2160","17","635","1258","1552","1442","1153","5","328","877","1105","901","681","12","307","381","447","541","472"
"20222","11560515","영등포본동","5708","3229","2479","36","808","1406","1461","1375","622","15","347","711","835","853","468","21","461","695","626","522","154"
"20222","11590520","노량진2동","4687","2431","2256","11","746","1363","1135","951","481","3","389","592","527","608","312","8","357","771","608","343","169"
"20222","11590620","사당1동","3916","2054","1862","9","659","963","1044","718","523","4","217","469","523","427","414","5","442","494","521","291","109"
"20222","11590550","상도3동","1371","776","595","1","119","278","361","320","292","1","68","182","212","159","154","0","51","96","149","161","138"
"20222","11590680","신대방2동","22031","14020","8011","54","4027","4597","4124","5144","4085","30","3041","3521","2633","2623","2172","24","986","1076","1491","2521","1913"
"20222","11620775","난곡동","1481","807","674","0","165","296","361","425","234","0","68","153","180","237","169","0","97","143","181","188","65"
"20222","11620765","미성동","3689","2177","1512","28","364","650","866","953","828","22","226","379","483","494","573","6","138","271","383","459","255"
"20222","11650620","방배3동","17809","11648","6161","114","2781","5297","4805","2896","1916","37","1413","3322","3453","1995","1428","77","1368","1975","1352","901","488"
"20222","11680670","개포2동","9490","6220","3270","35","1658","2701","2271","1757","1068","14","884","1810","1564","1122","826","21","774","891","707","635","242"
"20222","11680630","대치4동","33305","20468","12837","149","5336","9904","9047","5656","3213","21","2296","5995","6187","3965","2004","128","3040","3909","2860","1691","1209"
"20222","11680655","도곡1동","40888","28978","11910","97","6985","9515","11398","10350","2543","71","3545","6237","8574","8481","2070","26","3440","3278","2824","1869","473"
"20222","11710532","거여2동","2952","1523","1429","13","377","486","723","879","474","6","209","286","369","394","259","7","168","200","354","485","215"
"20222","11710641","문정1동","34975","27013","7962","17","3178","6528","10070","13196","1986","9","1869","4711","7830","11299","1295","8","1309","1817","2240","1897","691"
"20222","11740540","명일2동","2874","1969","905","5","337","819","768","610","335","3","172","581","558","393","262","2","165","238","210","217","73"
"20222","11740660","성내3동","4641","2789","1852","15","658","1034","1162","962","810","13","344","656","703","541","532","2","314","378","459","421","278"
"20222","11740610","천호2동","3817","1970","1847","14","484","802","933","884","700","8","199","378","464","440","481","6","285","424","469","444","219"
"20222","11740620","천호3동","2763","1566","1197","3","170","305","475","502","1308","3","64","139","236","255","869","0","106","166","239","247","439"
"20223","11710710","잠실6동","46691","24881","21810","93","7429","12391","13316","11902","1560","29","3439","7617","7686","4936","1174","64","3990","4774","5630","6966","386"
"20223","11710650","잠실본동","9422","6016","3406","45","1284","1797","2201","2088","2007","4","575","1097","1382","1438","1520","41","709","700","819","650","487"
"20223","11710646","장지동","6769","4617","2152","13","730","1085","1597","1784","1560","4","406","721","1070","1256","1160","9","324","364","527","528","400"
"20223","11740590","암사3동","3192","1912","1280","6","286","449","571","829","1051","3","146","269","312","478","704","3","140","180","259","351","347"
"20223","11140670","황학동","1714","1102","612","1","271","455","422","342","223","1","157","285","265","225","169","0","114","170","157","117","54"
"20223","11140540","회현동","58705","36279","22426","199","10994","20696","16047","8525","2244","68","5132","12355","10455","6703","1566","131","5862","8341","5592","1822","678"
"20223","11200690","성수2가3동","23863","15312","8551","83","3917","6067","5966","4768","3062","63","2176","4061","4011","2880","2121","20","1741","2006","1955","1888","941"
"20223","11215840","자양3동","3370","2410","960","8","406","863","937","843","313","3","252","605","689","618","243","5","154","258","248","225","70"
"20223","11260580","상봉1동","2499","1715","784","14","303","440","514","655","573","11","193","268","289","450","504","3","110","172","225","205","69"
"20223","11260590","상봉2동","5328","3673","1655","17","631","1376","1754","1205","345","13","369","964","1173","877","277","4","262","412","581","328","68"
"20223","11290600","안암동","4686","3030","1656","8","655","1203","1295","1013","512","3","333","745","832","715","402","5","322","458","463","298","110"
"20223","11320710","방학3동","3005","1804","1201","10","510","688","696","694","407","9","324","395","438","336","302","1","186","293","258","358","105"
"20223","11320680","쌍문3동","2022","963","1059","4","437","452","474","472","183","3","113","208","246","266","127","1","324","244","228","206","56"
"20223","11350710","상계9동","2626","1662","964","2","339","658","654","741","232","2","184","418","385","493","180","0","155","240","269","248","52"
"20223","11350580","월계3동","1502","756","746","1","166","265","395","434","241","1","63","137","182","228","145","0","103","128","213","206","96"
"20223","11350625","중계2?3동","2225","1256","969","5","288","582","570","571","209","4","170","349","294","305","134","1","118","233","276","266","75"
"20223","11380580","응암1동","2895","1605","1290","7","306","489","680","669","744","5","141","230","355","339","535","2","165","259","325","330","209"
"20223","11410615","연희동","14856","9739","5117","82","2345","3661","3196","4080","1492","43","1297","2440","1997","2924","1038","39","1048","1221","1199","1156","454"
"20223","11410660","홍은1동","7584","1500","6084","3","262","551","2062","3659","1047","1","98","189","374","439","399","2","164","362","1688","3220","648"
"20223","11440600","대흥동","5628","2774","2854","65","2228","1272","827","772","464","22","867","656","452","470","307","43","1361","616","375","302","157"
"20223","11440700","망원2동","5201","3099","2102","17","652","971","1126","1574","861","10","356","715","787","730","501","7","296","256","339","844","360"
"20223","11470611","신월7동","4357","2856","1501","4","467","719","894","1036","1237","3","345","547","587","630","744","1","122","172","307","406","493"
"20223","11470630","신정2동","13985","8015","5970","66","2513","4519","3729","2456","702","30","1020","2487","2309","1628","541","36","1493","2032","1420","828","161"
"20223","11530550","구로4동","2159","1229","930","5","243","425","532","527","427","3","112","228","294","293","299","2","131","197","238","234","128"
"20223","11545510","가산동","84451","55529","28922","300","16641","26228","20890","12369","8023","193","8827","17613","15063","8220","5613","107","7814","8615","5827","4149","2410"
"20223","11545620","독산2동","1789","993","796","1","230","372","417","495","274","0","125","176","207","282","203","1","105","196","210","213","71"
"20223","11545680","시흥2동","3435","2024","1411","4","342","681","873","1027","508","3","199","387","492","597","346","1","143","294","381","430","162"
"20223","11560585","도림동","1619","1028","591","12","144","272","393","413","385","10","65","165","247","262","279","2","79","107","146","151","106"
"20223","11560605","문래동","81647","59216","22431","162","12600","26629","25117","12877","4262","62","7033","20252","20512","8694","2663","100","5567","6377","4605","4183","1599"
"20223","11590660","대방동","11271","7474","3797","22","1880","3051","2637","2515","1166","7","998","2084","1836","1812","737","15","882","967","801","703","429"
"20223","11590560","상도4동","2530","1503","1027","3","355","559","610","636","367","2","174","328","367","445","187","1","181","231","243","191","180"
"20223","11620735","대학동","3077","2250","827","3","433","739","863","742","297","1","256","500","673","587","233","2","177","239","190","155","64"
"20223","11620665","서림동","1808","1022","786","8","273","316","451","387","373","2","137","168","241","231","243","6","136","148","210","156","130"
"20223","11650621","방배4동","21837","13492","8345","61","3771","6017","5424","4166","2398","27","1599","3546","3678","2918","1724","34","2172","2471","1746","1248","674"
"20223","11650651","양재1동","33395","21554","11841","445","7793","9217","7561","4987","3392","215","3960","6187","5334","3319","2539","230","3833","3030","2227","1668","853"
"20223","11680660","개포1동","18376","11295","7081","74","2873","4869","4780","3809","1971","30","1298","2691","3296","2574","1406","44","1575","2178","1484","1235","565"
"20223","11680656","도곡2동","192577","131699","60878","923","36796","75687","55314","19948","3909","583","19659","51843","42526","14511","2577","340","17137","23844","12788","5437","1332"
"20223","11680640","역삼1동","170825","101049","69776","494","34443","51961","43997","29792","10138","189","16474","32429","28719","16126","7112","305","17969","19532","15278","13666","3026"
"20223","11680720","일원본동","36779","20548","16231","181","9454","10978","8976","5878","1312","82","3541","6120","5771","4133","901","99","5913","4858","3205","1745","411"
"20223","11710550","마천2동","2599","1634","965","1","266","601","708","658","365","0","158","375","403","395","303","1","108","226","305","263","62"
"20223","11710561","방이1동","9129","6671","2458","30","952","1771","2392","2432","1552","19","450","1125","1786","1953","1338","11","502","646","606","479","214"
"20223","11710580","송파1동","8660","5413","3247","19","1228","1938","2145","1877","1453","8","530","1150","1399","1255","1071","11","698","788","746","622","382"
"20223","11740690","둔촌1동","1519","845","674","2","191","367","379","391","189","2","92","205","217","206","123","0","99","162","162","185","66"
"20223","11740520","상일동","3611","1827","1784","6","521","804","899","953","428","2","177","402","542","432","272","4","344","402","357","521","156"
"20223","11110640","이화동","5235","2876","2359","13","804","1303","1339","1082","694","6","257","600","777","725","511","7","547","703","562","357","183"
"20223","11110680","창신2동","344","116","228","0","22","40","89","116","77","0","4","11","32","39","30","0","18","29","57","77","47"
"20223","11110560","평창동","23179","12994","10185","45","2878","6197","7579","5016","1464","18","1373","3171","4476","3013","943","27","1505","3026","3103","2003","521"
"20223","11140590","광희동","42508","21177","21331","438","12207","11215","8725","6715","3208","189","5936","6526","5053","2274","1199","249","6271","4689","3672","4441","2009"
"20223","11140680","중림동","4348","2429","1919","3","913","1392","1134","599","307","2","420","754","630","399","224","1","493","638","504","200","83"
"20223","11170650","이태원1동","13034","5712","7322","26","3821","5020","2528","1242","397","14","981","2109","1400","906","302","12","2840","2911","1128","336","95"
"20223","11170625","한강로동","47142","23273","23869","183","9616","14692","13436","6917","2298","87","3914","6875","6681","4207","1509","96","5702","7817","6755","2710","789"
"20223","11215860","구의2동","4204","2612","1592","56","598","727","1055","1126","642","24","306","400","689","739","454","32","292","327","366","387","188"
"20223","11215760","중곡3동","1489","932","557","4","181","361","396","333","214","0","97","252","232","209","142","4","84","109","164","124","72"
"20223","11230560","전농1동","1537","956","581","2","180","270","401","417","267","0","113","170","263","260","150","2","67","100","138","157","117"
"20223","11230570","전농2동","4013","2089","1924","4","468","848","1061","1068","564","1","193","397","571","552","375","3","275","451","490","516","189"
"20223","11260550","면목5동","1080","728","352","1","105","184","287","266","237","1","67","138","140","175","207","0","38","46","147","91","30"
"20223","11260565","면목본동","1764","942","822","1","239","402","450","411","261","0","88","202","232","232","188","1","151","200","218","179","73"
"20223","11290810","석관동","3732","2418","1314","15","344","584","700","754","1335","8","170","353","396","466","1025","7","174","231","304","288","310"
"20223","11290620","정릉1동","1152","621","531","6","149","206","258","298","235","1","41","74","129","183","193","5","108","132","129","115","42"
"20223","11305615","수유1동","1920","874","1046","2","205","347","488","555","323","0","58","142","208","241","225","2","147","205","280","314","98"
"20223","11320522","도봉2동","2128","1350","778","1","113","274","364","537","839","0","39","137","202","352","620","1","74","137","162","185","219"
"20223","11320511","창1동","1790","815","975","6","246","361","472","484","221","3","96","141","213","228","134","3","150","220","259","256","87"
"20223","11350600","공릉2동","7078","3252","3826","29","1186","1746","1707","1652","758","3","368","800","796","808","477","26","818","946","911","844","281"
"20223","11350640","상계2동","2484","1209","1275","6","342","425","617","634","460","3","127","236","291","302","250","3","215","189","326","332","210"
"20223","11350621","중계1동","2169","1191","978","4","284","476","650","541","214","3","119","259","345","297","168","1","165","217","305","244","46"
"20223","11380552","갈현2동","3915","2012","1903","9","404","778","1023","1035","666","7","187","434","483","463","438","2","217","344","540","572","228"
"20223","11380560","구산동","4328","2305","2023","11","537","811","958","1354","657","1","205","363","455","843","438","10","332","448","503","511","219"
"20223","11380530","불광2동","3113","1510","1603","2","194","431","503","653","1330","1","68","222","203","273","743","1","126","209","300","380","587"
"20223","11380590","응암2동","1048","669","379","1","133","138","236","299","241","1","75","75","138","179","201","0","58","63","98","120","40"
"20223","11410700","남가좌2동","1792","933","859","1","205","375","486","493","232","0","73","179","233","280","168","1","132","196","253","213","64"
"20223","11410720","북가좌2동","3057","1561","1496","8","472","602","675","756","544","4","143","304","374","410","326","4","329","298","301","346","218"
"20223","11440655","서강동","6283","3927","2356","43","1080","1516","1510","1228","906","27","531","894","993","811","671","16","549","622","517","417","235"
"20223","11440720","성산1동","5829","3864","1965","19","753","1219","1334","1134","1370","15","369","757","847","790","1086","4","384","462","487","344","284"
"20223","11440590","용강동","13701","8118","5583","13","2008","3377","3238","2712","2353","9","969","1995","2139","1574","1432","4","1039","1382","1099","1138","921"
"20223","11470580","신월3동","1679","963","716","2","177","310","382","494","314","0","66","132","204","310","251","2","111","178","178","184","63"
"20223","11470590","신월4동","1813","1221","592","1","108","222","423","574","485","1","50","117","246","383","424","0","58","105","177","191","61"
"20223","11500604","가양2동","2849","1494","1355","9","375","668","690","678","429","6","175","360","369","336","248","3","200","308","321","342","181"
"20223","11500630","방화1동","7575","5922","1653","10","805","1601","1852","2167","1140","7","575","1308","1478","1793","761","3","230","293","374","374","379"
"20223","11500560","화곡3동","5333","3288","2045","10","724","1292","1364","1226","717","7","390","860","825","689","517","3","334","432","539","537","200"
"20223","11545610","독산1동","12850","8228","4622","40","1027","1759","2150","2804","5070","34","604","1165","1369","1723","3333","6","423","594","781","1081","1737"
"20223","11545630","독산3동","4188","2958","1230","10","366","639","730","800","1643","2","195","372","390","474","1525","8","171","267","340","326","118"
"20223","11560550","당산1동","9078","5438","3640","15","1539","2557","2014","1676","1277","8","613","1428","1263","1168","958","7","926","1129","751","508","319"
"20223","11560660","신길4동","1248","617","631","2","211","297","315","295","128","0","75","138","153","159","92","2","136","159","162","136","36"
"20223","11560680","신길6동","2634","1646","988","10","289","619","687","570","459","7","144","384","416","357","338","3","145","235","271","213","121"
"20223","11590510","노량진1동","5875","3297","2578","18","766","1395","1471","1398","827","12","329","798","898","755","505","6","437","597","573","643","322"
"20223","11590540","상도2동","1732","887","845","6","212","400","459","414","241","0","94","212","243","207","131","6","118","188","216","207","110"
"20223","11620630","남현동","3714","2442","1272","5","617","926","1001","721","444","3","338","621","701","472","307","2","279","305","300","249","137"
"20223","11620575","행운동","4257","2373","1884","15","636","1035","1002","964","605","8","316","584","534","500","431","7","320","451","468","464","174"
"20223","11650581","반포4동","94714","83567","11147","80","9480","20099","25531","35193","4331","34","7191","16727","22658","33449","3508","46","2289","3372","2873","1744","823"
"20223","11650610","방배2동","16805","8184","8621","37","2831","4294","4601","3237","1805","8","985","1931","2132","1909","1219","29","1846","2363","2469","1328","586"
"20223","11650510","서초1동","47386","26528","20858","101","9928","12282","10432","11564","3079","39","3558","6616","6055","8015","2245","62","6370","5666","4377","3549","834"
"20223","11650540","잠원동","16302","9442","6860","68","3397","4796","4022","2503","1516","36","1340","2803","2667","1569","1027","32","2057","1993","1355","934","489"
"20223","11680750","수서동","18037","9516","8521","27","2570","4859","4850","3583","2148","15","1151","2611","2544","1902","1293","12","1419","2248","2306","1681","855"
"20223","11710632","가락2동","10171","6862","3309","22","1354","2162","2015","1893","2725","16","801","1478","1339","1132","2096","6","553","684","676","761","629"
"20223","11710720","잠실7동","14130","6338","7792","52","1984","2775","3999","4487","833","31","995","1820","1888","1074","530","21","989","955","2111","3413","303"
"20223","11740700","둔촌2동","4961","2239","2722","4","946","1293","1058","1026","634","2","281","537","526","489","404","2","665","756","532","537","230"
"20223","11110615","종로1?2?3?4가동","97451","53687","43764","1427","19755","29598","26670","15288","4713","620","8610","14862","15621","10763","3211","807","11145","14736","11049","4525","1502"
"20223","11140650","신당5동","871","462","409","5","105","184","211","191","175","5","47","83","108","101","118","0","58","101","103","90","57"
"20223","11140645","청구동","3104","1714","1390","6","455","830","727","664","422","3","157","432","465","413","244","3","298","398","262","251","178"
"20223","11170580","효창동","1644","932","712","3","218","412","462","363","186","2","103","243","275","183","126","1","115","169","187","180","60"
"20223","11200620","금호4가동","1331","791","540","1","151","308","365","323","183","1","56","159","235","202","138","0","95","149","130","121","45"
"20223","11200670","성수2가1동","10042","6355","3687","107","2280","2880","2284","1625","866","57","1033","1862","1557","1147","699","50","1247","1018","727","478","167"
"20223","11200790","용답동","4708","2845","1863","30","1172","1311","961","753","481","2","511","843","633","476","380","28","661","468","328","277","101"
"20223","11200570","행당2동","268","104","164","0","31","57","76","66","38","0","14","23","24","16","27","0","17","34","52","50","11"
"20223","11215780","능동","2288","1405","883","7","330","533","589","459","370","3","160","314","371","276","281","4","170","219","218","183","89"
"20223","11230545","제기동","5479","3268","2211","10","735","1334","1323","1152","925","3","312","789","843","680","641","7","423","545","480","472","284"
"20223","11230710","회기동","784","371","413","1","93","180","195","178","137","1","28","71","89","84","98","0","65","109","106","94","39"
"20223","11260660","망우3동","1076","573","503","1","96","157","257","314","251","1","35","66","120","172","179","0","61","91","137","142","72"
"20223","11260620","묵1동","2604","1240","1364","4","285","604","740","629","342","1","102","281","337","286","233","3","183","323","403","343","109"
"20223","11260610","중화2동","1532","868","664","9","181","236","386","343","377","7","89","111","195","197","269","2","92","125","191","146","108"
"20223","11290725","월곡2동","4825","3059","1766","6","757","1363","1166","854","679","1","379","896","712","512","559","5","378","467","454","342","120"
"20223","11290650","정릉4동","2401","1467","934","2","203","363","582","760","491","0","64","182","369","511","341","2","139","181","213","249","150"
"20223","11305555","송천동","1900","953","947","3","145","324","405","482","541","2","42","149","190","273","297","1","103","175","215","209","244"
"20223","11320521","도봉1동","2162","1429","733","1","104","246","486","761","564","1","26","129","286","544","443","0","78","117","200","217","121"
"20223","11320660","쌍문1동","1769","844","925","0","216","280","472","488","313","0","56","101","185","251","251","0","160","179","287","237","62"
"20223","11350611","하계1동","4631","2934","1697","10","541","947","1177","1316","640","7","252","547","704","929","495","3","289","400","473","387","145"
"20223","11380551","갈현1동","2607","1348","1259","11","445","605","620","564","362","7","183","321","312","288","237","4","262","284","308","276","125"
"20223","11380510","녹번동","5199","2759","2440","14","602","1221","1380","1375","607","9","291","593","665","805","396","5","311","628","715","570","211"
"20223","11380650","수색동","1766","1115","651","0","231","468","426","349","292","0","114","299","263","220","219","0","117","169","163","129","73"
"20223","11380600","응암3동","2243","1094","1149","1","246","524","620","544","308","0","93","261","288","251","201","1","153","263","332","293","107"
"20223","11380690","진관동","3595","1885","1710","4","367","871","969","867","517","2","170","543","543","367","260","2","197","328","426","500","257"
"20223","11410555","북아현동","1845","1353","492","0","191","416","503","517","218","0","82","314","396","401","160","0","109","102","107","116","58"
"20223","11410565","충현동","14173","8784","5389","22","1788","3587","3729","3349","1698","13","845","2173","2366","2194","1193","9","943","1414","1363","1155","505"
"20223","11440630","신수동","5675","3230","2445","14","686","1567","1578","1378","452","12","255","740","902","974","347","2","431","827","676","404","105"
"20223","11470540","목4동","2879","1741","1138","7","354","627","828","712","351","4","144","373","493","453","274","3","210","254","335","259","77"
"20223","11470640","신정3동","7022","4988","2034","7","565","1340","1751","1490","1869","1","271","806","1186","1041","1683","6","294","534","565","449","186"
"20223","11500520","등촌1동","8609","5163","3446","22","1724","2223","1900","1545","1195","13","636","1404","1311","1008","791","9","1088","819","589","537","404"
"20223","11500510","염창동","19659","9116","10543","50","3048","5769","5855","3303","1634","29","1102","2522","2356","1821","1286","21","1946","3247","3499","1482","348"
"20223","11530740","개봉1동","4844","2808","2036","9","463","1029","1149","1259","935","7","239","570","592","717","683","2","224","459","557","542","252"
"20223","11530530","구로2동","13937","8549","5388","41","1703","3217","3450","3483","2043","20","796","1900","2064","2280","1489","21","907","1317","1386","1203","554"
"20223","11530540","구로3동","52394","34315","18079","202","10890","17618","13256","6528","3900","132","5505","11682","9334","4548","3114","70","5385","5936","3922","1980","786"
"20223","11530800","항동","1601","998","603","2","147","323","512","371","246","1","53","172","316","264","192","1","94","151","196","107","54"
"20223","11545670","시흥1동","6679","3563","3116","15","926","1606","1587","1664","881","10","425","798","798","941","591","5","501","808","789","723","290"
"20223","11560560","당산2동","14108","9461","4647","48","2208","3163","3415","3108","2166","22","1130","1980","2383","2282","1664","26","1078","1183","1032","826","502"
"20223","11590630","사당2동","2674","1472","1202","15","427","777","722","492","241","6","208","472","426","226","134","9","219","305","296","266","107"
"20223","11590640","사당3동","3596","2099","1497","3","446","802","955","838","552","0","176","433","585","500","405","3","270","369","370","338","147"
"20223","11590605","흑석동","1446","824","622","2","197","319","389","321","218","1","100","177","223","176","147","1","97","142","166","145","71"
"20223","11620715","난향동","1315","649","666","1","151","289","365","283","226","0","41","132","152","144","180","1","110","157","213","139","46"
"20223","11620655","신원동","1011","576","435","5","113","213","247","244","189","3","60","118","146","143","106","2","53","95","101","101","83"
"20223","11620725","조원동","3254","2026","1228","7","613","788","789","699","358","2","285","513","503","469","254","5","328","275","286","230","104"
"20223","11650550","반포본동","24429","13311","11118","37","4041","8064","6985","4177","1125","22","1479","4403","3916","2614","877","15","2562","3661","3069","1563","248"
"20223","11650530","서초3동","68236","40512","27724","193","11708","20440","17471","12437","5987","88","4953","11908","11177","8110","4276","105","6755","8532","6294","4327","1711"
"20223","11680690","개포4동","8809","6333","2476","21","1063","1992","2481","2105","1147","9","526","1333","1880","1637","948","12","537","659","601","468","199"
"20223","11680510","신사동","27942","16647","11295","98","5802","8429","7084","4252","2277","41","2251","5152","4743","2778","1682","57","3551","3277","2341","1474","595"
"20223","11710642","문정2동","41453","26054","15399","81","5936","12616","12707","7337","2776","36","2842","7120","8712","5617","1727","45","3094","5496","3995","1720","1049"
"20223","11710610","삼전동","7762","5230","2532","5","936","1763","1740","1549","1769","5","530","1154","1145","951","1445","0","406","609","595","598","324"
"20223","11710600","석촌동","8870","5856","3014","20","1074","2021","2072","1815","1868","12","607","1458","1402","1073","1304","8","467","563","670","742","564"
"20223","11710590","송파2동","14196","8974","5222","63","2237","3514","3721","3393","1268","47","1080","2233","2681","2128","805","16","1157","1281","1040","1265","463"
"20223","11740560","고덕2동","1985","1260","725","0","118","259","426","694","488","0","27","115","243","481","394","0","91","144","183","213","94"
"20223","11740650","성내2동","2304","1410","894","7","391","474","511","467","454","3","252","290","298","287","280","4","139","184","213","180","174"
"20223","11740580","암사2동","2638","964","1674","3","269","441","620","793","512","3","97","204","251","229","180","0","172","237","369","564","332"
"20223","11110580","교남동","847","498","349","3","100","217","222","173","132","1","35","111","132","116","103","2","65","106","90","57","29"
"20223","11110550","부암동","4115","2286","1829","8","695","1179","1099","798","336","3","287","651","630","483","232","5","408","528","469","315","104"
"20223","11110700","숭인1동","460","210","250","1","87","99","102","101","70","0","16","42","51","53","48","1","71","57","51","48","22"
"20223","11110710","숭인2동","1942","998","944","9","288","341","456","464","384","5","89","162","255","278","209","4","199","179","201","186","175"
"20223","11110515","청운효자동","10628","6827","3801","65","1929","3064","2954","1874","742","7","842","1921","2196","1349","512","58","1087","1143","758","525","230"
"20223","11140625","다산동","6567","4125","2442","12","1165","2090","1574","1149","577","3","481","1432","1099","702","408","9","684","658","475","447","169"
"20223","11140520","소공동","77533","41196","36337","404","22441","24493","17068","10242","2885","116","7294","12188","12180","7491","1927","288","15147","12305","4888","2751","958"
"20223","11140615","신당동","3199","1726","1473","33","894","680","608","585","399","13","401","354","314","373","271","20","493","326","294","212","128"
"20223","11140580","장충동","10396","5498","4898","51","2383","2853","2688","1978","443","13","839","1601","1603","1139","303","38","1544","1252","1085","839","140"
"20223","11170660","이태원2동","1258","696","562","5","213","404","318","198","120","2","96","223","170","110","95","3","117","181","148","88","25"
"20223","11200660","성수1가2동","6301","4314","1987","24","1008","1280","1327","1359","1303","15","599","850","854","963","1033","9","409","430","473","396","270"
"20223","11215730","군자동","2363","1289","1074","5","295","494","527","536","506","2","119","258","304","283","323","3","176","236","223","253","183"
"20223","11215820","자양1동","12355","9722","2633","5","841","1746","3348","5029","1386","5","376","1117","2681","4367","1176","0","465","629","667","662","210"
"20223","11215750","중곡2동","2814","1604","1210","4","390","568","717","661","474","1","239","330","379","348","307","3","151","238","338","313","167"
"20223","11230600","답십리1동","6333","3031","3302","9","924","1297","1755","1680","668","4","626","866","637","452","446","5","298","431","1118","1228","222"
"20223","11260520","면목2동","1492","821","671","4","152","249","327","436","324","2","51","112","171","247","238","2","101","137","156","189","86"
"20223","11290575","동선동","2511","1246","1265","27","334","520","566","624","440","16","114","226","274","337","279","11","220","294","292","287","161"
"20223","11305534","삼양동","1087","628","459","5","145","205","255","257","220","3","60","98","133","160","174","2","85","107","122","97","46"
"20223","11305635","수유3동","3385","1724","1661","10","367","814","869","876","449","8","144","349","405","534","284","2","223","465","464","342","165"
"20223","11320700","방학2동","1017","474","543","0","95","205","247","208","262","0","40","102","115","103","114","0","55","103","132","105","148"
"20223","11320681","쌍문4동","1365","711","654","0","144","324","378","347","172","0","43","156","192","184","136","0","101","168","186","163","36"
"20223","11320512","창2동","2466","1391","1075","11","299","549","665","571","371","10","137","321","363","293","267","1","162","228","302","278","104"
"20223","11320514","창4동","2724","1708","1016","2","286","524","672","743","497","1","127","277","399","498","406","1","159","247","273","245","91"
"20223","11350619","중계본동","1798","881","917","8","209","368","445","499","269","6","100","188","195","227","165","2","109","180","250","272","104"
"20223","11380520","불광1동","3646","1607","2039","6","523","861","954","838","464","2","193","377","428","368","239","4","330","484","526","470","225"
"20223","11470530","목3동","2504","1376","1128","3","327","551","660","602","361","2","163","320","355","306","230","1","164","231","305","296","131"
"20223","11470560","신월1동","2247","1444","803","6","213","373","517","727","411","3","111","232","314","480","304","3","102","141","203","247","107"
"20223","11470620","신정1동","11571","6760","4811","51","2043","2900","2904","2459","1214","46","852","1805","1741","1428","888","5","1191","1095","1163","1031","326"
"20223","11470650","신정4동","7226","3988","3238","16","1221","1286","1376","1506","1821","8","376","629","698","817","1460","8","845","657","678","689","361"
"20223","11500611","발산1동","3230","1862","1368","4","229","472","852","1035","638","2","103","237","408","598","514","2","126","235","444","437","124"
"20223","11500593","화곡8동","2037","1114","923","7","298","523","565","373","271","6","135","286","282","223","182","1","163","237","283","150","89"
"20223","11530790","수궁동","3693","2490","1203","23","382","709","841","1029","709","20","234","445","526","700","565","3","148","264","315","329","144"
"20223","11530510","신도림동","13037","8565","4472","38","2126","4038","3175","2358","1302","18","890","2755","2286","1629","987","20","1236","1283","889","729","315"
"20223","11530780","오류2동","2785","1685","1100","4","281","624","732","696","448","1","120","353","422","440","349","3","161","271","310","256","99"
"20223","11545690","시흥3동","7990","4735","3255","17","592","1163","1847","2084","2287","8","314","754","1071","1135","1453","9","278","409","776","949","834"
"20223","11545700","시흥4동","1558","936","622","16","243","318","440","378","163","12","148","218","263","176","119","4","95","100","177","202","44"
"20223","11545710","시흥5동","1721","1012","709","21","247","398","427","359","269","15","130","260","249","185","173","6","117","138","178","174","96"
"20223","11560700","대림1동","2425","937","1488","0","785","549","491","412","188","0","166","197","240","208","126","0","619","352","251","204","62"
"20223","11560610","양평1동","12821","7428","5393","53","2537","2953","2834","2570","1874","22","1298","1886","1691","1321","1210","31","1239","1067","1143","1249","664"
"20223","11590650","사당4동","1399","726","673","5","155","229","303","271","436","4","59","115","137","126","285","1","96","114","166","145","151"
"20223","11590651","사당5동","1931","1038","893","2","242","468","579","457","183","1","112","219","297","257","152","1","130","249","282","200","31"
"20223","11620745","삼성동","1795","991","804","9","195","365","476","476","274","2","83","180","251","260","215","7","112","185","225","216","59"
"20223","11620565","성현동","7335","2785","4550","55","1046","1290","1680","2205","1059","31","479","676","763","595","241","24","567","614","917","1610","818"
"20223","11650660","내곡동","14211","9232","4979","62","2050","2934","2992","3044","3129","53","1454","2116","2049","1745","1815","9","596","818","943","1299","1314"
"20223","11650560","반포1동","7332","4498","2834","9","1338","2420","1829","1125","611","2","633","1581","1213","625","444","7","705","839","616","500","167"
"20223","11650580","반포3동","8637","4815","3822","20","1367","2193","1912","1729","1416","7","578","1294","1265","1001","670","13","789","899","647","728","746"
"20223","11680521","논현1동","41576","24313","17263","162","10856","12491","8831","5739","3497","68","4624","7421","5950","3705","2545","94","6232","5070","2881","2034","952"
"20223","11680600","대치1동","20053","10683","9370","37","3668","6545","4998","3118","1687","15","1378","3248","2827","1994","1221","22","2290","3297","2171","1124","466"
"20223","11680545","압구정동","44490","25047","19443","256","9903","13905","10212","6655","3559","102","3671","7810","6873","4381","2210","154","6232","6095","3339","2274","1349"
"20223","11710570","오금동","27438","19217","8221","45","3630","6522","6925","6613","3703","29","2126","4408","5118","5012","2524","16","1504","2114","1807","1601","1179"
"20223","11710566","오륜동","25084","14536","10548","45","4062","7583","6511","5022","1861","14","1636","3946","4187","3325","1428","31","2426","3637","2324","1697","433"
"20223","11710680","잠실3동","21831","14806","7025","108","3990","5469","5434","4132","2698","48","2079","3783","4024","2965","1907","60","1911","1686","1410","1167","791"
"20223","11740515","강일동","1357","886","471","0","196","292","374","333","162","0","98","199","237","215","137","0","98","93","137","118","25"
"20223","11740550","고덕1동","2188","1136","1052","0","240","487","569","526","366","0","108","271","280","241","236","0","132","216","289","285","130"
"20223","11740685","길동","9468","4805","4663","25","1369","1886","2128","2298","1762","15","541","1001","1136","1055","1057","10","828","885","992","1243","705"
"20223","11740530","명일1동","4220","2357","1863","9","623","1131","1061","762","634","4","293","679","693","390","298","5","330","452","368","372","336"
"20223","11740570","암사1동","3940","2413","1527","6","504","843","830","791","966","2","246","550","529","537","549","4","258","293","301","254","417"
"20223","11110600","가회동","11728","8729","2999","7","1263","4028","3519","2201","710","6","655","2966","2750","1810","542","1","608","1062","769","391","168"
"20223","11110690","창신3동","300","142","158","1","38","80","74","78","29","0","14","34","35","41","18","1","24","46","39","37","11"
"20223","11140550","명동","72930","42220","30710","107","11914","24562","19786","12954","3607","41","4764","12669","12754","9554","2438","66","7150","11893","7032","3400","1169"
"20223","11140570","필동","17346","8148","9198","41","2497","4384","5350","3789","1285","16","843","2169","2511","1781","828","25","1654","2215","2839","2008","457"
"20223","11170570","원효로2동","4609","3303","1306","17","726","1387","1277","740","462","7","416","989","980","547","364","10","310","398","297","193","98"
"20223","11170510","후암동","2324","1371","953","9","361","509","641","516","288","7","137","304","418","306","199","2","224","205","223","210","89"
"20223","11200540","마장동","7683","5451","2232","32","651","1345","1769","2510","1376","28","387","920","1288","1803","1025","4","264","425","481","707","351"
"20223","11200550","사근동","2650","1837","813","2","159","472","841","788","388","2","59","297","569","596","314","0","100","175","272","192","74"
"20223","11200535","왕십리도선동","5949","2726","3223","23","982","1143","1247","1456","1098","4","341","631","669","614","467","19","641","512","578","842","631"
"20223","11215850","구의1동","3628","2155","1473","9","515","899","1000","818","387","8","269","519","553","530","276","1","246","380","447","288","111"
"20223","11230740","이문1동","4076","1851","2225","3","781","1042","1081","784","385","2","164","402","537","471","275","1","617","640","544","313","110"
"20223","11230705","청량리동","4909","2614","2295","7","873","1407","941","916","765","5","334","799","527","516","433","2","539","608","414","400","332"
"20223","11260575","면목3?8동","3459","2159","1300","7","341","614","876","936","685","2","118","323","518","673","525","5","223","291","358","263","160"
"20223","11260690","신내2동","3776","2095","1681","8","503","948","927","926","464","5","209","446","476","601","358","3","294","502","451","325","106"
"20223","11260600","중화1동","1955","1034","921","0","231","422","496","461","345","0","87","173","241","257","276","0","144","249","255","204","69"
"20223","11290580","돈암1동","2329","1067","1262","9","677","705","484","321","133","0","162","352","257","181","115","9","515","353","227","140","18"
"20223","11290590","돈암2동","11726","7090","4636","44","1806","2813","3721","2083","1259","13","834","1672","2483","1535","553","31","972","1141","1238","548","706"
"20223","11305545","송중동","2249","1126","1123","13","239","363","636","577","421","11","98","158","279","282","298","2","141","205","357","295","123"
"20223","11320513","창3동","775","403","372","1","82","159","233","192","108","0","23","87","136","93","64","1","59","72","97","99","44"
"20223","11350665","상계3?4동","2343","1623","720","1","143","225","563","854","557","0","53","113","356","647","454","1","90","112","207","207","103"
"20223","11380631","신사1동","2475","1318","1157","2","267","513","566","607","520","0","108","252","308","291","359","2","159","261","258","316","161"
"20223","11380632","신사2동","1918","1332","586","5","228","379","473","475","358","5","169","255","279","313","311","0","59","124","194","162","47"
"20223","11380625","역촌동","4694","2257","2437","13","779","952","1204","1060","686","3","282","432","566","512","462","10","497","520","638","548","224"
"20223","11410520","천연동","1823","985","838","2","163","301","468","629","260","2","55","136","264","369","159","0","108","165","204","260","101"
"20223","11410685","홍은2동","5835","3769","2066","38","926","1570","1420","1250","631","32","524","1029","916","820","448","6","402","541","504","430","183"
"20223","11410640","홍제3동","1201","596","605","4","116","149","247","307","378","1","41","59","115","157","223","3","75","90","132","150","155"
"20223","11440555","아현동","11780","6477","5303","23","2240","3776","3328","2004","409","9","975","2113","1872","1217","291","14","1265","1663","1456","787","118"
"20223","11440680","합정동","5738","3211","2527","14","955","1644","1487","1049","589","11","379","809","935","673","404","3","576","835","552","376","185"
"20223","11470520","목2동","5530","3082","2448","4","766","1343","1466","1257","694","3","362","729","810","727","451","1","404","614","656","530","243"
"20223","11500603","가양1동","5337","3304","2033","4","589","1111","1212","1288","1133","2","247","674","720","830","831","2","342","437","492","458","302"
"20223","11500605","가양3동","3216","2060","1156","13","542","708","898","664","391","7","352","475","573","394","259","6","190","233","325","270","132"
"20223","11530720","고척1동","7767","5490","2277","7","690","1575","2040","2362","1093","5","361","1045","1423","1771","885","2","329","530","617","591","208"
"20223","11545640","독산4동","1765","991","774","2","225","303","376","416","443","1","128","180","220","205","257","1","97","123","156","211","186"
"20223","11560710","대림2동","4606","2336","2270","27","855","1092","1021","707","904","8","328","577","443","397","583","19","527","515","578","310","321"
"20223","11560720","대림3동","6057","3897","2160","17","635","1258","1552","1442","1153","5","328","877","1105","901","681","12","307","381","447","541","472"
"20223","11560515","영등포본동","5708","3229","2479","36","808","1406","1461","1375","622","15","347","711","835","853","468","21","461","695","626","522","154"
"20223","11590520","노량진2동","4687","2431","2256","11","746","1363","1135","951","481","3","389","592","527","608","312","8","357","771","608","343","169"
"20223","11590620","사당1동","3916","2054","1862","9","659","963","1044","718","523","4","217","469","523","427","414","5","442","494","521","291","109"
"20223","11590550","상도3동","1371","776","595","1","119","278","361","320","292","1","68","182","212","159","154","0","51","96","149","161","138"
"20223","11590680","신대방2동","22031","14020","8011","54","4027","4597","4124","5144","4085","30","3041","3521","2633","2623","2172","24","986","1076","1491","2521","1913"
"20223","11620775","난곡동","1481","807","674","0","165","296","361","425","234","0","68","153","180","237","169","0","97","143","181","188","65"
"20223","11620765","미성동","3689","2177","1512","28","364","650","866","953","828","22","226","379","483","494","573","6","138","271","383","459","255"
"20223","11650620","방배3동","17809","11648","6161","114","2781","5297","4805","2896","1916","37","1413","3322","3453","1995","1428","77","1368","1975","1352","901","488"
"20223","11680670","개포2동","9490","6220","3270","35","1658","2701","2271","1757","1068","14","884","1810","1564","1122","826","21","774","891","707","635","242"
"20223","11680630","대치4동","33305","20468","12837","149","5336","9904","9047","5656","3213","21","2296","5995","6187","3965","2004","128","3040","3909","2860","1691","1209"
"20223","11680655","도곡1동","40888","28978","11910","97","6985","9515","11398","10350","2543","71","3545","6237","8574","8481","2070","26","3440","3278","2824","1869","473"
"20223","11710532","거여2동","2952","1523","1429","13","377","486","723","879","474","6","209","286","369","394","259","7","168","200","354","485","215"
"20223","11710641","문정1동","34975","27013","7962","17","3178","6528","10070","13196","1986","9","1869","4711","7830","11299","1295","8","1309","1817","2240","1897","691"
"20223","11740540","명일2동","2874","1969","905","5","337","819","768","610","335","3","172","581","558","393","262","2","165","238","210","217","73"
"20223","11740660","성내3동","4641","2789","1852","15","658","1034","1162","962","810","13","344","656","703","541","532","2","314","378","459","421","278"
"20223","11740610","천호2동","3817","1970","1847","14","484","802","933","884","700","8","199","378","464","440","481","6","285","424","469","444","219"
"20223","11740620","천호3동","2763","1566","1197","3","170","305","475","502","1308","3","64","139","236","255","869","0","106","166","239","247","439"
"20214","11110530","사직동","47822","29932","17890","53","6303","13536","14415","9470","4045","14","2635","8315","9863","6619","2486","39","3668","5221","4552","2851","1559"
"20214","11170700","보광동","1059","532","527","1","137","225","268","258","170","1","26","109","139","145","112","0","111","116","129","113","58"
"20214","11170520","용산2가동","1795","1266","529","0","150","298","628","603","116","0","59","164","490","472","81","0","91","134","138","131","35"
"20214","11170640","이촌2동","2906","1976","930","8","411","803","858","630","196","3","184","508","647","491","143","5","227","295","211","139","53"
"20214","11200615","금호2?3가동","697","365","332","0","81","125","162","160","169","0","19","50","81","89","126","0","62","75","81","71","43"
"20214","11200645","옥수동","4791","1847","2944","5","1224","1430","1086","718","328","0","306","528","505","336","172","5","918","902","581","382","156"
"20214","11215810","광장동","16633","10092","6541","181","5160","4368","3223","2556","1145","56","2475","2824","2177","1712","848","125","2685","1544","1046","844","297"
"20214","11215830","자양2동","5005","3083","1922","20","716","1123","1284","1268","594","12","473","710","764","692","432","8","243","413","520","576","162"
"20214","11215847","자양4동","1152","729","423","6","101","178","269","290","308","5","46","95","157","184","242","1","55","83","112","106","66"
"20214","11215740","중곡1동","5496","2668","2828","82","1416","1044","1099","1287","568","28","605","563","545","517","410","54","811","481","554","770","158"
"20214","11230536","용신동","23899","12377","11522","56","2872","5303","5905","5893","3870","28","1358","3033","3112","2709","2137","28","1514","2270","2793","3184","1733"
"20214","11230720","휘경1동","1421","830","591","5","153","273","354","367","269","1","58","153","224","248","146","4","95","120","130","119","123"
"20214","11230730","휘경2동","4402","2273","2129","7","589","968","1138","1052","648","4","174","461","596","562","476","3","415","507","542","490","172"
"20214","11260655","망우본동","3417","1787","1630","14","378","624","763","1020","618","1","129","239","359","562","497","13","249","385","404","458","121"
"20214","11260570","면목7동","1410","772","638","2","173","268","338","383","246","2","59","120","177","222","192","0","114","148","161","161","54"
"20214","11260630","묵2동","2062","1388","674","1","299","504","494","556","208","1","171","341","326","406","143","0","128","163","168","150","65"
"20214","11260680","신내1동","4245","2030","2215","1","751","928","780","1114","671","1","204","390","376","549","510","0","547","538","404","565","161"
"20214","11290685","길음2동","722","307","415","3","80","138","190","198","113","2","35","58","87","70","55","1","45","80","103","128","58"
"20214","11290525","성북동","23717","18050","5667","44","3093","5817","6878","6849","1036","13","1710","4056","5451","6104","716","31","1383","1761","1427","745","320"
"20214","11290780","장위3동","1195","728","467","6","175","228","252","297","237","2","65","121","143","188","209","4","110","107","109","109","28"
"20214","11290705","종암동","22158","11647","10511","63","1867","5592","7813","6324","499","13","799","2048","3570","4921","296","50","1068","3544","4243","1403","203"
"20214","11305535","미아동","1850","1039","811","2","199","342","519","499","289","2","86","168","289","302","192","0","113","174","230","197","97"
"20214","11305608","번3동","1263","689","574","11","130","211","308","355","248","7","51","100","168","196","167","4","79","111","140","159","81"
"20214","11305660","인수동","4298","2498","1800","5","441","856","1098","1224","674","3","164","453","662","728","488","2","277","403","436","496","186"
"20214","11320690","방학1동","6582","3804","2778","14","664","1442","1618","1954","890","11","355","839","836","1104","659","3","309","603","782","850","231"
"20214","11320670","쌍문2동","1469","825","644","1","171","253","341","415","288","0","53","115","179","260","218","1","118","138","162","155","70"
"20214","11350720","상계10동","1064","449","615","0","164","226","285","302","87","0","35","95","112","144","63","0","129","131","173","158","24"
"20214","11350570","월계2동","1268","617","651","8","146","281","342","348","143","6","54","111","154","182","110","2","92","170","188","166","33"
"20214","11410710","북가좌1동","1739","1357","382","0","49","113","193","345","1039","0","16","52","88","234","967","0","33","61","105","111","72"
"20214","11410655","홍제2동","739","379","360","0","113","162","187","163","114","0","40","107","95","79","58","0","73","55","92","84","56"
"20214","11440585","도화동","13141","7986","5155","24","2416","3200","3302","2929","1270","12","1264","2199","2176","1526","809","12","1152","1001","1126","1403","461"
"20214","11440740","상암동","15320","9403","5917","39","3231","5547","4162","1731","610","17","1420","3496","2771","1209","490","22","1811","2051","1391","522","120"
"20214","11440660","서교동","26960","13797","13163","135","5627","7574","6249","4402","2973","88","2301","3787","3449","2331","1841","47","3326","3787","2800","2071","1132"
"20214","11440710","연남동","3213","1975","1238","4","517","760","777","678","477","4","232","412","461","463","403","0","285","348","316","215","74"
"20214","11500535","등촌3동","15368","8147","7221","44","1901","3264","3431","3801","2927","22","831","1785","2013","1850","1646","22","1070","1479","1418","1951","1281"
"20214","11500640","방화2동","3390","2190","1200","9","367","654","764","880","716","8","200","392","490","561","539","1","167","262","274","319","177"
"20214","11500641","방화3동","5011","3236","1775","7","488","1063","1262","1375","816","5","248","561","780","968","674","2","240","502","482","407","142"
"20214","11500570","화곡4동","2710","1207","1503","3","637","730","552","506","282","2","151","317","267","269","201","1","486","413","285","237","81"
"20214","11500590","화곡본동","2983","1681","1302","13","337","586","716","710","621","11","127","318","406","374","445","2","210","268","310","336","176"
"20214","11530595","가리봉동","972","454","518","1","95","161","224","209","282","0","42","74","102","83","153","1","53","87","122","126","129"
"20214","11530520","구로1동","4769","2813","1956","5","551","1184","1128","986","915","3","307","754","763","603","383","2","244","430","365","383","532"
"20214","11530770","오류1동","4294","2719","1575","14","556","798","1050","1234","642","7","393","537","636","709","437","7","163","261","414","525","205"
"20214","11560650","신길3동","1332","863","469","2","100","223","302","327","378","2","41","133","192","209","286","0","59","90","110","118","92"
"20214","11560690","신길7동","2693","1837","856","6","318","515","610","768","476","4","198","350","406","493","386","2","120","165","204","275","90"
"20214","11590530","상도1동","6189","3568","2621","10","958","1525","1507","1366","823","2","406","854","904","844","558","8","552","671","603","522","265"
"20214","11620525","보라매동","1838","943","895","8","253","408","426","448","295","3","107","206","219","212","196","5","146","202","207","236","99"
"20214","11620695","신림동","1946","1168","778","4","173","275","462","443","589","1","63","144","255","257","448","3","110","131","207","186","141"
"20214","11620615","중앙동","1420","666","754","3","174","256","327","381","279","2","71","125","154","182","132","1","103","131","173","199","147"
"20214","11620545","청림동","2705","1543","1162","4","408","900","885","393","115","3","178","504","529","253","76","1","230","396","356","140","39"
"20214","11650600","방배1동","19003","12553","6450","92","3748","5826","4604","3465","1268","61","1778","3553","3393","2828","940","31","1970","2273","1211","637","328"
"20214","11650531","서초4동","37488","21433","16055","138","7320","11471","9418","6641","2500","63","2783","6553","6110","4162","1762","75","4537","4918","3308","2479","738"
"20214","11680531","논현2동","55372","35328","20044","151","10602","16012","13330","8967","6310","47","4602","9575","9465","6803","4836","104","6000","6437","3865","2164","1474"
"20214","11680580","삼성1동","130157","87840","42317","310","26223","39031","34864","23107","6622","153","14094","25801","25719","18114","3959","157","12129","13230","9145","4993","2663"
"20214","11710631","가락1동","5913","4134","1779","0","404","1101","1627","1695","1086","0","271","843","1198","1111","711","0","133","258","429","584","375"
"20214","11710540","마천1동","955","471","484","2","112","201","273","249","118","1","46","98","129","118","79","1","66","103","144","131","39"
"20214","11710510","풍납1동","1718","964","754","1","228","386","435","451","217","1","120","208","229","240","166","0","108","178","206","211","51"
"20214","11710520","풍납2동","23596","11568","12028","3","5113","8054","5886","3553","987","0","1384","4183","3091","2173","737","3","3729","3871","2795","1380","250"
"20214","11740640","성내1동","17072","11605","5467","42","2020","3567","3667","4407","3369","17","1169","2225","2403","3188","2603","25","851","1342","1264","1219","766"
"20214","11110570","무악동","608","169","439","7","168","169","147","80","37","6","35","32","47","26","23","1","133","137","100","54","14"
"20214","11140665","동화동","1504","682","822","2","239","362","395","319","187","1","62","126","191","176","126","1","177","236","204","143","61"
"20214","11140635","약수동","17658","6830","10828","51","2837","6596","4891","2424","859","11","862","2322","1622","1389","624","40","1975","4274","3269","1035","235"
"20214","11140605","을지로동","15914","8662","7252","70","3844","3863","3457","2755","1925","17","1005","2127","2244","1916","1353","53","2839","1736","1213","839","572"
"20214","11170530","남영동","21173","8924","12249","187","8038","5217","4031","2705","995","22","1507","2802","2399","1454","740","165","6531","2415","1632","1251","255"
"20214","11170685","한남동","41934","30661","11273","135","6886","12388","11000","9625","1900","89","3268","8250","8923","8616","1515","46","3618","4138","2077","1009","385"
"20214","11200650","성수1가1동","3550","2228","1322","3","452","745","793","940","617","1","207","466","510","640","404","2","245","279","283","300","213"
"20214","11200520","왕십리2동","1259","746","513","2","175","319","360","269","134","2","85","169","221","170","99","0","90","150","139","99","35"
"20214","11200580","응봉동","1688","695","993","12","400","449","373","285","169","2","89","156","175","146","127","10","311","293","198","139","42"
"20214","11200560","행당1동","2359","1588","771","1","298","491","600","671","298","0","148","303","414","507","216","1","150","188","186","164","82"
"20214","11215870","구의3동","12940","7885","5055","27","1521","2728","3129","3229","2306","8","873","1900","2126","1661","1317","19","648","828","1003","1568","989"
"20214","11230660","장안2동","6304","3377","2927","46","1936","1218","1256","1163","685","27","1005","698","580","567","500","19","931","520","676","596","185"
"20214","11290715","월곡1동","2594","1577","1017","4","204","338","530","555","963","4","76","163","278","360","696","0","128","175","252","195","267"
"20214","11290770","장위2동","1746","1050","696","3","158","292","415","420","458","2","57","144","233","260","354","1","101","148","182","160","104"
"20214","11290640","정릉3동","2441","1649","792","15","383","695","593","440","315","14","207","494","418","314","202","1","176","201","175","126","113"
"20214","11305595","번1동","2555","1499","1056","2","322","516","510","657","548","0","139","316","307","420","317","2","183","200","203","237","231"
"20214","11305575","삼각산동","1296","708","588","1","227","343","406","210","109","0","93","192","227","105","91","1","134","151","179","105","18"
"20214","11305625","수유2동","2222","1180","1042","1","105","171","422","658","865","0","30","90","266","448","346","1","75","81","156","210","519"
"20214","11305645","우이동","2841","1745","1096","4","171","263","394","669","1340","3","51","126","214","460","891","1","120","137","180","209","449"
"20214","11320515","창5동","7114","4495","2619","9","821","1589","1757","1497","1441","7","428","1090","1177","820","973","2","393","499","580","677","468"
"20214","11350595","공릉1동","6301","3404","2897","8","659","982","1376","1729","1547","4","299","541","682","893","985","4","360","441","694","836","562"
"20214","11350700","상계8동","1180","616","564","3","167","344","290","263","113","1","59","215","121","143","77","2","108","129","169","120","36"
"20214","11410690","남가좌1동","3997","2401","1596","11","278","509","695","992","1512","8","190","341","440","522","900","3","88","168","255","470","612"
"20214","11440565","공덕동","14467","8329","6138","84","3210","3917","3860","2545","851","33","1283","2076","2451","1878","608","51","1927","1841","1409","667","243"
"20214","11440610","염리동","3956","2587","1369","75","736","884","795","861","605","27","372","596","586","593","413","48","364","288","209","268","192"
"20214","11470550","목5동","31153","18954","12199","114","5058","8049","7547","6516","3869","55","2331","4850","4764","4269","2685","59","2727","3199","2783","2247","1184"
"20214","11470570","신월2동","2996","1737","1259","12","259","472","804","817","632","9","142","279","419","437","451","3","117","193","385","380","181"
"20214","11470670","신정6동","18155","11030","7125","92","3488","5238","4247","3672","1418","74","1698","3218","2712","2347","981","18","1790","2020","1535","1325","437"
"20214","11500540","화곡1동","5031","2822","2209","21","535","1016","1247","1402","810","17","249","591","676","789","500","4","286","425","571","613","310"
"20214","11530750","개봉2동","8038","3972","4066","37","1415","1946","1909","1903","828","17","804","1236","844","639","432","20","611","710","1065","1264","396"
"20214","11530730","고척2동","3143","1958","1185","10","356","698","794","841","444","7","220","440","469","485","337","3","136","258","325","356","107"
"20214","11530560","구로5동","14392","9095","5297","44","2014","3370","3745","3190","2029","33","1138","2322","2481","1889","1232","11","876","1048","1264","1301","797"
"20214","11560620","양평2동","14774","8451","6323","38","2693","4021","4060","2540","1422","15","1180","2429","2300","1491","1036","23","1513","1592","1760","1049","386"
"20214","11560535","영등포동","14217","7943","6274","48","2615","3539","3349","2794","1872","14","977","1979","2088","1652","1233","34","1638","1560","1261","1142","639"
"20214","11590670","신대방1동","7418","4694","2724","24","1422","2370","1722","1183","697","14","724","1528","1188","772","468","10","698","842","534","411","229"
"20214","11620645","서원동","2912","1206","1706","5","563","630","529","646","539","2","143","260","265","235","301","3","420","370","264","411","238"
"20214","11620625","인헌동","3435","1976","1459","13","701","985","867","536","333","5","324","608","515","277","247","8","377","377","352","259","86"
"20214","11620595","청룡동","6665","3660","3005","8","1087","1894","1590","1510","576","3","433","957","884","988","395","5","654","937","706","522","181"
"20214","11650570","반포2동","9861","5872","3989","18","1652","3059","2563","1656","913","10","723","1849","1650","999","641","8","929","1210","913","657","272"
"20214","11650520","서초2동","67858","45080","22778","159","14201","22383","16994","10387","3734","54","7752","15121","11691","7781","2681","105","6449","7262","5303","2606","1053"
"20214","11650652","양재2동","43401","32515","10886","106","5761","10598","12175","11422","3339","59","3488","7792","9341","9309","2526","47","2273","2806","2834","2113","813"
"20214","11680740","일원2동","5600","3682","1918","17","832","1447","1587","1319","398","5","407","891","1091","992","296","12","425","556","496","327","102"
"20214","11710620","가락본동","27955","16882","11073","89","3790","6716","6396","5452","5512","37","1813","4194","4281","3158","3399","52","1977","2522","2115","2294","2113"
"20214","11710562","방이2동","24911","14324","10587","53","4019","6387","5622","5295","3535","37","2261","4157","3442","2476","1951","16","1758","2230","2180","2819","1584"
"20214","11710670","잠실2동","7793","5196","2597","10","1494","2265","2042","1556","426","9","938","1589","1387","1026","247","1","556","676","655","530","179"
"20214","11740600","천호1동","2450","1407","1043","6","246","461","597","573","567","1","100","239","304","336","427","5","146","222","293","237","140"
"20214","11110540","삼청동","5862","4751","1111","3","726","1549","1817","1381","386","0","460","1187","1543","1230","331","3","266","362","274","151","55"
"20214","11110630","종로5?6가동","15588","9737","5851","407","3613","4484","3824","2369","891","114","1498","2891","2796","1819","619","293","2115","1593","1028","550","272"
"20214","11110670","창신1동","1307","566","741","1","117","231","397","315","246","0","47","88","128","140","163","1","70","143","269","175","83"
"20214","11110650","혜화동","6669","3263","3406","30","1094","1790","1598","1324","833","22","380","867","848","687","459","8","714","923","750","637","374"
"20214","11170690","서빙고동","14416","9448","4968","37","2566","4289","4433","2273","818","15","1228","2510","3241","1816","638","22","1338","1779","1192","457","180"
"20214","11170590","용문동","2710","1570","1140","11","527","732","741","503","196","7","221","430","439","338","135","4","306","302","302","165","61"
"20214","11170560","원효로1동","4677","3188","1489","21","727","1266","1220","852","591","12","430","908","848","583","407","9","297","358","372","269","184"
"20214","11170630","이촌1동","10866","6950","3916","53","1764","2919","3039","2219","872","34","876","1798","2142","1493","607","19","888","1121","897","726","265"
"20214","11170555","청파동","4834","2581","2253","14","753","1213","1147","1014","693","8","264","562","606","621","520","6","489","651","541","393","173"
"20214","11200590","금호1가동","2304","858","1446","15","272","750","937","260","70","0","88","248","371","102","49","15","184","502","566","158","21"
"20214","11200720","송정동","1247","754","493","1","181","290","313","250","212","0","88","178","172","148","168","1","93","112","141","102","44"
"20214","11215770","중곡4동","5044","2482","2562","6","871","1221","1285","1169","492","4","254","568","628","634","394","2","617","653","657","535","98"
"20214","11215710","화양동","2662","1687","975","9","348","425","650","775","455","4","133","230","426","533","361","5","215","195","224","242","94"
"20214","11230610","답십리2동","4215","3060","1155","32","687","954","962","850","730","28","504","727","697","583","521","4","183","227","265","267","209"
"20214","11230750","이문2동","2210","1168","1042","2","268","474","498","560","408","1","93","229","233","307","305","1","175","245","265","253","103"
"20214","11230650","장안1동","10768","6778","3990","34","1470","2114","2327","2359","2464","26","880","1351","1448","1427","1646","8","590","763","879","932","818"
"20214","11260540","면목4동","1624","1162","462","2","121","264","432","588","217","1","55","160","292","481","173","1","66","104","140","107","44"
"20214","11290660","길음1동","6329","3095","3234","419","2211","1546","1057","690","406","176","957","813","522","320","307","243","1254","733","535","370","99"
"20214","11290610","보문동","6952","5271","1681","6","667","2047","1463","1460","1309","2","365","1644","1172","1170","918","4","302","403","291","290","391"
"20214","11290555","삼선동","6459","3237","3222","8","699","1546","1938","1603","665","4","247","667","937","1001","381","4","452","879","1001","602","284"
"20214","11290760","장위1동","1324","690","634","2","238","278","309","277","220","1","110","154","156","135","134","1","128","124","153","142","86"
"20214","11290630","정릉2동","1757","773","984","0","286","418","473","380","200","0","74","179","186","185","149","0","212","239","287","195","51"
"20214","11305603","번2동","1380","655","725","1","201","205","357","391","225","0","85","107","157","187","119","1","116","98","200","204","106"
"20214","11350630","상계1동","5569","3527","2042","23","644","1148","1345","1414","995","18","369","775","875","881","609","5","275","373","470","533","386"
"20214","11350670","상계5동","1861","927","934","5","128","213","314","464","737","2","52","114","139","210","410","3","76","99","175","254","327"
"20214","11350695","상계6?7동","6346","2810","3536","19","890","1498","1624","1611","704","11","233","564","725","883","394","8","657","934","899","728","310"
"20214","11350560","월계1동","2778","1511","1267","13","430","656","717","544","418","5","200","395","362","278","271","8","230","261","355","266","147"
"20214","11350624","중계4동","2064","1128","936","12","201","421","483","539","408","7","75","203","253","283","307","5","126","218","230","256","101"
"20214","11350612","하계2동","1414","910","504","2","145","263","384","465","155","0","82","161","240","294","133","2","63","102","144","171","22"
"20214","11380570","대조동","2617","1284","1333","5","323","553","704","596","436","4","119","269","331","267","294","1","204","284","373","329","142"
"20214","11380640","증산동","2848","1844","1004","2","364","748","783","642","309","2","169","501","515","424","233","0","195","247","268","218","76"
"20214","11410585","신촌동","5047","2648","2399","12","786","1329","1274","1079","567","7","305","582","652","701","401","5","481","747","622","378","166"
"20214","11410620","홍제1동","2477","1275","1202","5","265","373","628","847","359","2","77","175","328","475","218","3","188","198","300","372","141"
"20214","11440690","망원1동","3153","1750","1403","10","855","862","647","467","312","3","496","462","313","276","200","7","359","400","334","191","112"
"20214","11440730","성산2동","2757","1239","1518","5","275","511","724","838","404","3","99","251","327","330","229","2","176","260","397","508","175"
"20214","11470510","목1동","17427","11303","6124","49","3004","4738","4346","3560","1730","31","1399","3112","3084","2553","1124","18","1605","1626","1262","1007","606"
"20214","11470600","신월5동","2190","1209","981","8","278","535","546","550","273","5","127","267","283","322","205","3","151","268","263","228","68"
"20214","11470610","신월6동","1115","652","463","1","118","205","253","306","232","0","45","105","138","173","191","1","73","100","115","133","41"
"20214","11470680","신정7동","5753","3432","2321","14","656","1376","1762","1305","640","8","306","770","1070","807","471","6","350","606","692","498","169"
"20214","11500620","공항동","33826","17706","16120","10","5671","11101","9233","6573","1238","2","1358","4648","5380","5415","903","8","4313","6453","3853","1158","335"
"20214","11500530","등촌2동","4992","2944","2048","6","614","985","1193","1272","922","2","259","533","721","804","625","4","355","452","472","468","297"
"20214","11500615","우장산동","6277","3448","2829","6","1358","1416","1329","1316","852","4","515","819","782","778","550","2","843","597","547","538","302"
"20214","11500550","화곡2동","1532","914","618","6","188","416","397","369","156","3","108","271","238","193","101","3","80","145","159","176","55"
"20214","11500591","화곡6동","10754","6820","3934","35","1515","2863","2741","2431","1169","9","750","1821","1754","1606","880","26","765","1042","987","825","289"
"20214","11530760","개봉3동","1995","1198","797","5","278","485","501","427","299","5","136","299","299","240","219","0","142","186","202","187","80"
"20214","11560630","신길1동","3535","1563","1972","4","633","842","785","696","575","0","202","405","373","294","289","4","431","437","412","402","286"
"20214","11560670","신길5동","1404","679","725","2","140","296","455","347","164","1","69","136","164","177","132","1","71","160","291","170","32"
"20214","11560540","여의동","217817","154569","63248","520","40050","78066","55998","33396","9787","195","22109","55804","43252","26581","6628","325","17941","22262","12746","6815","3159"
"20214","11620585","낙성대동","10344","5721","4623","20","1677","3541","2220","1585","1301","10","761","1862","1167","922","999","10","916","1679","1053","663","302"
"20214","11620685","신사동","4234","2870","1364","2","678","1206","1226","768","354","2","298","818","953","572","227","0","380","388","273","196","127"
"20214","11620605","은천동","4644","2204","2440","12","629","867","980","1276","880","1","210","402","501","575","515","11","419","465","479","701","365"
"20214","11650590","방배본동","28234","15628","12606","120","5284","7281","7505","5047","2997","82","1798","3804","4370","3275","2299","38","3486","3477","3135","1772","698"
"20214","11680610","대치2동","92377","51697","40680","530","16781","25425","21288","17434","10919","232","7729","15578","13694","8997","5467","298","9052","9847","7594","8437","5452"
"20214","11680590","삼성2동","62165","35711","26454","150","12530","20151","15787","8793","4754","61","5197","11854","10528","4946","3125","89","7333","8297","5259","3847","1629"
"20214","11680700","세곡동","1534","879","655","10","124","276","310","436","378","5","55","140","178","256","245","5","69","136","132","180","133"
"20214","11680650","역삼2동","51209","30365","20844","208","11790","14220","12162","9047","3782","85","5685","9112","8095","4730","2658","123","6105","5108","4067","4317","1124"
"20214","11680730","일원1동","2518","1370","1148","4","343","476","566","543","586","2","149","251","293","284","391","2","194","225","273","259","195"
"20214","11680565","청담동","57122","32691","24431","172","11877","18886","14178","8558","3451","72","4465","10782","9320","5650","2402","100","7412","8104","4858","2908","1049"
"20214","11710531","거여1동","3835","2832","1003","11","951","1067","919","530","357","9","659","841","701","364","258","2","292","226","218","166","99"
"20214","11710647","위례동","1268","1216","52","0","4","80","347","681","156","0","4","78","336","650","148","0","0","2","11","31","8"
"20214","11710690","잠실4동","9652","7756","1896","42","1285","3032","2803","2051","439","18","925","2493","2310","1675","335","24","360","539","493","376","104"
"20214","11710710","잠실6동","46691","24881","21810","93","7429","12391","13316","11902","1560","29","3439","7617","7686","4936","1174","64","3990","4774","5630","6966","386"
"20214","11710650","잠실본동","9422","6016","3406","45","1284","1797","2201","2088","2007","4","575","1097","1382","1438","1520","41","709","700","819","650","487"
"20214","11710646","장지동","6769","4617","2152","13","730","1085","1597","1784","1560","4","406","721","1070","1256","1160","9","324","364","527","528","400"
"20214","11740590","암사3동","3192","1912","1280","6","286","449","571","829","1051","3","146","269","312","478","704","3","140","180","259","351","347"
"20214","11140670","황학동","1714","1102","612","1","271","455","422","342","223","1","157","285","265","225","169","0","114","170","157","117","54"
"20214","11140540","회현동","58705","36279","22426","199","10994","20696","16047","8525","2244","68","5132","12355","10455","6703","1566","131","5862","8341","5592","1822","678"
"20214","11200690","성수2가3동","23863","15312","8551","83","3917","6067","5966","4768","3062","63","2176","4061","4011","2880","2121","20","1741","2006","1955","1888","941"
"20214","11215840","자양3동","3370","2410","960","8","406","863","937","843","313","3","252","605","689","618","243","5","154","258","248","225","70"
"20214","11260580","상봉1동","2499","1715","784","14","303","440","514","655","573","11","193","268","289","450","504","3","110","172","225","205","69"
"20214","11260590","상봉2동","5328","3673","1655","17","631","1376","1754","1205","345","13","369","964","1173","877","277","4","262","412","581","328","68"
"20214","11290600","안암동","4686","3030","1656","8","655","1203","1295","1013","512","3","333","745","832","715","402","5","322","458","463","298","110"
"20214","11320710","방학3동","3005","1804","1201","10","510","688","696","694","407","9","324","395","438","336","302","1","186","293","258","358","105"
"20214","11320680","쌍문3동","2022","963","1059","4","437","452","474","472","183","3","113","208","246","266","127","1","324","244","228","206","56"
"20214","11350710","상계9동","2626","1662","964","2","339","658","654","741","232","2","184","418","385","493","180","0","155","240","269","248","52"
"20214","11350580","월계3동","1502","756","746","1","166","265","395","434","241","1","63","137","182","228","145","0","103","128","213","206","96"
"20214","11350625","중계2?3동","2225","1256","969","5","288","582","570","571","209","4","170","349","294","305","134","1","118","233","276","266","75"
"20214","11380580","응암1동","2895","1605","1290","7","306","489","680","669","744","5","141","230","355","339","535","2","165","259","325","330","209"
"20214","11410615","연희동","14856","9739","5117","82","2345","3661","3196","4080","1492","43","1297","2440","1997","2924","1038","39","1048","1221","1199","1156","454"
"20214","11410660","홍은1동","7584","1500","6084","3","262","551","2062","3659","1047","1","98","189","374","439","399","2","164","362","1688","3220","648"
"20214","11440600","대흥동","5628","2774","2854","65","2228","1272","827","772","464","22","867","656","452","470","307","43","1361","616","375","302","157"
"20214","11440700","망원2동","5201","3099","2102","17","652","971","1126","1574","861","10","356","715","787","730","501","7","296","256","339","844","360"
"20214","11470611","신월7동","4357","2856","1501","4","467","719","894","1036","1237","3","345","547","587","630","744","1","122","172","307","406","493"
"20214","11470630","신정2동","13985","8015","5970","66","2513","4519","3729","2456","702","30","1020","2487","2309","1628","541","36","1493","2032","1420","828","161"
"20214","11530550","구로4동","2159","1229","930","5","243","425","532","527","427","3","112","228","294","293","299","2","131","197","238","234","128"
"20214","11545510","가산동","84451","55529","28922","300","16641","26228","20890","12369","8023","193","8827","17613","15063","8220","5613","107","7814","8615","5827","4149","2410"
"20214","11545620","독산2동","1789","993","796","1","230","372","417","495","274","0","125","176","207","282","203","1","105","196","210","213","71"
"20214","11545680","시흥2동","3435","2024","1411","4","342","681","873","1027","508","3","199","387","492","597","346","1","143","294","381","430","162"
"20214","11560585","도림동","1619","1028","591","12","144","272","393","413","385","10","65","165","247","262","279","2","79","107","146","151","106"
"20214","11560605","문래동","81647","59216","22431","162","12600","26629","25117","12877","4262","62","7033","20252","20512","8694","2663","100","5567","6377","4605","4183","1599"
"20214","11590660","대방동","11271","7474","3797","22","1880","3051","2637","2515","1166","7","998","2084","1836","1812","737","15","882","967","801","703","429"
"20214","11590560","상도4동","2530","1503","1027","3","355","559","610","636","367","2","174","328","367","445","187","1","181","231","243","191","180"
"20214","11620735","대학동","3077","2250","827","3","433","739","863","742","297","1","256","500","673","587","233","2","177","239","190","155","64"
"20214","11620665","서림동","1808","1022","786","8","273","316","451","387","373","2","137","168","241","231","243","6","136","148","210","156","130"
"20214","11650621","방배4동","21837","13492","8345","61","3771","6017","5424","4166","2398","27","1599","3546","3678","2918","1724","34","2172","2471","1746","1248","674"
"20214","11650651","양재1동","33395","21554","11841","445","7793","9217","7561","4987","3392","215","3960","6187","5334","3319","2539","230","3833","3030","2227","1668","853"
"20214","11680660","개포1동","18376","11295","7081","74","2873","4869","4780","3809","1971","30","1298","2691","3296","2574","1406","44","1575","2178","1484","1235","565"
"20214","11680656","도곡2동","192577","131699","60878","923","36796","75687","55314","19948","3909","583","19659","51843","42526","14511","2577","340","17137","23844","12788","5437","1332"
"20214","11680640","역삼1동","170825","101049","69776","494","34443","51961","43997","29792","10138","189","16474","32429","28719","16126","7112","305","17969","19532","15278","13666","3026"
"20214","11680720","일원본동","36779","20548","16231","181","9454","10978","8976","5878","1312","82","3541","6120","5771","4133","901","99","5913","4858","3205","1745","411"
"20214","11710550","마천2동","2599","1634","965","1","266","601","708","658","365","0","158","375","403","395","303","1","108","226","305","263","62"
"20214","11710561","방이1동","9129","6671","2458","30","952","1771","2392","2432","1552","19","450","1125","1786","1953","1338","11","502","646","606","479","214"
"20214","11710580","송파1동","8660","5413","3247","19","1228","1938","2145","1877","1453","8","530","1150","1399","1255","1071","11","698","788","746","622","382"
"20214","11740690","둔촌1동","1519","845","674","2","191","367","379","391","189","2","92","205","217","206","123","0","99","162","162","185","66"
"20214","11740520","상일동","3611","1827","1784","6","521","804","899","953","428","2","177","402","542","432","272","4","344","402","357","521","156"
"20214","11110640","이화동","5235","2876","2359","13","804","1303","1339","1082","694","6","257","600","777","725","511","7","547","703","562","357","183"
"20214","11110680","창신2동","344","116","228","0","22","40","89","116","77","0","4","11","32","39","30","0","18","29","57","77","47"
"20214","11110560","평창동","23179","12994","10185","45","2878","6197","7579","5016","1464","18","1373","3171","4476","3013","943","27","1505","3026","3103","2003","521"
"20214","11140590","광희동","42508","21177","21331","438","12207","11215","8725","6715","3208","189","5936","6526","5053","2274","1199","249","6271","4689","3672","4441","2009"
"20214","11140680","중림동","4348","2429","1919","3","913","1392","1134","599","307","2","420","754","630","399","224","1","493","638","504","200","83"
"20214","11170650","이태원1동","13034","5712","7322","26","3821","5020","2528","1242","397","14","981","2109","1400","906","302","12","2840","2911","1128","336","95"
"20214","11170625","한강로동","47142","23273","23869","183","9616","14692","13436","6917","2298","87","3914","6875","6681","4207","1509","96","5702","7817","6755","2710","789"
"20214","11215860","구의2동","4204","2612","1592","56","598","727","1055","1126","642","24","306","400","689","739","454","32","292","327","366","387","188"
"20214","11215760","중곡3동","1489","932","557","4","181","361","396","333","214","0","97","252","232","209","142","4","84","109","164","124","72"
"20214","11230560","전농1동","1537","956","581","2","180","270","401","417","267","0","113","170","263","260","150","2","67","100","138","157","117"
"20214","11230570","전농2동","4013","2089","1924","4","468","848","1061","1068","564","1","193","397","571","552","375","3","275","451","490","516","189"
"20214","11260550","면목5동","1080","728","352","1","105","184","287","266","237","1","67","138","140","175","207","0","38","46","147","91","30"
"20214","11260565","면목본동","1764","942","822","1","239","402","450","411","261","0","88","202","232","232","188","1","151","200","218","179","73"
"20214","11290810","석관동","3732","2418","1314","15","344","584","700","754","1335","8","170","353","396","466","1025","7","174","231","304","288","310"
"20214","11290620","정릉1동","1152","621","531","6","149","206","258","298","235","1","41","74","129","183","193","5","108","132","129","115","42"
"20214","11305615","수유1동","1920","874","1046","2","205","347","488","555","323","0","58","142","208","241","225","2","147","205","280","314","98"
"20214","11320522","도봉2동","2128","1350","778","1","113","274","364","537","839","0","39","137","202","352","620","1","74","137","162","185","219"
"20214","11320511","창1동","1790","815","975","6","246","361","472","484","221","3","96","141","213","228","134","3","150","220","259","256","87"
"20214","11350600","공릉2동","7078","3252","3826","29","1186","1746","1707","1652","758","3","368","800","796","808","477","26","818","946","911","844","281"
"20214","11350640","상계2동","2484","1209","1275","6","342","425","617","634","460","3","127","236","291","302","250","3","215","189","326","332","210"
"20214","11350621","중계1동","2169","1191","978","4","284","476","650","541","214","3","119","259","345","297","168","1","165","217","305","244","46"
"20214","11380552","갈현2동","3915","2012","1903","9","404","778","1023","1035","666","7","187","434","483","463","438","2","217","344","540","572","228"
"20214","11380560","구산동","4328","2305","2023","11","537","811","958","1354","657","1","205","363","455","843","438","10","332","448","503","511","219"
"20214","11380530","불광2동","3113","1510","1603","2","194","431","503","653","1330","1","68","222","203","273","743","1","126","209","300","380","587"
"20214","11380590","응암2동","1048","669","379","1","133","138","236","299","241","1","75","75","138","179","201","0","58","63","98","120","40"
"20214","11410700","남가좌2동","1792","933","859","1","205","375","486","493","232","0","73","179","233","280","168","1","132","196","253","213","64"
"20214","11410720","북가좌2동","3057","1561","1496","8","472","602","675","756","544","4","143","304","374","410","326","4","329","298","301","346","218"
"20214","11440655","서강동","6283","3927","2356","43","1080","1516","1510","1228","906","27","531","894","993","811","671","16","549","622","517","417","235"
"20214","11440720","성산1동","5829","3864","1965","19","753","1219","1334","1134","1370","15","369","757","847","790","1086","4","384","462","487","344","284"
"20214","11440590","용강동","13701","8118","5583","13","2008","3377","3238","2712","2353","9","969","1995","2139","1574","1432","4","1039","1382","1099","1138","921"
"20214","11470580","신월3동","1679","963","716","2","177","310","382","494","314","0","66","132","204","310","251","2","111","178","178","184","63"
"20214","11470590","신월4동","1813","1221","592","1","108","222","423","574","485","1","50","117","246","383","424","0","58","105","177","191","61"
"20214","11500604","가양2동","2849","1494","1355","9","375","668","690","678","429","6","175","360","369","336","248","3","200","308","321","342","181"
"20214","11500630","방화1동","7575","5922","1653","10","805","1601","1852","2167","1140","7","575","1308","1478","1793","761","3","230","293","374","374","379"
"20214","11500560","화곡3동","5333","3288","2045","10","724","1292","1364","1226","717","7","390","860","825","689","517","3","334","432","539","537","200"
"20214","11545610","독산1동","12850","8228","4622","40","1027","1759","2150","2804","5070","34","604","1165","1369","1723","3333","6","423","594","781","1081","1737"
"20214","11545630","독산3동","4188","2958","1230","10","366","639","730","800","1643","2","195","372","390","474","1525","8","171","267","340","326","118"
"20214","11560550","당산1동","9078","5438","3640","15","1539","2557","2014","1676","1277","8","613","1428","1263","1168","958","7","926","1129","751","508","319"
"20214","11560660","신길4동","1248","617","631","2","211","297","315","295","128","0","75","138","153","159","92","2","136","159","162","136","36"
"20214","11560680","신길6동","2634","1646","988","10","289","619","687","570","459","7","144","384","416","357","338","3","145","235","271","213","121"
"20214","11590510","노량진1동","5875","3297","2578","18","766","1395","1471","1398","827","12","329","798","898","755","505","6","437","597","573","643","322"
"20214","11590540","상도2동","1732","887","845","6","212","400","459","414","241","0","94","212","243","207","131","6","118","188","216","207","110"
"20214","11620630","남현동","3714","2442","1272","5","617","926","1001","721","444","3","338","621","701","472","307","2","279","305","300","249","137"
"20214","11620575","행운동","4257","2373","1884","15","636","1035","1002","964","605","8","316","584","534","500","431","7","320","451","468","464","174"
"20214","11650581","반포4동","94714","83567","11147","80","9480","20099","25531","35193","4331","34","7191","16727","22658","33449","3508","46","2289","3372","2873","1744","823"
"20214","11650610","방배2동","16805","8184","8621","37","2831","4294","4601","3237","1805","8","985","1931","2132","1909","1219","29","1846","2363","2469","1328","586"
"20214","11650510","서초1동","47386","26528","20858","101","9928","12282","10432","11564","3079","39","3558","6616","6055","8015","2245","62","6370","5666","4377","3549","834"
"20214","11650540","잠원동","16302","9442","6860","68","3397","4796","4022","2503","1516","36","1340","2803","2667","1569","1027","32","2057","1993","1355","934","489"
"20214","11680750","수서동","18037","9516","8521","27","2570","4859","4850","3583","2148","15","1151","2611","2544","1902","1293","12","1419","2248","2306","1681","855"
"20214","11710632","가락2동","10171","6862","3309","22","1354","2162","2015","1893","2725","16","801","1478","1339","1132","2096","6","553","684","676","761","629"
"20214","11710720","잠실7동","14130","6338","7792","52","1984","2775","3999","4487","833","31","995","1820","1888","1074","530","21","989","955","2111","3413","303"
"20214","11740700","둔촌2동","4961","2239","2722","4","946","1293","1058","1026","634","2","281","537","526","489","404","2","665","756","532","537","230"
"20214","11110615","종로1?2?3?4가동","97451","53687","43764","1427","19755","29598","26670","15288","4713","620","8610","14862","15621","10763","3211","807","11145","14736","11049","4525","1502"
"20214","11140650","신당5동","871","462","409","5","105","184","211","191","175","5","47","83","108","101","118","0","58","101","103","90","57"
"20214","11140645","청구동","3104","1714","1390","6","455","830","727","664","422","3","157","432","465","413","244","3","298","398","262","251","178"
"20214","11170580","효창동","1644","932","712","3","218","412","462","363","186","2","103","243","275","183","126","1","115","169","187","180","60"
"20214","11200620","금호4가동","1331","791","540","1","151","308","365","323","183","1","56","159","235","202","138","0","95","149","130","121","45"
"20214","11200670","성수2가1동","10042","6355","3687","107","2280","2880","2284","1625","866","57","1033","1862","1557","1147","699","50","1247","1018","727","478","167"
"20214","11200790","용답동","4708","2845","1863","30","1172","1311","961","753","481","2","511","843","633","476","380","28","661","468","328","277","101"
"20214","11200570","행당2동","268","104","164","0","31","57","76","66","38","0","14","23","24","16","27","0","17","34","52","50","11"
"20214","11215780","능동","2288","1405","883","7","330","533","589","459","370","3","160","314","371","276","281","4","170","219","218","183","89"
"20214","11230545","제기동","5479","3268","2211","10","735","1334","1323","1152","925","3","312","789","843","680","641","7","423","545","480","472","284"
"20214","11230710","회기동","784","371","413","1","93","180","195","178","137","1","28","71","89","84","98","0","65","109","106","94","39"
"20214","11260660","망우3동","1076","573","503","1","96","157","257","314","251","1","35","66","120","172","179","0","61","91","137","142","72"
"20214","11260620","묵1동","2604","1240","1364","4","285","604","740","629","342","1","102","281","337","286","233","3","183","323","403","343","109"
"20214","11260610","중화2동","1532","868","664","9","181","236","386","343","377","7","89","111","195","197","269","2","92","125","191","146","108"
"20214","11290725","월곡2동","4825","3059","1766","6","757","1363","1166","854","679","1","379","896","712","512","559","5","378","467","454","342","120"
"20214","11290650","정릉4동","2401","1467","934","2","203","363","582","760","491","0","64","182","369","511","341","2","139","181","213","249","150"
"20214","11305555","송천동","1900","953","947","3","145","324","405","482","541","2","42","149","190","273","297","1","103","175","215","209","244"
"20214","11320521","도봉1동","2162","1429","733","1","104","246","486","761","564","1","26","129","286","544","443","0","78","117","200","217","121"
"20214","11320660","쌍문1동","1769","844","925","0","216","280","472","488","313","0","56","101","185","251","251","0","160","179","287","237","62"
"20214","11350611","하계1동","4631","2934","1697","10","541","947","1177","1316","640","7","252","547","704","929","495","3","289","400","473","387","145"
"20214","11380551","갈현1동","2607","1348","1259","11","445","605","620","564","362","7","183","321","312","288","237","4","262","284","308","276","125"
"20214","11380510","녹번동","5199","2759","2440","14","602","1221","1380","1375","607","9","291","593","665","805","396","5","311","628","715","570","211"
"20214","11380650","수색동","1766","1115","651","0","231","468","426","349","292","0","114","299","263","220","219","0","117","169","163","129","73"
"20214","11380600","응암3동","2243","1094","1149","1","246","524","620","544","308","0","93","261","288","251","201","1","153","263","332","293","107"
"20214","11380690","진관동","3595","1885","1710","4","367","871","969","867","517","2","170","543","543","367","260","2","197","328","426","500","257"
"20214","11410555","북아현동","1845","1353","492","0","191","416","503","517","218","0","82","314","396","401","160","0","109","102","107","116","58"
"20214","11410565","충현동","14173","8784","5389","22","1788","3587","3729","3349","1698","13","845","2173","2366","2194","1193","9","943","1414","1363","1155","505"
"20214","11440630","신수동","5675","3230","2445","14","686","1567","1578","1378","452","12","255","740","902","974","347","2","431","827","676","404","105"
"20214","11470540","목4동","2879","1741","1138","7","354","627","828","712","351","4","144","373","493","453","274","3","210","254","335","259","77"
"20214","11470640","신정3동","7022","4988","2034","7","565","1340","1751","1490","1869","1","271","806","1186","1041","1683","6","294","534","565","449","186"
"20214","11500520","등촌1동","8609","5163","3446","22","1724","2223","1900","1545","1195","13","636","1404","1311","1008","791","9","1088","819","589","537","404"
"20214","11500510","염창동","19659","9116","10543","50","3048","5769","5855","3303","1634","29","1102","2522","2356","1821","1286","21","1946","3247","3499","1482","348"
"20214","11530740","개봉1동","4844","2808","2036","9","463","1029","1149","1259","935","7","239","570","592","717","683","2","224","459","557","542","252"
"20214","11530530","구로2동","13937","8549","5388","41","1703","3217","3450","3483","2043","20","796","1900","2064","2280","1489","21","907","1317","1386","1203","554"
"20214","11530540","구로3동","52394","34315","18079","202","10890","17618","13256","6528","3900","132","5505","11682","9334","4548","3114","70","5385","5936","3922","1980","786"
"20214","11530800","항동","1601","998","603","2","147","323","512","371","246","1","53","172","316","264","192","1","94","151","196","107","54"
"20214","11545670","시흥1동","6679","3563","3116","15","926","1606","1587","1664","881","10","425","798","798","941","591","5","501","808","789","723","290"
"20214","11560560","당산2동","14108","9461","4647","48","2208","3163","3415","3108","2166","22","1130","1980","2383","2282","1664","26","1078","1183","1032","826","502"
"20214","11590630","사당2동","2674","1472","1202","15","427","777","722","492","241","6","208","472","426","226","134","9","219","305","296","266","107"
"20214","11590640","사당3동","3596","2099","1497","3","446","802","955","838","552","0","176","433","585","500","405","3","270","369","370","338","147"
"20214","11590605","흑석동","1446","824","622","2","197","319","389","321","218","1","100","177","223","176","147","1","97","142","166","145","71"
"20214","11620715","난향동","1315","649","666","1","151","289","365","283","226","0","41","132","152","144","180","1","110","157","213","139","46"
"20214","11620655","신원동","1011","576","435","5","113","213","247","244","189","3","60","118","146","143","106","2","53","95","101","101","83"
"20214","11620725","조원동","3254","2026","1228","7","613","788","789","699","358","2","285","513","503","469","254","5","328","275","286","230","104"
"20214","11650550","반포본동","24429","13311","11118","37","4041","8064","6985","4177","1125","22","1479","4403","3916","2614","877","15","2562","3661","3069","1563","248"
"20214","11650530","서초3동","68236","40512","27724","193","11708","20440","17471","12437","5987","88","4953","11908","11177","8110","4276","105","6755","8532","6294","4327","1711"
"20214","11680690","개포4동","8809","6333","2476","21","1063","1992","2481","2105","1147","9","526","1333","1880","1637","948","12","537","659","601","468","199"
"20214","11680510","신사동","27942","16647","11295","98","5802","8429","7084","4252","2277","41","2251","5152","4743","2778","1682","57","3551","3277","2341","1474","595"
"20214","11710642","문정2동","41453","26054","15399","81","5936","12616","12707","7337","2776","36","2842","7120","8712","5617","1727","45","3094","5496","3995","1720","1049"
"20214","11710610","삼전동","7762","5230","2532","5","936","1763","1740","1549","1769","5","530","1154","1145","951","1445","0","406","609","595","598","324"
"20214","11710600","석촌동","8870","5856","3014","20","1074","2021","2072","1815","1868","12","607","1458","1402","1073","1304","8","467","563","670","742","564"
"20214","11710590","송파2동","14196","8974","5222","63","2237","3514","3721","3393","1268","47","1080","2233","2681","2128","805","16","1157","1281","1040","1265","463"
"20214","11740560","고덕2동","1985","1260","725","0","118","259","426","694","488","0","27","115","243","481","394","0","91","144","183","213","94"
"20214","11740650","성내2동","2304","1410","894","7","391","474","511","467","454","3","252","290","298","287","280","4","139","184","213","180","174"
"20214","11740580","암사2동","2638","964","1674","3","269","441","620","793","512","3","97","204","251","229","180","0","172","237","369","564","332"
"20214","11110580","교남동","847","498","349","3","100","217","222","173","132","1","35","111","132","116","103","2","65","106","90","57","29"
"20214","11110550","부암동","4115","2286","1829","8","695","1179","1099","798","336","3","287","651","630","483","232","5","408","528","469","315","104"
"20214","11110700","숭인1동","460","210","250","1","87","99","102","101","70","0","16","42","51","53","48","1","71","57","51","48","22"
"20214","11110710","숭인2동","1942","998","944","9","288","341","456","464","384","5","89","162","255","278","209","4","199","179","201","186","175"
"20214","11110515","청운효자동","10628","6827","3801","65","1929","3064","2954","1874","742","7","842","1921","2196","1349","512","58","1087","1143","758","525","230"
"20214","11140625","다산동","6567","4125","2442","12","1165","2090","1574","1149","577","3","481","1432","1099","702","408","9","684","658","475","447","169"
"20214","11140520","소공동","77533","41196","36337","404","22441","24493","17068","10242","2885","116","7294","12188","12180","7491","1927","288","15147","12305","4888","2751","958"
"20214","11140615","신당동","3199","1726","1473","33","894","680","608","585","399","13","401","354","314","373","271","20","493","326","294","212","128"
"20214","11140580","장충동","10396","5498","4898","51","2383","2853","2688","1978","443","13","839","1601","1603","1139","303","38","1544","1252","1085","839","140"
"20214","11170660","이태원2동","1258","696","562","5","213","404","318","198","120","2","96","223","170","110","95","3","117","181","148","88","25"
"20214","11200660","성수1가2동","6301","4314","1987","24","1008","1280","1327","1359","1303","15","599","850","854","963","1033","9","409","430","473","396","270"
"20214","11215730","군자동","2363","1289","1074","5","295","494","527","536","506","2","119","258","304","283","323","3","176","236","223","253","183"
"20214","11215820","자양1동","12355","9722","2633","5","841","1746","3348","5029","1386","5","376","1117","2681","4367","1176","0","465","629","667","662","210"
"20214","11215750","중곡2동","2814","1604","1210","4","390","568","717","661","474","1","239","330","379","348","307","3","151","238","338","313","167"
"20214","11230600","답십리1동","6333","3031","3302","9","924","1297","1755","1680","668","4","626","866","637","452","446","5","298","431","1118","1228","222"
"20214","11260520","면목2동","1492","821","671","4","152","249","327","436","324","2","51","112","171","247","238","2","101","137","156","189","86"
"20214","11290575","동선동","2511","1246","1265","27","334","520","566","624","440","16","114","226","274","337","279","11","220","294","292","287","161"
"20214","11305534","삼양동","1087","628","459","5","145","205","255","257","220","3","60","98","133","160","174","2","85","107","122","97","46"
"20214","11305635","수유3동","3385","1724","1661","10","367","814","869","876","449","8","144","349","405","534","284","2","223","465","464","342","165"
"20214","11320700","방학2동","1017","474","543","0","95","205","247","208","262","0","40","102","115","103","114","0","55","103","132","105","148"
"20214","11320681","쌍문4동","1365","711","654","0","144","324","378","347","172","0","43","156","192","184","136","0","101","168","186","163","36"
"20214","11320512","창2동","2466","1391","1075","11","299","549","665","571","371","10","137","321","363","293","267","1","162","228","302","278","104"
"20214","11320514","창4동","2724","1708","1016","2","286","524","672","743","497","1","127","277","399","498","406","1","159","247","273","245","91"
"20214","11350619","중계본동","1798","881","917","8","209","368","445","499","269","6","100","188","195","227","165","2","109","180","250","272","104"
"20214","11380520","불광1동","3646","1607","2039","6","523","861","954","838","464","2","193","377","428","368","239","4","330","484","526","470","225"
"20214","11470530","목3동","2504","1376","1128","3","327","551","660","602","361","2","163","320","355","306","230","1","164","231","305","296","131"
"20214","11470560","신월1동","2247","1444","803","6","213","373","517","727","411","3","111","232","314","480","304","3","102","141","203","247","107"
"20214","11470620","신정1동","11571","6760","4811","51","2043","2900","2904","2459","1214","46","852","1805","1741","1428","888","5","1191","1095","1163","1031","326"
"20214","11470650","신정4동","7226","3988","3238","16","1221","1286","1376","1506","1821","8","376","629","698","817","1460","8","845","657","678","689","361"
"20214","11500611","발산1동","3230","1862","1368","4","229","472","852","1035","638","2","103","237","408","598","514","2","126","235","444","437","124"
"20214","11500593","화곡8동","2037","1114","923","7","298","523","565","373","271","6","135","286","282","223","182","1","163","237","283","150","89"
"20214","11530790","수궁동","3693","2490","1203","23","382","709","841","1029","709","20","234","445","526","700","565","3","148","264","315","329","144"
"20214","11530510","신도림동","13037","8565","4472","38","2126","4038","3175","2358","1302","18","890","2755","2286","1629","987","20","1236","1283","889","729","315"
"20214","11530780","오류2동","2785","1685","1100","4","281","624","732","696","448","1","120","353","422","440","349","3","161","271","310","256","99"
"20214","11545690","시흥3동","7990","4735","3255","17","592","1163","1847","2084","2287","8","314","754","1071","1135","1453","9","278","409","776","949","834"
"20214","11545700","시흥4동","1558","936","622","16","243","318","440","378","163","12","148","218","263","176","119","4","95","100","177","202","44"
"20214","11545710","시흥5동","1721","1012","709","21","247","398","427","359","269","15","130","260","249","185","173","6","117","138","178","174","96"
"20214","11560700","대림1동","2425","937","1488","0","785","549","491","412","188","0","166","197","240","208","126","0","619","352","251","204","62"
"20214","11560610","양평1동","12821","7428","5393","53","2537","2953","2834","2570","1874","22","1298","1886","1691","1321","1210","31","1239","1067","1143","1249","664"
"20214","11590650","사당4동","1399","726","673","5","155","229","303","271","436","4","59","115","137","126","285","1","96","114","166","145","151"
"20214","11590651","사당5동","1931","1038","893","2","242","468","579","457","183","1","112","219","297","257","152","1","130","249","282","200","31"
"20214","11620745","삼성동","1795","991","804","9","195","365","476","476","274","2","83","180","251","260","215","7","112","185","225","216","59"
"20214","11620565","성현동","7335","2785","4550","55","1046","1290","1680","2205","1059","31","479","676","763","595","241","24","567","614","917","1610","818"
"20214","11650660","내곡동","14211","9232","4979","62","2050","2934","2992","3044","3129","53","1454","2116","2049","1745","1815","9","596","818","943","1299","1314"
"20214","11650560","반포1동","7332","4498","2834","9","1338","2420","1829","1125","611","2","633","1581","1213","625","444","7","705","839","616","500","167"
"20214","11650580","반포3동","8637","4815","3822","20","1367","2193","1912","1729","1416","7","578","1294","1265","1001","670","13","789","899","647","728","746"
"20214","11680521","논현1동","41576","24313","17263","162","10856","12491","8831","5739","3497","68","4624","7421","5950","3705","2545","94","6232","5070","2881","2034","952"
"20214","11680600","대치1동","20053","10683","9370","37","3668","6545","4998","3118","1687","15","1378","3248","2827","1994","1221","22","2290","3297","2171","1124","466"
"20214","11680545","압구정동","44490","25047","19443","256","9903","13905","10212","6655","3559","102","3671","7810","6873","4381","2210","154","6232","6095","3339","2274","1349"
"20214","11710570","오금동","27438","19217","8221","45","3630","6522","6925","6613","3703","29","2126","4408","5118","5012","2524","16","1504","2114","1807","1601","1179"
"20214","11710566","오륜동","25084","14536","10548","45","4062","7583","6511","5022","1861","14","1636","3946","4187","3325","1428","31","2426","3637","2324","1697","433"
"20214","11710680","잠실3동","21831","14806","7025","108","3990","5469","5434","4132","2698","48","2079","3783","4024","2965","1907","60","1911","1686","1410","1167","791"
"20214","11740515","강일동","1357","886","471","0","196","292","374","333","162","0","98","199","237","215","137","0","98","93","137","118","25"
"20214","11740550","고덕1동","2188","1136","1052","0","240","487","569","526","366","0","108","271","280","241","236","0","132","216","289","285","130"
"20214","11740685","길동","9468","4805","4663","25","1369","1886","2128","2298","1762","15","541","1001","1136","1055","1057","10","828","885","992","1243","705"
"20214","11740530","명일1동","4220","2357","1863","9","623","1131","1061","762","634","4","293","679","693","390","298","5","330","452","368","372","336"
"20214","11740570","암사1동","3940","2413","1527","6","504","843","830","791","966","2","246","550","529","537","549","4","258","293","301","254","417"
"20214","11110600","가회동","11728","8729","2999","7","1263","4028","3519","2201","710","6","655","2966","2750","1810","542","1","608","1062","769","391","168"
"20214","11110690","창신3동","300","142","158","1","38","80","74","78","29","0","14","34","35","41","18","1","24","46","39","37","11"
"20214","11140550","명동","72930","42220","30710","107","11914","24562","19786","12954","3607","41","4764","12669","12754","9554","2438","66","7150","11893","7032","3400","1169"
"20214","11140570","필동","17346","8148","9198","41","2497","4384","5350","3789","1285","16","843","2169","2511","1781","828","25","1654","2215","2839","2008","457"
"20214","11170570","원효로2동","4609","3303","1306","17","726","1387","1277","740","462","7","416","989","980","547","364","10","310","398","297","193","98"
"20214","11170510","후암동","2324","1371","953","9","361","509","641","516","288","7","137","304","418","306","199","2","224","205","223","210","89"
"20214","11200540","마장동","7683","5451","2232","32","651","1345","1769","2510","1376","28","387","920","1288","1803","1025","4","264","425","481","707","351"
"20214","11200550","사근동","2650","1837","813","2","159","472","841","788","388","2","59","297","569","596","314","0","100","175","272","192","74"
"20214","11200535","왕십리도선동","5949","2726","3223","23","982","1143","1247","1456","1098","4","341","631","669","614","467","19","641","512","578","842","631"
"20214","11215850","구의1동","3628","2155","1473","9","515","899","1000","818","387","8","269","519","553","530","276","1","246","380","447","288","111"
"20214","11230740","이문1동","4076","1851","2225","3","781","1042","1081","784","385","2","164","402","537","471","275","1","617","640","544","313","110"
"20214","11230705","청량리동","4909","2614","2295","7","873","1407","941","916","765","5","334","799","527","516","433","2","539","608","414","400","332"
"20214","11260575","면목3?8동","3459","2159","1300","7","341","614","876","936","685","2","118","323","518","673","525","5","223","291","358","263","160"
"20214","11260690","신내2동","3776","2095","1681","8","503","948","927","926","464","5","209","446","476","601","358","3","294","502","451","325","106"
"20214","11260600","중화1동","1955","1034","921","0","231","422","496","461","345","0","87","173","241","257","276","0","144","249","255","204","69"
"20214","11290580","돈암1동","2329","1067","1262","9","677","705","484","321","133","0","162","352","257","181","115","9","515","353","227","140","18"
"20214","11290590","돈암2동","11726","7090","4636","44","1806","2813","3721","2083","1259","13","834","1672","2483","1535","553","31","972","1141","1238","548","706"
"20214","11305545","송중동","2249","1126","1123","13","239","363","636","577","421","11","98","158","279","282","298","2","141","205","357","295","123"
"20214","11320513","창3동","775","403","372","1","82","159","233","192","108","0","23","87","136","93","64","1","59","72","97","99","44"
"20214","11350665","상계3?4동","2343","1623","720","1","143","225","563","854","557","0","53","113","356","647","454","1","90","112","207","207","103"
"20214","11380631","신사1동","2475","1318","1157","2","267","513","566","607","520","0","108","252","308","291","359","2","159","261","258","316","161"
"20214","11380632","신사2동","1918","1332","586","5","228","379","473","475","358","5","169","255","279","313","311","0","59","124","194","162","47"
"20214","11380625","역촌동","4694","2257","2437","13","779","952","1204","1060","686","3","282","432","566","512","462","10","497","520","638","548","224"
"20214","11410520","천연동","1823","985","838","2","163","301","468","629","260","2","55","136","264","369","159","0","108","165","204","260","101"
"20214","11410685","홍은2동","5835","3769","2066","38","926","1570","1420","1250","631","32","524","1029","916","820","448","6","402","541","504","430","183"
"20214","11410640","홍제3동","1201","596","605","4","116","149","247","307","378","1","41","59","115","157","223","3","75","90","132","150","155"
"20214","11440555","아현동","11780","6477","5303","23","2240","3776","3328","2004","409","9","975","2113","1872","1217","291","14","1265","1663","1456","787","118"
"20214","11440680","합정동","5738","3211","2527","14","955","1644","1487","1049","589","11","379","809","935","673","404","3","576","835","552","376","185"
"20214","11470520","목2동","5530","3082","2448","4","766","1343","1466","1257","694","3","362","729","810","727","451","1","404","614","656","530","243"
"20214","11500603","가양1동","5337","3304","2033","4","589","1111","1212","1288","1133","2","247","674","720","830","831","2","342","437","492","458","302"
"20214","11500605","가양3동","3216","2060","1156","13","542","708","898","664","391","7","352","475","573","394","259","6","190","233","325","270","132"
"20214","11530720","고척1동","7767","5490","2277","7","690","1575","2040","2362","1093","5","361","1045","1423","1771","885","2","329","530","617","591","208"
"20214","11545640","독산4동","1765","991","774","2","225","303","376","416","443","1","128","180","220","205","257","1","97","123","156","211","186"
"20214","11560710","대림2동","4606","2336","2270","27","855","1092","1021","707","904","8","328","577","443","397","583","19","527","515","578","310","321"
"20214","11560720","대림3동","6057","3897","2160","17","635","1258","1552","1442","1153","5","328","877","1105","901","681","12","307","381","447","541","472"
"20214","11560515","영등포본동","5708","3229","2479","36","808","1406","1461","1375","622","15","347","711","835","853","468","21","461","695","626","522","154"
"20214","11590520","노량진2동","4687","2431","2256","11","746","1363","1135","951","481","3","389","592","527","608","312","8","357","771","608","343","169"
"20214","11590620","사당1동","3916","2054","1862","9","659","963","1044","718","523","4","217","469","523","427","414","5","442","494","521","291","109"
"20214","11590550","상도3동","1371","776","595","1","119","278","361","320","292","1","68","182","212","159","154","0","51","96","149","161","138"
"20214","11590680","신대방2동","22031","14020","8011","54","4027","4597","4124","5144","4085","30","3041","3521","2633","2623","2172","24","986","1076","1491","2521","1913"
"20214","11620775","난곡동","1481","807","674","0","165","296","361","425","234","0","68","153","180","237","169","0","97","143","181","188","65"
"20214","11620765","미성동","3689","2177","1512","28","364","650","866","953","828","22","226","379","483","494","573","6","138","271","383","459","255"
"20214","11650620","방배3동","17809","11648","6161","114","2781","5297","4805","2896","1916","37","1413","3322","3453","1995","1428","77","1368","1975","1352","901","488"
"20214","11680670","개포2동","9490","6220","3270","35","1658","2701","2271","1757","1068","14","884","1810","1564","1122","826","21","774","891","707","635","242"
"20214","11680630","대치4동","33305","20468","12837","149","5336","9904","9047","5656","3213","21","2296","5995","6187","3965","2004","128","3040","3909","2860","1691","1209"
"20214","11680655","도곡1동","40888","28978","11910","97","6985","9515","11398","10350","2543","71","3545","6237","8574","8481","2070","26","3440","3278","2824","1869","473"
"20214","11710532","거여2동","2952","1523","1429","13","377","486","723","879","474","6","209","286","369","394","259","7","168","200","354","485","215"
"20214","11710641","문정1동","34975","27013","7962","17","3178","6528","10070","13196","1986","9","1869","4711","7830","11299","1295","8","1309","1817","2240","1897","691"
"20214","11740540","명일2동","2874","1969","905","5","337","819","768","610","335","3","172","581","558","393","262","2","165","238","210","217","73"
"20214","11740660","성내3동","4641","2789","1852","15","658","1034","1162","962","810","13","344","656","703","541","532","2","314","378","459","421","278"
"20214","11740610","천호2동","3817","1970","1847","14","484","802","933","884","700","8","199","378","464","440","481","6","285","424","469","444","219"
"20214","11740620","천호3동","2763","1566","1197","3","170","305","475","502","1308","3","64","139","236","255","869","0","106","166","239","247","439"
"20224","11110530","사직동","47822","29932","17890","53","6303","13536","14415","9470","4045","14","2635","8315","9863","6619","2486","39","3668","5221","4552","2851","1559"
"20224","11170700","보광동","1059","532","527","1","137","225","268","258","170","1","26","109","139","145","112","0","111","116","129","113","58"
"20224","11170520","용산2가동","1795","1266","529","0","150","298","628","603","116","0","59","164","490","472","81","0","91","134","138","131","35"
"20224","11170640","이촌2동","2906","1976","930","8","411","803","858","630","196","3","184","508","647","491","143","5","227","295","211","139","53"
"20224","11200615","금호2?3가동","697","365","332","0","81","125","162","160","169","0","19","50","81","89","126","0","62","75","81","71","43"
"20224","11200645","옥수동","4791","1847","2944","5","1224","1430","1086","718","328","0","306","528","505","336","172","5","918","902","581","382","156"
"20224","11215810","광장동","16633","10092","6541","181","5160","4368","3223","2556","1145","56","2475","2824","2177","1712","848","125","2685","1544","1046","844","297"
"20224","11215830","자양2동","5005","3083","1922","20","716","1123","1284","1268","594","12","473","710","764","692","432","8","243","413","520","576","162"
"20224","11215847","자양4동","1152","729","423","6","101","178","269","290","308","5","46","95","157","184","242","1","55","83","112","106","66"
"20224","11215740","중곡1동","5496","2668","2828","82","1416","1044","1099","1287","568","28","605","563","545","517","410","54","811","481","554","770","158"
"20224","11230536","용신동","23899","12377","11522","56","2872","5303","5905","5893","3870","28","1358","3033","3112","2709","2137","28","1514","2270","2793","3184","1733"
"20224","11230720","휘경1동","1421","830","591","5","153","273","354","367","269","1","58","153","224","248","146","4","95","120","130","119","123"
"20224","11230730","휘경2동","4402","2273","2129","7","589","968","1138","1052","648","4","174","461","596","562","476","3","415","507","542","490","172"
"20224","11260655","망우본동","3417","1787","1630","14","378","624","763","1020","618","1","129","239","359","562","497","13","249","385","404","458","121"
"20224","11260570","면목7동","1410","772","638","2","173","268","338","383","246","2","59","120","177","222","192","0","114","148","161","161","54"
"20224","11260630","묵2동","2062","1388","674","1","299","504","494","556","208","1","171","341","326","406","143","0","128","163","168","150","65"
"20224","11260680","신내1동","4245","2030","2215","1","751","928","780","1114","671","1","204","390","376","549","510","0","547","538","404","565","161"
"20224","11290685","길음2동","722","307","415","3","80","138","190","198","113","2","35","58","87","70","55","1","45","80","103","128","58"
"20224","11290525","성북동","23717","18050","5667","44","3093","5817","6878","6849","1036","13","1710","4056","5451","6104","716","31","1383","1761","1427","745","320"
"20224","11290780","장위3동","1195","728","467","6","175","228","252","297","237","2","65","121","143","188","209","4","110","107","109","109","28"
"20224","11290705","종암동","22158","11647","10511","63","1867","5592","7813","6324","499","13","799","2048","3570","4921","296","50","1068","3544","4243","1403","203"
"20224","11305535","미아동","1850","1039","811","2","199","342","519","499","289","2","86","168","289","302","192","0","113","174","230","197","97"
"20224","11305608","번3동","1263","689","574","11","130","211","308","355","248","7","51","100","168","196","167","4","79","111","140","159","81"
"20224","11305660","인수동","4298","2498","1800","5","441","856","1098","1224","674","3","164","453","662","728","488","2","277","403","436","496","186"
"20224","11320690","방학1동","6582","3804","2778","14","664","1442","1618","1954","890","11","355","839","836","1104","659","3","309","603","782","850","231"
"20224","11320670","쌍문2동","1469","825","644","1","171","253","341","415","288","0","53","115","179","260","218","1","118","138","162","155","70"
"20224","11350720","상계10동","1064","449","615","0","164","226","285","302","87","0","35","95","112","144","63","0","129","131","173","158","24"
"20224","11350570","월계2동","1268","617","651","8","146","281","342","348","143","6","54","111","154","182","110","2","92","170","188","166","33"
"20224","11410710","북가좌1동","1739","1357","382","0","49","113","193","345","1039","0","16","52","88","234","967","0","33","61","105","111","72"
"20224","11410655","홍제2동","739","379","360","0","113","162","187","163","114","0","40","107","95","79","58","0","73","55","92","84","56"
"20224","11440585","도화동","13141","7986","5155","24","2416","3200","3302","2929","1270","12","1264","2199","2176","1526","809","12","1152","1001","1126","1403","461"
"20224","11440740","상암동","15320","9403","5917","39","3231","5547","4162","1731","610","17","1420","3496","2771","1209","490","22","1811","2051","1391","522","120"
"20224","11440660","서교동","26960","13797","13163","135","5627","7574","6249","4402","2973","88","2301","3787","3449","2331","1841","47","3326","3787","2800","2071","1132"
"20224","11440710","연남동","3213","1975","1238","4","517","760","777","678","477","4","232","412","461","463","403","0","285","348","316","215","74"
"20224","11500535","등촌3동","15368","8147","7221","44","1901","3264","3431","3801","2927","22","831","1785","2013","1850","1646","22","1070","1479","1418","1951","1281"
"20224","11500640","방화2동","3390","2190","1200","9","367","654","764","880","716","8","200","392","490","561","539","1","167","262","274","319","177"
"20224","11500641","방화3동","5011","3236","1775","7","488","1063","1262","1375","816","5","248","561","780","968","674","2","240","502","482","407","142"
"20224","11500570","화곡4동","2710","1207","1503","3","637","730","552","506","282","2","151","317","267","269","201","1","486","413","285","237","81"
"20224","11500590","화곡본동","2983","1681","1302","13","337","586","716","710","621","11","127","318","406","374","445","2","210","268","310","336","176"
"20224","11530595","가리봉동","972","454","518","1","95","161","224","209","282","0","42","74","102","83","153","1","53","87","122","126","129"
"20224","11530520","구로1동","4769","2813","1956","5","551","1184","1128","986","915","3","307","754","763","603","383","2","244","430","365","383","532"
"20224","11530770","오류1동","4294","2719","1575","14","556","798","1050","1234","642","7","393","537","636","709","437","7","163","261","414","525","205"
"20224","11560650","신길3동","1332","863","469","2","100","223","302","327","378","2","41","133","192","209","286","0","59","90","110","118","92"
"20224","11560690","신길7동","2693","1837","856","6","318","515","610","768","476","4","198","350","406","493","386","2","120","165","204","275","90"
"20224","11590530","상도1동","6189","3568","2621","10","958","1525","1507","1366","823","2","406","854","904","844","558","8","552","671","603","522","265"
"20224","11620525","보라매동","1838","943","895","8","253","408","426","448","295","3","107","206","219","212","196","5","146","202","207","236","99"
"20224","11620695","신림동","1946","1168","778","4","173","275","462","443","589","1","63","144","255","257","448","3","110","131","207","186","141"
"20224","11620615","중앙동","1420","666","754","3","174","256","327","381","279","2","71","125","154","182","132","1","103","131","173","199","147"
"20224","11620545","청림동","2705","1543","1162","4","408","900","885","393","115","3","178","504","529","253","76","1","230","396","356","140","39"
"20224","11650600","방배1동","19003","12553","6450","92","3748","5826","4604","3465","1268","61","1778","3553","3393","2828","940","31","1970","2273","1211","637","328"
"20224","11650531","서초4동","37488","21433","16055","138","7320","11471","9418","6641","2500","63","2783","6553","6110","4162","1762","75","4537","4918","3308","2479","738"
"20224","11680531","논현2동","55372","35328","20044","151","10602","16012","13330","8967","6310","47","4602","9575","9465","6803","4836","104","6000","6437","3865","2164","1474"
"20224","11680580","삼성1동","130157","87840","42317","310","26223","39031","34864","23107","6622","153","14094","25801","25719","18114","3959","157","12129","13230","9145","4993","2663"
"20224","11710631","가락1동","5913","4134","1779","0","404","1101","1627","1695","1086","0","271","843","1198","1111","711","0","133","258","429","584","375"
"20224","11710540","마천1동","955","471","484","2","112","201","273","249","118","1","46","98","129","118","79","1","66","103","144","131","39"
"20224","11710510","풍납1동","1718","964","754","1","228","386","435","451","217","1","120","208","229","240","166","0","108","178","206","211","51"
"20224","11710520","풍납2동","23596","11568","12028","3","5113","8054","5886","3553","987","0","1384","4183","3091","2173","737","3","3729","3871","2795","1380","250"
"20224","11740640","성내1동","17072","11605","5467","42","2020","3567","3667","4407","3369","17","1169","2225","2403","3188","2603","25","851","1342","1264","1219","766"
"20224","11110570","무악동","608","169","439","7","168","169","147","80","37","6","35","32","47","26","23","1","133","137","100","54","14"
"20224","11140665","동화동","1504","682","822","2","239","362","395","319","187","1","62","126","191","176","126","1","177","236","204","143","61"
"20224","11140635","약수동","17658","6830","10828","51","2837","6596","4891","2424","859","11","862","2322","1622","1389","624","40","1975","4274","3269","1035","235"
"20224","11140605","을지로동","15914","8662","7252","70","3844","3863","3457","2755","1925","17","1005","2127","2244","1916","1353","53","2839","1736","1213","839","572"
"20224","11170530","남영동","21173","8924","12249","187","8038","5217","4031","2705","995","22","1507","2802","2399","1454","740","165","6531","2415","1632","1251","255"
"20224","11170685","한남동","41934","30661","11273","135","6886","12388","11000","9625","1900","89","3268","8250","8923","8616","1515","46","3618","4138","2077","1009","385"
"20224","11200650","성수1가1동","3550","2228","1322","3","452","745","793","940","617","1","207","466","510","640","404","2","245","279","283","300","213"
"20224","11200520","왕십리2동","1259","746","513","2","175","319","360","269","134","2","85","169","221","170","99","0","90","150","139","99","35"
"20224","11200580","응봉동","1688","695","993","12","400","449","373","285","169","2","89","156","175","146","127","10","311","293","198","139","42"
"20224","11200560","행당1동","2359","1588","771","1","298","491","600","671","298","0","148","303","414","507","216","1","150","188","186","164","82"
"20224","11215870","구의3동","12940","7885","5055","27","1521","2728","3129","3229","2306","8","873","1900","2126","1661","1317","19","648","828","1003","1568","989"
"20224","11230660","장안2동","6304","3377","2927","46","1936","1218","1256","1163","685","27","1005","698","580","567","500","19","931","520","676","596","185"
"20224","11290715","월곡1동","2594","1577","1017","4","204","338","530","555","963","4","76","163","278","360","696","0","128","175","252","195","267"
"20224","11290770","장위2동","1746","1050","696","3","158","292","415","420","458","2","57","144","233","260","354","1","101","148","182","160","104"
"20224","11290640","정릉3동","2441","1649","792","15","383","695","593","440","315","14","207","494","418","314","202","1","176","201","175","126","113"
"20224","11305595","번1동","2555","1499","1056","2","322","516","510","657","548","0","139","316","307","420","317","2","183","200","203","237","231"
"20224","11305575","삼각산동","1296","708","588","1","227","343","406","210","109","0","93","192","227","105","91","1","134","151","179","105","18"
"20224","11305625","수유2동","2222","1180","1042","1","105","171","422","658","865","0","30","90","266","448","346","1","75","81","156","210","519"
"20224","11305645","우이동","2841","1745","1096","4","171","263","394","669","1340","3","51","126","214","460","891","1","120","137","180","209","449"
"20224","11320515","창5동","7114","4495","2619","9","821","1589","1757","1497","1441","7","428","1090","1177","820","973","2","393","499","580","677","468"
"20224","11350595","공릉1동","6301","3404","2897","8","659","982","1376","1729","1547","4","299","541","682","893","985","4","360","441","694","836","562"
"20224","11350700","상계8동","1180","616","564","3","167","344","290","263","113","1","59","215","121","143","77","2","108","129","169","120","36"
"20224","11410690","남가좌1동","3997","2401","1596","11","278","509","695","992","1512","8","190","341","440","522","900","3","88","168","255","470","612"
"20224","11440565","공덕동","14467","8329","6138","84","3210","3917","3860","2545","851","33","1283","2076","2451","1878","608","51","1927","1841","1409","667","243"
"20224","11440610","염리동","3956","2587","1369","75","736","884","795","861","605","27","372","596","586","593","413","48","364","288","209","268","192"
"20224","11470550","목5동","31153","18954","12199","114","5058","8049","7547","6516","3869","55","2331","4850","4764","4269","2685","59","2727","3199","2783","2247","1184"
"20224","11470570","신월2동","2996","1737","1259","12","259","472","804","817","632","9","142","279","419","437","451","3","117","193","385","380","181"
"20224","11470670","신정6동","18155","11030","7125","92","3488","5238","4247","3672","1418","74","1698","3218","2712","2347","981","18","1790","2020","1535","1325","437"
"20224","11500540","화곡1동","5031","2822","2209","21","535","1016","1247","1402","810","17","249","591","676","789","500","4","286","425","571","613","310"
"20224","11530750","개봉2동","8038","3972","4066","37","1415","1946","1909","1903","828","17","804","1236","844","639","432","20","611","710","1065","1264","396"
"20224","11530730","고척2동","3143","1958","1185","10","356","698","794","841","444","7","220","440","469","485","337","3","136","258","325","356","107"
"20224","11530560","구로5동","14392","9095","5297","44","2014","3370","3745","3190","2029","33","1138","2322","2481","1889","1232","11","876","1048","1264","1301","797"
"20224","11560620","양평2동","14774","8451","6323","38","2693","4021","4060","2540","1422","15","1180","2429","2300","1491","1036","23","1513","1592","1760","1049","386"
"20224","11560535","영등포동","14217","7943","6274","48","2615","3539","3349","2794","1872","14","977","1979","2088","1652","1233","34","1638","1560","1261","1142","639"
"20224","11590670","신대방1동","7418","4694","2724","24","1422","2370","1722","1183","697","14","724","1528","1188","772","468","10","698","842","534","411","229"
"20224","11620645","서원동","2912","1206","1706","5","563","630","529","646","539","2","143","260","265","235","301","3","420","370","264","411","238"
"20224","11620625","인헌동","3435","1976","1459","13","701","985","867","536","333","5","324","608","515","277","247","8","377","377","352","259","86"
"20224","11620595","청룡동","6665","3660","3005","8","1087","1894","1590","1510","576","3","433","957","884","988","395","5","654","937","706","522","181"
"20224","11650570","반포2동","9861","5872","3989","18","1652","3059","2563","1656","913","10","723","1849","1650","999","641","8","929","1210","913","657","272"
"20224","11650520","서초2동","67858","45080","22778","159","14201","22383","16994","10387","3734","54","7752","15121","11691","7781","2681","105","6449","7262","5303","2606","1053"
"20224","11650652","양재2동","43401","32515","10886","106","5761","10598","12175","11422","3339","59","3488","7792","9341","9309","2526","47","2273","2806","2834","2113","813"
"20224","11680740","일원2동","5600","3682","1918","17","832","1447","1587","1319","398","5","407","891","1091","992","296","12","425","556","496","327","102"
"20224","11710620","가락본동","27955","16882","11073","89","3790","6716","6396","5452","5512","37","1813","4194","4281","3158","3399","52","1977","2522","2115","2294","2113"
"20224","11710562","방이2동","24911","14324","10587","53","4019","6387","5622","5295","3535","37","2261","4157","3442","2476","1951","16","1758","2230","2180","2819","1584"
"20224","11710670","잠실2동","7793","5196","2597","10","1494","2265","2042","1556","426","9","938","1589","1387","1026","247","1","556","676","655","530","179"
"20224","11740600","천호1동","2450","1407","1043","6","246","461","597","573","567","1","100","239","304","336","427","5","146","222","293","237","140"
"20224","11110540","삼청동","5862","4751","1111","3","726","1549","1817","1381","386","0","460","1187","1543","1230","331","3","266","362","274","151","55"
"20224","11110630","종로5?6가동","15588","9737","5851","407","3613","4484","3824","2369","891","114","1498","2891","2796","1819","619","293","2115","1593","1028","550","272"
"20224","11110670","창신1동","1307","566","741","1","117","231","397","315","246","0","47","88","128","140","163","1","70","143","269","175","83"
"20224","11110650","혜화동","6669","3263","3406","30","1094","1790","1598","1324","833","22","380","867","848","687","459","8","714","923","750","637","374"
"20224","11170690","서빙고동","14416","9448","4968","37","2566","4289","4433","2273","818","15","1228","2510","3241","1816","638","22","1338","1779","1192","457","180"
"20224","11170590","용문동","2710","1570","1140","11","527","732","741","503","196","7","221","430","439","338","135","4","306","302","302","165","61"
"20224","11170560","원효로1동","4677","3188","1489","21","727","1266","1220","852","591","12","430","908","848","583","407","9","297","358","372","269","184"
"20224","11170630","이촌1동","10866","6950","3916","53","1764","2919","3039","2219","872","34","876","1798","2142","1493","607","19","888","1121","897","726","265"
"20224","11170555","청파동","4834","2581","2253","14","753","1213","1147","1014","693","8","264","562","606","621","520","6","489","651","541","393","173"
"20224","11200590","금호1가동","2304","858","1446","15","272","750","937","260","70","0","88","248","371","102","49","15","184","502","566","158","21"
"20224","11200720","송정동","1247","754","493","1","181","290","313","250","212","0","88","178","172","148","168","1","93","112","141","102","44"
"20224","11215770","중곡4동","5044","2482","2562","6","871","1221","1285","1169","492","4","254","568","628","634","394","2","617","653","657","535","98"
"20224","11215710","화양동","2662","1687","975","9","348","425","650","775","455","4","133","230","426","533","361","5","215","195","224","242","94"
"20224","11230610","답십리2동","4215","3060","1155","32","687","954","962","850","730","28","504","727","697","583","521","4","183","227","265","267","209"
"20224","11230750","이문2동","2210","1168","1042","2","268","474","498","560","408","1","93","229","233","307","305","1","175","245","265","253","103"
"20224","11230650","장안1동","10768","6778","3990","34","1470","2114","2327","2359","2464","26","880","1351","1448","1427","1646","8","590","763","879","932","818"
"20224","11260540","면목4동","1624","1162","462","2","121","264","432","588","217","1","55","160","292","481","173","1","66","104","140","107","44"
"20224","11290660","길음1동","6329","3095","3234","419","2211","1546","1057","690","406","176","957","813","522","320","307","243","1254","733","535","370","99"
"20224","11290610","보문동","6952","5271","1681","6","667","2047","1463","1460","1309","2","365","1644","1172","1170","918","4","302","403","291","290","391"
"20224","11290555","삼선동","6459","3237","3222","8","699","1546","1938","1603","665","4","247","667","937","1001","381","4","452","879","1001","602","284"
"20224","11290760","장위1동","1324","690","634","2","238","278","309","277","220","1","110","154","156","135","134","1","128","124","153","142","86"
"20224","11290630","정릉2동","1757","773","984","0","286","418","473","380","200","0","74","179","186","185","149","0","212","239","287","195","51"
"20224","11305603","번2동","1380","655","725","1","201","205","357","391","225","0","85","107","157","187","119","1","116","98","200","204","106"
"20224","11350630","상계1동","5569","3527","2042","23","644","1148","1345","1414","995","18","369","775","875","881","609","5","275","373","470","533","386"
"20224","11350670","상계5동","1861","927","934","5","128","213","314","464","737","2","52","114","139","210","410","3","76","99","175","254","327"
"20224","11350695","상계6?7동","6346","2810","3536","19","890","1498","1624","1611","704","11","233","564","725","883","394","8","657","934","899","728","310"
"20224","11350560","월계1동","2778","1511","1267","13","430","656","717","544","418","5","200","395","362","278","271","8","230","261","355","266","147"
"20224","11350624","중계4동","2064","1128","936","12","201","421","483","539","408","7","75","203","253","283","307","5","126","218","230","256","101"
"20224","11350612","하계2동","1414","910","504","2","145","263","384","465","155","0","82","161","240","294","133","2","63","102","144","171","22"
"20224","11380570","대조동","2617","1284","1333","5","323","553","704","596","436","4","119","269","331","267","294","1","204","284","373","329","142"
"20224","11380640","증산동","2848","1844","1004","2","364","748","783","642","309","2","169","501","515","424","233","0","195","247","268","218","76"
"20224","11410585","신촌동","5047","2648","2399","12","786","1329","1274","1079","567","7","305","582","652","701","401","5","481","747","622","378","166"
"20224","11410620","홍제1동","2477","1275","1202","5","265","373","628","847","359","2","77","175","328","475","218","3","188","198","300","372","141"
"20224","11440690","망원1동","3153","1750","1403","10","855","862","647","467","312","3","496","462","313","276","200","7","359","400","334","191","112"
"20224","11440730","성산2동","2757","1239","1518","5","275","511","724","838","404","3","99","251","327","330","229","2","176","260","397","508","175"
"20224","11470510","목1동","17427","11303","6124","49","3004","4738","4346","3560","1730","31","1399","3112","3084","2553","1124","18","1605","1626","1262","1007","606"
"20224","11470600","신월5동","2190","1209","981","8","278","535","546","550","273","5","127","267","283","322","205","3","151","268","263","228","68"
"20224","11470610","신월6동","1115","652","463","1","118","205","253","306","232","0","45","105","138","173","191","1","73","100","115","133","41"
"20224","11470680","신정7동","5753","3432","2321","14","656","1376","1762","1305","640","8","306","770","1070","807","471","6","350","606","692","498","169"
"20224","11500620","공항동","33826","17706","16120","10","5671","11101","9233","6573","1238","2","1358","4648","5380","5415","903","8","4313","6453","3853","1158","335"
"20224","11500530","등촌2동","4992","2944","2048","6","614","985","1193","1272","922","2","259","533","721","804","625","4","355","452","472","468","297"
"20224","11500615","우장산동","6277","3448","2829","6","1358","1416","1329","1316","852","4","515","819","782","778","550","2","843","597","547","538","302"
"20224","11500550","화곡2동","1532","914","618","6","188","416","397","369","156","3","108","271","238","193","101","3","80","145","159","176","55"
"20224","11500591","화곡6동","10754","6820","3934","35","1515","2863","2741","2431","1169","9","750","1821","1754","1606","880","26","765","1042","987","825","289"
"20224","11530760","개봉3동","1995","1198","797","5","278","485","501","427","299","5","136","299","299","240","219","0","142","186","202","187","80"
"20224","11560630","신길1동","3535","1563","1972","4","633","842","785","696","575","0","202","405","373","294","289","4","431","437","412","402","286"
"20224","11560670","신길5동","1404","679","725","2","140","296","455","347","164","1","69","136","164","177","132","1","71","160","291","170","32"
"20224","11560540","여의동","217817","154569","63248","520","40050","78066","55998","33396","9787","195","22109","55804","43252","26581","6628","325","17941","22262","12746","6815","3159"
"20224","11620585","낙성대동","10344","5721","4623","20","1677","3541","2220","1585","1301","10","761","1862","1167","922","999","10","916","1679","1053","663","302"
"20224","11620685","신사동","4234","2870","1364","2","678","1206","1226","768","354","2","298","818","953","572","227","0","380","388","273","196","127"
"20224","11620605","은천동","4644","2204","2440","12","629","867","980","1276","880","1","210","402","501","575","515","11","419","465","479","701","365"
"20224","11650590","방배본동","28234","15628","12606","120","5284","7281","7505","5047","2997","82","1798","3804","4370","3275","2299","38","3486","3477","3135","1772","698"
"20224","11680610","대치2동","92377","51697","40680","530","16781","25425","21288","17434","10919","232","7729","15578","13694","8997","5467","298","9052","9847","7594","8437","5452"
"20224","11680590","삼성2동","62165","35711","26454","150","12530","20151","15787","8793","4754","61","5197","11854","10528","4946","3125","89","7333","8297","5259","3847","1629"
"20224","11680700","세곡동","1534","879","655","10","124","276","310","436","378","5","55","140","178","256","245","5","69","136","132","180","133"
"20224","11680650","역삼2동","51209","30365","20844","208","11790","14220","12162","9047","3782","85","5685","9112","8095","4730","2658","123","6105","5108","4067","4317","1124"
"20224","11680730","일원1동","2518","1370","1148","4","343","476","566","543","586","2","149","251","293","284","391","2","194","225","273","259","195"
"20224","11680565","청담동","57122","32691","24431","172","11877","18886","14178","8558","3451","72","4465","10782","9320","5650","2402","100","7412","8104","4858","2908","1049"
"20224","11710531","거여1동","3835","2832","1003","11","951","1067","919","530","357","9","659","841","701","364","258","2","292","226","218","166","99"
"20224","11710647","위례동","1268","1216","52","0","4","80","347","681","156","0","4","78","336","650","148","0","0","2","11","31","8"
"20224","11710690","잠실4동","9652","7756","1896","42","1285","3032","2803","2051","439","18","925","2493","2310","1675","335","24","360","539","493","376","104"
"20224","11710710","잠실6동","46691","24881","21810","93","7429","12391","13316","11902","1560","29","3439","7617","7686","4936","1174","64","3990","4774","5630","6966","386"
"20224","11710650","잠실본동","9422","6016","3406","45","1284","1797","2201","2088","2007","4","575","1097","1382","1438","1520","41","709","700","819","650","487"
"20224","11710646","장지동","6769","4617","2152","13","730","1085","1597","1784","1560","4","406","721","1070","1256","1160","9","324","364","527","528","400"
"20224","11740590","암사3동","3192","1912","1280","6","286","449","571","829","1051","3","146","269","312","478","704","3","140","180","259","351","347"
"20224","11140670","황학동","1714","1102","612","1","271","455","422","342","223","1","157","285","265","225","169","0","114","170","157","117","54"
"20224","11140540","회현동","58705","36279","22426","199","10994","20696","16047","8525","2244","68","5132","12355","10455","6703","1566","131","5862","8341","5592","1822","678"
"20224","11200690","성수2가3동","23863","15312","8551","83","3917","6067","5966","4768","3062","63","2176","4061","4011","2880","2121","20","1741","2006","1955","1888","941"
"20224","11215840","자양3동","3370","2410","960","8","406","863","937","843","313","3","252","605","689","618","243","5","154","258","248","225","70"
"20224","11260580","상봉1동","2499","1715","784","14","303","440","514","655","573","11","193","268","289","450","504","3","110","172","225","205","69"
"20224","11260590","상봉2동","5328","3673","1655","17","631","1376","1754","1205","345","13","369","964","1173","877","277","4","262","412","581","328","68"
"20224","11290600","안암동","4686","3030","1656","8","655","1203","1295","1013","512","3","333","745","832","715","402","5","322","458","463","298","110"
"20224","11320710","방학3동","3005","1804","1201","10","510","688","696","694","407","9","324","395","438","336","302","1","186","293","258","358","105"
"20224","11320680","쌍문3동","2022","963","1059","4","437","452","474","472","183","3","113","208","246","266","127","1","324","244","228","206","56"
"20224","11350710","상계9동","2626","1662","964","2","339","658","654","741","232","2","184","418","385","493","180","0","155","240","269","248","52"
"20224","11350580","월계3동","1502","756","746","1","166","265","395","434","241","1","63","137","182","228","145","0","103","128","213","206","96"
"20224","11350625","중계2?3동","2225","1256","969","5","288","582","570","571","209","4","170","349","294","305","134","1","118","233","276","266","75"
"20224","11380580","응암1동","2895","1605","1290","7","306","489","680","669","744","5","141","230","355","339","535","2","165","259","325","330","209"
"20224","11410615","연희동","14856","9739","5117","82","2345","3661","3196","4080","1492","43","1297","2440","1997","2924","1038","39","1048","1221","1199","1156","454"
"20224","11410660","홍은1동","7584","1500","6084","3","262","551","2062","3659","1047","1","98","189","374","439","399","2","164","362","1688","3220","648"
"20224","11440600","대흥동","5628","2774","2854","65","2228","1272","827","772","464","22","867","656","452","470","307","43","1361","616","375","302","157"
"20224","11440700","망원2동","5201","3099","2102","17","652","971","1126","1574","861","10","356","715","787","730","501","7","296","256","339","844","360"
"20224","11470611","신월7동","4357","2856","1501","4","467","719","894","1036","1237","3","345","547","587","630","744","1","122","172","307","406","493"
"20224","11470630","신정2동","13985","8015","5970","66","2513","4519","3729","2456","702","30","1020","2487","2309","1628","541","36","1493","2032","1420","828","161"
"20224","11530550","구로4동","2159","1229","930","5","243","425","532","527","427","3","112","228","294","293","299","2","131","197","238","234","128"
"20224","11545510","가산동","84451","55529","28922","300","16641","26228","20890","12369","8023","193","8827","17613","15063","8220","5613","107","7814","8615","5827","4149","2410"
"20224","11545620","독산2동","1789","993","796","1","230","372","417","495","274","0","125","176","207","282","203","1","105","196","210","213","71"
"20224","11545680","시흥2동","3435","2024","1411","4","342","681","873","1027","508","3","199","387","492","597","346","1","143","294","381","430","162"
"20224","11560585","도림동","1619","1028","591","12","144","272","393","413","385","10","65","165","247","262","279","2","79","107","146","151","106"
"20224","11560605","문래동","81647","59216","22431","162","12600","26629","25117","12877","4262","62","7033","20252","20512","8694","2663","100","5567","6377","4605","4183","1599"
"20224","11590660","대방동","11271","7474","3797","22","1880","3051","2637","2515","1166","7","998","2084","1836","1812","737","15","882","967","801","703","429"
"20224","11590560","상도4동","2530","1503","1027","3","355","559","610","636","367","2","174","328","367","445","187","1","181","231","243","191","180"
"20224","11620735","대학동","3077","2250","827","3","433","739","863","742","297","1","256","500","673","587","233","2","177","239","190","155","64"
"20224","11620665","서림동","1808","1022","786","8","273","316","451","387","373","2","137","168","241","231","243","6","136","148","210","156","130"
"20224","11650621","방배4동","21837","13492","8345","61","3771","6017","5424","4166","2398","27","1599","3546","3678","2918","1724","34","2172","2471","1746","1248","674"
"20224","11650651","양재1동","33395","21554","11841","445","7793","9217","7561","4987","3392","215","3960","6187","5334","3319","2539","230","3833","3030","2227","1668","853"
"20204","11320710","방학3동","3005","1804","1201","10","510","688","696","694","407","9","324","395","438","336","302","1","186","293","258","358","105"
"20204","11320680","쌍문3동","2022","963","1059","4","437","452","474","472","183","3","113","208","246","266","127","1","324","244","228","206","56"
"20204","11350710","상계9동","2626","1662","964","2","339","658","654","741","232","2","184","418","385","493","180","0","155","240","269","248","52"
"20204","11350580","월계3동","1502","756","746","1","166","265","395","434","241","1","63","137","182","228","145","0","103","128","213","206","96"
"20204","11350625","중계2?3동","2225","1256","969","5","288","582","570","571","209","4","170","349","294","305","134","1","118","233","276","266","75"
"20204","11380580","응암1동","2895","1605","1290","7","306","489","680","669","744","5","141","230","355","339","535","2","165","259","325","330","209"
"20204","11410615","연희동","14856","9739","5117","82","2345","3661","3196","4080","1492","43","1297","2440","1997","2924","1038","39","1048","1221","1199","1156","454"
"20204","11410660","홍은1동","7584","1500","6084","3","262","551","2062","3659","1047","1","98","189","374","439","399","2","164","362","1688","3220","648"
"20204","11440600","대흥동","5628","2774","2854","65","2228","1272","827","772","464","22","867","656","452","470","307","43","1361","616","375","302","157"
"20204","11440700","망원2동","5201","3099","2102","17","652","971","1126","1574","861","10","356","715","787","730","501","7","296","256","339","844","360"
"20204","11470611","신월7동","4357","2856","1501","4","467","719","894","1036","1237","3","345","547","587","630","744","1","122","172","307","406","493"
"20204","11470630","신정2동","13985","8015","5970","66","2513","4519","3729","2456","702","30","1020","2487","2309","1628","541","36","1493","2032","1420","828","161"
"20204","11530550","구로4동","2159","1229","930","5","243","425","532","527","427","3","112","228","294","293","299","2","131","197","238","234","128"
"20204","11545510","가산동","84451","55529","28922","300","16641","26228","20890","12369","8023","193","8827","17613","15063","8220","5613","107","7814","8615","5827","4149","2410"
"20204","11545620","독산2동","1789","993","796","1","230","372","417","495","274","0","125","176","207","282","203","1","105","196","210","213","71"
"20204","11545680","시흥2동","3435","2024","1411","4","342","681","873","1027","508","3","199","387","492","597","346","1","143","294","381","430","162"
"20204","11560585","도림동","1619","1028","591","12","144","272","393","413","385","10","65","165","247","262","279","2","79","107","146","151","106"
"20204","11560605","문래동","81647","59216","22431","162","12600","26629","25117","12877","4262","62","7033","20252","20512","8694","2663","100","5567","6377","4605","4183","1599"
"20204","11590660","대방동","11271","7474","3797","22","1880","3051","2637","2515","1166","7","998","2084","1836","1812","737","15","882","967","801","703","429"
"20204","11590560","상도4동","2530","1503","1027","3","355","559","610","636","367","2","174","328","367","445","187","1","181","231","243","191","180"
"20204","11620735","대학동","3077","2250","827","3","433","739","863","742","297","1","256","500","673","587","233","2","177","239","190","155","64"
"20204","11620665","서림동","1808","1022","786","8","273","316","451","387","373","2","137","168","241","231","243","6","136","148","210","156","130"
"20204","11650621","방배4동","21837","13492","8345","61","3771","6017","5424","4166","2398","27","1599","3546","3678","2918","1724","34","2172","2471","1746","1248","674"
"20204","11650651","양재1동","33395","21554","11841","445","7793","9217","7561","4987","3392","215","3960","6187","5334","3319","2539","230","3833","3030","2227","1668","853"
"20204","11680660","개포1동","18376","11295","7081","74","2873","4869","4780","3809","1971","30","1298","2691","3296","2574","1406","44","1575","2178","1484","1235","565"
"20204","11680656","도곡2동","192577","131699","60878","923","36796","75687","55314","19948","3909","583","19659","51843","42526","14511","2577","340","17137","23844","12788","5437","1332"
"20204","11680640","역삼1동","170825","101049","69776","494","34443","51961","43997","29792","10138","189","16474","32429","28719","16126","7112","305","17969","19532","15278","13666","3026"
"20204","11680720","일원본동","36779","20548","16231","181","9454","10978","8976","5878","1312","82","3541","6120","5771","4133","901","99","5913","4858","3205","1745","411"
"20204","11710550","마천2동","2599","1634","965","1","266","601","708","658","365","0","158","375","403","395","303","1","108","226","305","263","62"
"20204","11710561","방이1동","9129","6671","2458","30","952","1771","2392","2432","1552","19","450","1125","1786","1953","1338","11","502","646","606","479","214"
"20204","11710580","송파1동","8660","5413","3247","19","1228","1938","2145","1877","1453","8","530","1150","1399","1255","1071","11","698","788","746","622","382"
"20204","11740690","둔촌1동","1519","845","674","2","191","367","379","391","189","2","92","205","217","206","123","0","99","162","162","185","66"
"20204","11740520","상일동","3611","1827","1784","6","521","804","899","953","428","2","177","402","542","432","272","4","344","402","357","521","156"
"20204","11110640","이화동","5235","2876","2359","13","804","1303","1339","1082","694","6","257","600","777","725","511","7","547","703","562","357","183"
"20204","11110680","창신2동","344","116","228","0","22","40","89","116","77","0","4","11","32","39","30","0","18","29","57","77","47"
"20204","11110560","평창동","23179","12994","10185","45","2878","6197","7579","5016","1464","18","1373","3171","4476","3013","943","27","1505","3026","3103","2003","521"
"20204","11140590","광희동","42508","21177","21331","438","12207","11215","8725","6715","3208","189","5936","6526","5053","2274","1199","249","6271","4689","3672","4441","2009"
"20204","11140680","중림동","4348","2429","1919","3","913","1392","1134","599","307","2","420","754","630","399","224","1","493","638","504","200","83"
"20204","11170650","이태원1동","13034","5712","7322","26","3821","5020","2528","1242","397","14","981","2109","1400","906","302","12","2840","2911","1128","336","95"
"20204","11170625","한강로동","47142","23273","23869","183","9616","14692","13436","6917","2298","87","3914","6875","6681","4207","1509","96","5702","7817","6755","2710","789"
"20204","11215860","구의2동","4204","2612","1592","56","598","727","1055","1126","642","24","306","400","689","739","454","32","292","327","366","387","188"
"20204","11215760","중곡3동","1489","932","557","4","181","361","396","333","214","0","97","252","232","209","142","4","84","109","164","124","72"
"20204","11230560","전농1동","1537","956","581","2","180","270","401","417","267","0","113","170","263","260","150","2","67","100","138","157","117"
"20204","11230570","전농2동","4013","2089","1924","4","468","848","1061","1068","564","1","193","397","571","552","375","3","275","451","490","516","189"
"20204","11260550","면목5동","1080","728","352","1","105","184","287","266","237","1","67","138","140","175","207","0","38","46","147","91","30"
"20204","11260565","면목본동","1764","942","822","1","239","402","450","411","261","0","88","202","232","232","188","1","151","200","218","179","73"
"20204","11290810","석관동","3732","2418","1314","15","344","584","700","754","1335","8","170","353","396","466","1025","7","174","231","304","288","310"
"20204","11290620","정릉1동","1152","621","531","6","149","206","258","298","235","1","41","74","129","183","193","5","108","132","129","115","42"
"20204","11305615","수유1동","1920","874","1046","2","205","347","488","555","323","0","58","142","208","241","225","2","147","205","280","314","98"
"20204","11320522","도봉2동","2128","1350","778","1","113","274","364","537","839","0","39","137","202","352","620","1","74","137","162","185","219"
"20204","11320511","창1동","1790","815","975","6","246","361","472","484","221","3","96","141","213","228","134","3","150","220","259","256","87"
"20204","11350600","공릉2동","7078","3252","3826","29","1186","1746","1707","1652","758","3","368","800","796","808","477","26","818","946","911","844","281"
"20204","11350640","상계2동","2484","1209","1275","6","342","425","617","634","460","3","127","236","291","302","250","3","215","189","326","332","210"
"20204","11350621","중계1동","2169","1191","978","4","284","476","650","541","214","3","119","259","345","297","168","1","165","217","305","244","46"
"20204","11380552","갈현2동","3915","2012","1903","9","404","778","1023","1035","666","7","187","434","483","463","438","2","217","344","540","572","228"
"20204","11380560","구산동","4328","2305","2023","11","537","811","958","1354","657","1","205","363","455","843","438","10","332","448","503","511","219"
"20204","11380530","불광2동","3113","1510","1603","2","194","431","503","653","1330","1","68","222","203","273","743","1","126","209","300","380","587"
"20204","11380590","응암2동","1048","669","379","1","133","138","236","299","241","1","75","75","138","179","201","0","58","63","98","120","40"
"20204","11410700","남가좌2동","1792","933","859","1","205","375","486","493","232","0","73","179","233","280","168","1","132","196","253","213","64"
"20204","11410720","북가좌2동","3057","1561","1496","8","472","602","675","756","544","4","143","304","374","410","326","4","329","298","301","346","218"
"20204","11440655","서강동","6283","3927","2356","43","1080","1516","1510","1228","906","27","531","894","993","811","671","16","549","622","517","417","235"
"20204","11440720","성산1동","5829","3864","1965","19","753","1219","1334","1134","1370","15","369","757","847","790","1086","4","384","462","487","344","284"
"20204","11440590","용강동","13701","8118","5583","13","2008","3377","3238","2712","2353","9","969","1995","2139","1574","1432","4","1039","1382","1099","1138","921"
"20204","11470580","신월3동","1679","963","716","2","177","310","382","494","314","0","66","132","204","310","251","2","111","178","178","184","63"
"20204","11470590","신월4동","1813","1221","592","1","108","222","423","574","485","1","50","117","246","383","424","0","58","105","177","191","61"
"20204","11500604","가양2동","2849","1494","1355","9","375","668","690","678","429","6","175","360","369","336","248","3","200","308","321","342","181"
"20204","11500630","방화1동","7575","5922","1653","10","805","1601","1852","2167","1140","7","575","1308","1478","1793","761","3","230","293","374","374","379"
"20204","11500560","화곡3동","5333","3288","2045","10","724","1292","1364","1226","717","7","390","860","825","689","517","3","334","432","539","537","200"
"20204","11545610","독산1동","12850","8228","4622","40","1027","1759","2150","2804","5070","34","604","1165","1369","1723","3333","6","423","594","781","1081","1737"
"20204","11545630","독산3동","4188","2958","1230","10","366","639","730","800","1643","2","195","372","390","474","1525","8","171","267","340","326","118"
"20204","11560550","당산1동","9078","5438","3640","15","1539","2557","2014","1676","1277","8","613","1428","1263","1168","958","7","926","1129","751","508","319"
"20204","11560660","신길4동","1248","617","631","2","211","297","315","295","128","0","75","138","153","159","92","2","136","159","162","136","36"
"20204","11560680","신길6동","2634","1646","988","10","289","619","687","570","459","7","144","384","416","357","338","3","145","235","271","213","121"
"20204","11590510","노량진1동","5875","3297","2578","18","766","1395","1471","1398","827","12","329","798","898","755","505","6","437","597","573","643","322"
"20204","11590540","상도2동","1732","887","845","6","212","400","459","414","241","0","94","212","243","207","131","6","118","188","216","207","110"
"20204","11620630","남현동","3714","2442","1272","5","617","926","1001","721","444","3","338","621","701","472","307","2","279","305","300","249","137"
"20204","11620575","행운동","4257","2373","1884","15","636","1035","1002","964","605","8","316","584","534","500","431","7","320","451","468","464","174"
"20204","11650581","반포4동","94714","83567","11147","80","9480","20099","25531","35193","4331","34","7191","16727","22658","33449","3508","46","2289","3372","2873","1744","823"
"20204","11650610","방배2동","16805","8184","8621","37","2831","4294","4601","3237","1805","8","985","1931","2132","1909","1219","29","1846","2363","2469","1328","586"
"20204","11650510","서초1동","47386","26528","20858","101","9928","12282","10432","11564","3079","39","3558","6616","6055","8015","2245","62","6370","5666","4377","3549","834"
"20204","11650540","잠원동","16302","9442","6860","68","3397","4796","4022","2503","1516","36","1340","2803","2667","1569","1027","32","2057","1993","1355","934","489"
"20204","11680750","수서동","18037","9516","8521","27","2570","4859","4850","3583","2148","15","1151","2611","2544","1902","1293","12","1419","2248","2306","1681","855"
"20204","11710632","가락2동","10171","6862","3309","22","1354","2162","2015","1893","2725","16","801","1478","1339","1132","2096","6","553","684","676","761","629"
"20204","11710720","잠실7동","14130","6338","7792","52","1984","2775","3999","4487","833","31","995","1820","1888","1074","530","21","989","955","2111","3413","303"
"20204","11740700","둔촌2동","4961","2239","2722","4","946","1293","1058","1026","634","2","281","537","526","489","404","2","665","756","532","537","230"
"20204","11110615","종로1?2?3?4가동","97451","53687","43764","1427","19755","29598","26670","15288","4713","620","8610","14862","15621","10763","3211","807","11145","14736","11049","4525","1502"
"20204","11140650","신당5동","871","462","409","5","105","184","211","191","175","5","47","83","108","101","118","0","58","101","103","90","57"
"20204","11140645","청구동","3104","1714","1390","6","455","830","727","664","422","3","157","432","465","413","244","3","298","398","262","251","178"
"20204","11170580","효창동","1644","932","712","3","218","412","462","363","186","2","103","243","275","183","126","1","115","169","187","180","60"
"20204","11200620","금호4가동","1331","791","540","1","151","308","365","323","183","1","56","159","235","202","138","0","95","149","130","121","45"
"20204","11200670","성수2가1동","10042","6355","3687","107","2280","2880","2284","1625","866","57","1033","1862","1557","1147","699","50","1247","1018","727","478","167"
"20204","11200790","용답동","4708","2845","1863","30","1172","1311","961","753","481","2","511","843","633","476","380","28","661","468","328","277","101"
"20204","11200570","행당2동","268","104","164","0","31","57","76","66","38","0","14","23","24","16","27","0","17","34","52","50","11"
"20204","11215780","능동","2288","1405","883","7","330","533","589","459","370","3","160","314","371","276","281","4","170","219","218","183","89"
"20204","11230545","제기동","5479","3268","2211","10","735","1334","1323","1152","925","3","312","789","843","680","641","7","423","545","480","472","284"
"20204","11230710","회기동","784","371","413","1","93","180","195","178","137","1","28","71","89","84","98","0","65","109","106","94","39"
"20204","11260660","망우3동","1076","573","503","1","96","157","257","314","251","1","35","66","120","172","179","0","61","91","137","142","72"
"20204","11260620","묵1동","2604","1240","1364","4","285","604","740","629","342","1","102","281","337","286","233","3","183","323","403","343","109"
"20204","11260610","중화2동","1532","868","664","9","181","236","386","343","377","7","89","111","195","197","269","2","92","125","191","146","108"
"20204","11290725","월곡2동","4825","3059","1766","6","757","1363","1166","854","679","1","379","896","712","512","559","5","378","467","454","342","120"
"20204","11290650","정릉4동","2401","1467","934","2","203","363","582","760","491","0","64","182","369","511","341","2","139","181","213","249","150"
"20204","11305555","송천동","1900","953","947","3","145","324","405","482","541","2","42","149","190","273","297","1","103","175","215","209","244"
"20204","11320521","도봉1동","2162","1429","733","1","104","246","486","761","564","1","26","129","286","544","443","0","78","117","200","217","121"
"20204","11320660","쌍문1동","1769","844","925","0","216","280","472","488","313","0","56","101","185","251","251","0","160","179","287","237","62"
"20204","11350611","하계1동","4631","2934","1697","10","541","947","1177","1316","640","7","252","547","704","929","495","3","289","400","473","387","145"
"20204","11380551","갈현1동","2607","1348","1259","11","445","605","620","564","362","7","183","321","312","288","237","4","262","284","308","276","125"
"20204","11380510","녹번동","5199","2759","2440","14","602","1221","1380","1375","607","9","291","593","665","805","396","5","311","628","715","570","211"
"20204","11380650","수색동","1766","1115","651","0","231","468","426","349","292","0","114","299","263","220","219","0","117","169","163","129","73"
"20204","11380600","응암3동","2243","1094","1149","1","246","524","620","544","308","0","93","261","288","251","201","1","153","263","332","293","107"
"20204","11380690","진관동","3595","1885","1710","4","367","871","969","867","517","2","170","543","543","367","260","2","197","328","426","500","257"
"20204","11410555","북아현동","1845","1353","492","0","191","416","503","517","218","0","82","314","396","401","160","0","109","102","107","116","58"
"20204","11410565","충현동","14173","8784","5389","22","1788","3587","3729","3349","1698","13","845","2173","2366","2194","1193","9","943","1414","1363","1155","505"
"20204","11440630","신수동","5675","3230","2445","14","686","1567","1578","1378","452","12","255","740","902","974","347","2","431","827","676","404","105"
"20204","11470540","목4동","2879","1741","1138","7","354","627","828","712","351","4","144","373","493","453","274","3","210","254","335","259","77"
"20204","11470640","신정3동","7022","4988","2034","7","565","1340","1751","1490","1869","1","271","806","1186","1041","1683","6","294","534","565","449","186"
"20204","11500520","등촌1동","8609","5163","3446","22","1724","2223","1900","1545","1195","13","636","1404","1311","1008","791","9","1088","819","589","537","404"
"20204","11500510","염창동","19659","9116","10543","50","3048","5769","5855","3303","1634","29","1102","2522","2356","1821","1286","21","1946","3247","3499","1482","348"
"20204","11530740","개봉1동","4844","2808","2036","9","463","1029","1149","1259","935","7","239","570","592","717","683","2","224","459","557","542","252"
"20204","11530530","구로2동","13937","8549","5388","41","1703","3217","3450","3483","2043","20","796","1900","2064","2280","1489","21","907","1317","1386","1203","554"
"20204","11530540","구로3동","52394","34315","18079","202","10890","17618","13256","6528","3900","132","5505","11682","9334","4548","3114","70","5385","5936","3922","1980","786"
"20204","11530800","항동","1601","998","603","2","147","323","512","371","246","1","53","172","316","264","192","1","94","151","196","107","54"
"20204","11545670","시흥1동","6679","3563","3116","15","926","1606","1587","1664","881","10","425","798","798","941","591","5","501","808","789","723","290"
"20204","11560560","당산2동","14108","9461","4647","48","2208","3163","3415","3108","2166","22","1130","1980","2383","2282","1664","26","1078","1183","1032","826","502"
"20204","11590630","사당2동","2674","1472","1202","15","427","777","722","492","241","6","208","472","426","226","134","9","219","305","296","266","107"
"20204","11590640","사당3동","3596","2099","1497","3","446","802","955","838","552","0","176","433","585","500","405","3","270","369","370","338","147"
"20204","11590605","흑석동","1446","824","622","2","197","319","389","321","218","1","100","177","223","176","147","1","97","142","166","145","71"
"20204","11620715","난향동","1315","649","666","1","151","289","365","283","226","0","41","132","152","144","180","1","110","157","213","139","46"
"20204","11620655","신원동","1011","576","435","5","113","213","247","244","189","3","60","118","146","143","106","2","53","95","101","101","83"
"20204","11620725","조원동","3254","2026","1228","7","613","788","789","699","358","2","285","513","503","469","254","5","328","275","286","230","104"
"20204","11650550","반포본동","24429","13311","11118","37","4041","8064","6985","4177","1125","22","1479","4403","3916","2614","877","15","2562","3661","3069","1563","248"
"20204","11650530","서초3동","68236","40512","27724","193","11708","20440","17471","12437","5987","88","4953","11908","11177","8110","4276","105","6755","8532","6294","4327","1711"
"20204","11680690","개포4동","8809","6333","2476","21","1063","1992","2481","2105","1147","9","526","1333","1880","1637","948","12","537","659","601","468","199"
"20204","11680510","신사동","27942","16647","11295","98","5802","8429","7084","4252","2277","41","2251","5152","4743","2778","1682","57","3551","3277","2341","1474","595"
"20204","11710642","문정2동","41453","26054","15399","81","5936","12616","12707","7337","2776","36","2842","7120","8712","5617","1727","45","3094","5496","3995","1720","1049"
"20204","11710610","삼전동","7762","5230","2532","5","936","1763","1740","1549","1769","5","530","1154","1145","951","1445","0","406","609","595","598","324"
"20204","11710600","석촌동","8870","5856","3014","20","1074","2021","2072","1815","1868","12","607","1458","1402","1073","1304","8","467","563","670","742","564"
"20204","11710590","송파2동","14196","8974","5222","63","2237","3514","3721","3393","1268","47","1080","2233","2681","2128","805","16","1157","1281","1040","1265","463"
"20204","11740560","고덕2동","1985","1260","725","0","118","259","426","694","488","0","27","115","243","481","394","0","91","144","183","213","94"
"20204","11740650","성내2동","2304","1410","894","7","391","474","511","467","454","3","252","290","298","287","280","4","139","184","213","180","174"
"20204","11740580","암사2동","2638","964","1674","3","269","441","620","793","512","3","97","204","251","229","180","0","172","237","369","564","332"
"20204","11110580","교남동","847","498","349","3","100","217","222","173","132","1","35","111","132","116","103","2","65","106","90","57","29"
"20204","11110550","부암동","4115","2286","1829","8","695","1179","1099","798","336","3","287","651","630","483","232","5","408","528","469","315","104"
"20204","11110700","숭인1동","460","210","250","1","87","99","102","101","70","0","16","42","51","53","48","1","71","57","51","48","22"
"20204","11110710","숭인2동","1942","998","944","9","288","341","456","464","384","5","89","162","255","278","209","4","199","179","201","186","175"
"20204","11110515","청운효자동","10628","6827","3801","65","1929","3064","2954","1874","742","7","842","1921","2196","1349","512","58","1087","1143","758","525","230"
"20204","11140625","다산동","6567","4125","2442","12","1165","2090","1574","1149","577","3","481","1432","1099","702","408","9","684","658","475","447","169"
"20204","11140520","소공동","77533","41196","36337","404","22441","24493","17068","10242","2885","116","7294","12188","12180","7491","1927","288","15147","12305","4888","2751","958"
"20204","11140615","신당동","3199","1726","1473","33","894","680","608","585","399","13","401","354","314","373","271","20","493","326","294","212","128"
"20204","11140580","장충동","10396","5498","4898","51","2383","2853","2688","1978","443","13","839","1601","1603","1139","303","38","1544","1252","1085","839","140"
"20204","11170660","이태원2동","1258","696","562","5","213","404","318","198","120","2","96","223","170","110","95","3","117","181","148","88","25"
"20204","11200660","성수1가2동","6301","4314","1987","24","1008","1280","1327","1359","1303","15","599","850","854","963","1033","9","409","430","473","396","270"
"20204","11215730","군자동","2363","1289","1074","5","295","494","527","536","506","2","119","258","304","283","323","3","176","236","223","253","183"
"20204","11215820","자양1동","12355","9722","2633","5","841","1746","3348","5029","1386","5","376","1117","2681","4367","1176","0","465","629","667","662","210"
"20204","11215750","중곡2동","2814","1604","1210","4","390","568","717","661","474","1","239","330","379","348","307","3","151","238","338","313","167"
"20204","11230600","답십리1동","6333","3031","3302","9","924","1297","1755","1680","668","4","626","866","637","452","446","5","298","431","1118","1228","222"
"20204","11260520","면목2동","1492","821","671","4","152","249","327","436","324","2","51","112","171","247","238","2","101","137","156","189","86"
"20204","11290575","동선동","2511","1246","1265","27","334","520","566","624","440","16","114","226","274","337","279","11","220","294","292","287","161"
"20204","11305534","삼양동","1087","628","459","5","145","205","255","257","220","3","60","98","133","160","174","2","85","107","122","97","46"
"20204","11305635","수유3동","3385","1724","1661","10","367","814","869","876","449","8","144","349","405","534","284","2","223","465","464","342","165"
"20204","11320700","방학2동","1017","474","543","0","95","205","247","208","262","0","40","102","115","103","114","0","55","103","132","105","148"
"20204","11320681","쌍문4동","1365","711","654","0","144","324","378","347","172","0","43","156","192","184","136","0","101","168","186","163","36"
"20204","11320512","창2동","2466","1391","1075","11","299","549","665","571","371","10","137","321","363","293","267","1","162","228","302","278","104"
"20204","11320514","창4동","2724","1708","1016","2","286","524","672","743","497","1","127","277","399","498","406","1","159","247","273","245","91"
"20204","11350619","중계본동","1798","881","917","8","209","368","445","499","269","6","100","188","195","227","165","2","109","180","250","272","104"
"20204","11380520","불광1동","3646","1607","2039","6","523","861","954","838","464","2","193","377","428","368","239","4","330","484","526","470","225"
"20204","11470530","목3동","2504","1376","1128","3","327","551","660","602","361","2","163","320","355","306","230","1","164","231","305","296","131"
"20204","11470560","신월1동","2247","1444","803","6","213","373","517","727","411","3","111","232","314","480","304","3","102","141","203","247","107"
"20204","11470620","신정1동","11571","6760","4811","51","2043","2900","2904","2459","1214","46","852","1805","1741","1428","888","5","1191","1095","1163","1031","326"
"20204","11470650","신정4동","7226","3988","3238","16","1221","1286","1376","1506","1821","8","376","629","698","817","1460","8","845","657","678","689","361"
"20204","11500611","발산1동","3230","1862","1368","4","229","472","852","1035","638","2","103","237","408","598","514","2","126","235","444","437","124"
"20204","11500593","화곡8동","2037","1114","923","7","298","523","565","373","271","6","135","286","282","223","182","1","163","237","283","150","89"
"20204","11530790","수궁동","3693","2490","1203","23","382","709","841","1029","709","20","234","445","526","700","565","3","148","264","315","329","144"
"20204","11530510","신도림동","13037","8565","4472","38","2126","4038","3175","2358","1302","18","890","2755","2286","1629","987","20","1236","1283","889","729","315"
"20204","11530780","오류2동","2785","1685","1100","4","281","624","732","696","448","1","120","353","422","440","349","3","161","271","310","256","99"
"20204","11545690","시흥3동","7990","4735","3255","17","592","1163","1847","2084","2287","8","314","754","1071","1135","1453","9","278","409","776","949","834"
"20204","11545700","시흥4동","1558","936","622","16","243","318","440","378","163","12","148","218","263","176","119","4","95","100","177","202","44"
"20204","11545710","시흥5동","1721","1012","709","21","247","398","427","359","269","15","130","260","249","185","173","6","117","138","178","174","96"
"20204","11560700","대림1동","2425","937","1488","0","785","549","491","412","188","0","166","197","240","208","126","0","619","352","251","204","62"
"20204","11560610","양평1동","12821","7428","5393","53","2537","2953","2834","2570","1874","22","1298","1886","1691","1321","1210","31","1239","1067","1143","1249","664"
"20204","11590650","사당4동","1399","726","673","5","155","229","303","271","436","4","59","115","137","126","285","1","96","114","166","145","151"
"20204","11590651","사당5동","1931","1038","893","2","242","468","579","457","183","1","112","219","297","257","152","1","130","249","282","200","31"
"20204","11620745","삼성동","1795","991","804","9","195","365","476","476","274","2","83","180","251","260","215","7","112","185","225","216","59"
"20204","11620565","성현동","7335","2785","4550","55","1046","1290","1680","2205","1059","31","479","676","763","595","241","24","567","614","917","1610","818"
"20204","11650660","내곡동","14211","9232","4979","62","2050","2934","2992","3044","3129","53","1454","2116","2049","1745","1815","9","596","818","943","1299","1314"
"20204","11650560","반포1동","7332","4498","2834","9","1338","2420","1829","1125","611","2","633","1581","1213","625","444","7","705","839","616","500","167"
"20204","11650580","반포3동","8637","4815","3822","20","1367","2193","1912","1729","1416","7","578","1294","1265","1001","670","13","789","899","647","728","746"
"20204","11680521","논현1동","41576","24313","17263","162","10856","12491","8831","5739","3497","68","4624","7421","5950","3705","2545","94","6232","5070","2881","2034","952"
"20204","11680600","대치1동","20053","10683","9370","37","3668","6545","4998","3118","1687","15","1378","3248","2827","1994","1221","22","2290","3297","2171","1124","466"
"20204","11680545","압구정동","44490","25047","19443","256","9903","13905","10212","6655","3559","102","3671","7810","6873","4381","2210","154","6232","6095","3339","2274","1349"
"20204","11710570","오금동","27438","19217","8221","45","3630","6522","6925","6613","3703","29","2126","4408","5118","5012","2524","16","1504","2114","1807","1601","1179"
"20204","11710566","오륜동","25084","14536","10548","45","4062","7583","6511","5022","1861","14","1636","3946","4187","3325","1428","31","2426","3637","2324","1697","433"
"20204","11710680","잠실3동","21831","14806","7025","108","3990","5469","5434","4132","2698","48","2079","3783","4024","2965","1907","60","1911","1686","1410","1167","791"
"20204","11740515","강일동","1357","886","471","0","196","292","374","333","162","0","98","199","237","215","137","0","98","93","137","118","25"
"20204","11740550","고덕1동","2188","1136","1052","0","240","487","569","526","366","0","108","271","280","241","236","0","132","216","289","285","130"
"20204","11740685","길동","9468","4805","4663","25","1369","1886","2128","2298","1762","15","541","1001","1136","1055","1057","10","828","885","992","1243","705"
"20204","11740530","명일1동","4220","2357","1863","9","623","1131","1061","762","634","4","293","679","693","390","298","5","330","452","368","372","336"
"20204","11740570","암사1동","3940","2413","1527","6","504","843","830","791","966","2","246","550","529","537","549","4","258","293","301","254","417"
"20204","11110600","가회동","11728","8729","2999","7","1263","4028","3519","2201","710","6","655","2966","2750","1810","542","1","608","1062","769","391","168"
"20204","11110690","창신3동","300","142","158","1","38","80","74","78","29","0","14","34","35","41","18","1","24","46","39","37","11"
"20204","11140550","명동","72930","42220","30710","107","11914","24562","19786","12954","3607","41","4764","12669","12754","9554","2438","66","7150","11893","7032","3400","1169"
"20204","11140570","필동","17346","8148","9198","41","2497","4384","5350","3789","1285","16","843","2169","2511","1781","828","25","1654","2215","2839","2008","457"
"20204","11170570","원효로2동","4609","3303","1306","17","726","1387","1277","740","462","7","416","989","980","547","364","10","310","398","297","193","98"
"20204","11170510","후암동","2324","1371","953","9","361","509","641","516","288","7","137","304","418","306","199","2","224","205","223","210","89"
"20204","11200540","마장동","7683","5451","2232","32","651","1345","1769","2510","1376","28","387","920","1288","1803","1025","4","264","425","481","707","351"
"20204","11200550","사근동","2650","1837","813","2","159","472","841","788","388","2","59","297","569","596","314","0","100","175","272","192","74"
"20204","11200535","왕십리도선동","5949","2726","3223","23","982","1143","1247","1456","1098","4","341","631","669","614","467","19","641","512","578","842","631"
"20204","11215850","구의1동","3628","2155","1473","9","515","899","1000","818","387","8","269","519","553","530","276","1","246","380","447","288","111"
"20204","11230740","이문1동","4076","1851","2225","3","781","1042","1081","784","385","2","164","402","537","471","275","1","617","640","544","313","110"
"20204","11230705","청량리동","4909","2614","2295","7","873","1407","941","916","765","5","334","799","527","516","433","2","539","608","414","400","332"
"20204","11260575","면목3?8동","3459","2159","1300","7","341","614","876","936","685","2","118","323","518","673","525","5","223","291","358","263","160"
"20204","11260690","신내2동","3776","2095","1681","8","503","948","927","926","464","5","209","446","476","601","358","3","294","502","451","325","106"
"20204","11260600","중화1동","1955","1034","921","0","231","422","496","461","345","0","87","173","241","257","276","0","144","249","255","204","69"
"20204","11290580","돈암1동","2329","1067","1262","9","677","705","484","321","133","0","162","352","257","181","115","9","515","353","227","140","18"
"20204","11290590","돈암2동","11726","7090","4636","44","1806","2813","3721","2083","1259","13","834","1672","2483","1535","553","31","972","1141","1238","548","706"
"20204","11305545","송중동","2249","1126","1123","13","239","363","636","577","421","11","98","158","279","282","298","2","141","205","357","295","123"
"20204","11320513","창3동","775","403","372","1","82","159","233","192","108","0","23","87","136","93","64","1","59","72","97","99","44"
"20204","11350665","상계3?4동","2343","1623","720","1","143","225","563","854","557","0","53","113","356","647","454","1","90","112","207","207","103"
"20204","11380631","신사1동","2475","1318","1157","2","267","513","566","607","520","0","108","252","308","291","359","2","159","261","258","316","161"
"20204","11380632","신사2동","1918","1332","586","5","228","379","473","475","358","5","169","255","279","313","311","0","59","124","194","162","47"
"20204","11380625","역촌동","4694","2257","2437","13","779","952","1204","1060","686","3","282","432","566","512","462","10","497","520","638","548","224"
"20204","11410520","천연동","1823","985","838","2","163","301","468","629","260","2","55","136","264","369","159","0","108","165","204","260","101"
"20204","11410685","홍은2동","5835","3769","2066","38","926","1570","1420","1250","631","32","524","1029","916","820","448","6","402","541","504","430","183"
"20204","11410640","홍제3동","1201","596","605","4","116","149","247","307","378","1","41","59","115","157","223","3","75","90","132","150","155"
"20204","11440555","아현동","11780","6477","5303","23","2240","3776","3328","2004","409","9","975","2113","1872","1217","291","14","1265","1663","1456","787","118"
"20204","11440680","합정동","5738","3211","2527","14","955","1644","1487","1049","589","11","379","809","935","673","404","3","576","835","552","376","185"
"20204","11470520","목2동","5530","3082","2448","4","766","1343","1466","1257","694","3","362","729","810","727","451","1","404","614","656","530","243"
"20204","11500603","가양1동","5337","3304","2033","4","589","1111","1212","1288","1133","2","247","674","720","830","831","2","342","437","492","458","302"
"20204","11500605","가양3동","3216","2060","1156","13","542","708","898","664","391","7","352","475","573","394","259","6","190","233","325","270","132"
"20204","11530720","고척1동","7767","5490","2277","7","690","1575","2040","2362","1093","5","361","1045","1423","1771","885","2","329","530","617","591","208"
"20204","11545640","독산4동","1765","991","774","2","225","303","376","416","443","1","128","180","220","205","257","1","97","123","156","211","186"
"20204","11560710","대림2동","4606","2336","2270","27","855","1092","1021","707","904","8","328","577","443","397","583","19","527","515","578","310","321"
"20204","11560720","대림3동","6057","3897","2160","17","635","1258","1552","1442","1153","5","328","877","1105","901","681","12","307","381","447","541","472"
"20204","11560515","영등포본동","5708","3229","2479","36","808","1406","1461","1375","622","15","347","711","835","853","468","21","461","695","626","522","154"
"20204","11590520","노량진2동","4687","2431","2256","11","746","1363","1135","951","481","3","389","592","527","608","312","8","357","771","608","343","169"
"20204","11590620","사당1동","3916","2054","1862","9","659","963","1044","718","523","4","217","469","523","427","414","5","442","494","521","291","109"
"20204","11590550","상도3동","1371","776","595","1","119","278","361","320","292","1","68","182","212","159","154","0","51","96","149","161","138"
"20204","11590680","신대방2동","22031","14020","8011","54","4027","4597","4124","5144","4085","30","3041","3521","2633","2623","2172","24","986","1076","1491","2521","1913"
"20204","11620775","난곡동","1481","807","674","0","165","296","361","425","234","0","68","153","180","237","169","0","97","143","181","188","65"
"20204","11620765","미성동","3689","2177","1512","28","364","650","866","953","828","22","226","379","483","494","573","6","138","271","383","459","255"
"20204","11650620","방배3동","17809","11648","6161","114","2781","5297","4805","2896","1916","37","1413","3322","3453","1995","1428","77","1368","1975","1352","901","488"
"20204","11680670","개포2동","9490","6220","3270","35","1658","2701","2271","1757","1068","14","884","1810","1564","1122","826","21","774","891","707","635","242"
"20204","11680630","대치4동","33305","20468","12837","149","5336","9904","9047","5656","3213","21","2296","5995","6187","3965","2004","128","3040","3909","2860","1691","1209"
"20204","11680655","도곡1동","40888","28978","11910","97","6985","9515","11398","10350","2543","71","3545","6237","8574","8481","2070","26","3440","3278","2824","1869","473"
"20204","11710532","거여2동","2952","1523","1429","13","377","486","723","879","474","6","209","286","369","394","259","7","168","200","354","485","215"
"20204","11710641","문정1동","34975","27013","7962","17","3178","6528","10070","13196","1986","9","1869","4711","7830","11299","1295","8","1309","1817","2240","1897","691"
"20204","11740540","명일2동","2874","1969","905","5","337","819","768","610","335","3","172","581","558","393","262","2","165","238","210","217","73"
"20204","11740660","성내3동","4641","2789","1852","15","658","1034","1162","962","810","13","344","656","703","541","532","2","314","378","459","421","278"
"20204","11740610","천호2동","3817","1970","1847","14","484","802","933","884","700","8","199","378","464","440","481","6","285","424","469","444","219"
"20204","11740620","천호3동","2763","1566","1197","3","170","305","475","502","1308","3","64","139","236","255","869","0","106","166","239","247","439"
"20231","11170640","이촌2동","2906","1976","930","8","411","803","858","630","196","3","184","508","647","491","143","5","227","295","211","139","53"
"20232","11710610","삼전동","7762","5230","2532","5","936","1763","1740","1549","1769","5","530","1154","1145","951","1445","0","406","609","595","598","324"
"20232","11320681","쌍문4동","1365","711","654","0","144","324","378","347","172","0","43","156","192","184","136","0","101","168","186","163","36"
"20232","11260690","신내2동","3776","2095","1681","8","503","948","927","926","464","5","209","446","476","601","358","3","294","502","451","325","106"
"20232","11260600","중화1동","1955","1034","921","0","231","422","496","461","345","0","87","173","241","257","276","0","144","249","255","204","69"
"20232","11290580","돈암1동","2329","1067","1262","9","677","705","484","321","133","0","162","352","257","181","115","9","515","353","227","140","18"
"20232","11290590","돈암2동","11726","7090","4636","44","1806","2813","3721","2083","1259","13","834","1672","2483","1535","553","31","972","1141","1238","548","706"
"20232","11305545","송중동","2249","1126","1123","13","239","363","636","577","421","11","98","158","279","282","298","2","141","205","357","295","123"
"20232","11320513","창3동","775","403","372","1","82","159","233","192","108","0","23","87","136","93","64","1","59","72","97","99","44"
"20232","11350665","상계3?4동","2343","1623","720","1","143","225","563","854","557","0","53","113","356","647","454","1","90","112","207","207","103"
"20232","11380631","신사1동","2475","1318","1157","2","267","513","566","607","520","0","108","252","308","291","359","2","159","261","258","316","161"
"20232","11380632","신사2동","1918","1332","586","5","228","379","473","475","358","5","169","255","279","313","311","0","59","124","194","162","47"
"20232","11380625","역촌동","4694","2257","2437","13","779","952","1204","1060","686","3","282","432","566","512","462","10","497","520","638","548","224"
"20232","11410520","천연동","1823","985","838","2","163","301","468","629","260","2","55","136","264","369","159","0","108","165","204","260","101"
"20232","11500605","가양3동","3216","2060","1156","13","542","708","898","664","391","7","352","475","573","394","259","6","190","233","325","270","132"
"20232","11530720","고척1동","7767","5490","2277","7","690","1575","2040","2362","1093","5","361","1045","1423","1771","885","2","329","530","617","591","208"
"20232","11545640","독산4동","1765","991","774","2","225","303","376","416","443","1","128","180","220","205","257","1","97","123","156","211","186"
"20232","11560710","대림2동","4606","2336","2270","27","855","1092","1021","707","904","8","328","577","443","397","583","19","527","515","578","310","321"
"20232","11560720","대림3동","6057","3897","2160","17","635","1258","1552","1442","1153","5","328","877","1105","901","681","12","307","381","447","541","472"
"20232","11650610","방배2동","16805","8184","8621","37","2831","4294","4601","3237","1805","8","985","1931","2132","1909","1219","29","1846","2363","2469","1328","586"
"20232","11650510","서초1동","47386","26528","20858","101","9928","12282","10432","11564","3079","39","3558","6616","6055","8015","2245","62","6370","5666","4377","3549","834"
"20233","11260630","묵2동","2062","1388","674","1","299","504","494","556","208","1","171","341","326","406","143","0","128","163","168","150","65"
"20233","11305660","인수동","4298","2498","1800","5","441","856","1098","1224","674","3","164","453","662","728","488","2","277","403","436","496","186"
"20233","11320690","방학1동","6582","3804","2778","14","664","1442","1618","1954","890","11","355","839","836","1104","659","3","309","603","782","850","231"
"20233","11110530","사직동","47822","29932","17890","53","6303","13536","14415","9470","4045","14","2635","8315","9863","6619","2486","39","3668","5221","4552","2851","1559"
"20233","11170700","보광동","1059","532","527","1","137","225","268","258","170","1","26","109","139","145","112","0","111","116","129","113","58"
"20233","11170520","용산2가동","1795","1266","529","0","150","298","628","603","116","0","59","164","490","472","81","0","91","134","138","131","35"
"20233","11170640","이촌2동","2906","1976","930","8","411","803","858","630","196","3","184","508","647","491","143","5","227","295","211","139","53"
"20233","11200615","금호2?3가동","697","365","332","0","81","125","162","160","169","0","19","50","81","89","126","0","62","75","81","71","43"
"20233","11200645","옥수동","4791","1847","2944","5","1224","1430","1086","718","328","0","306","528","505","336","172","5","918","902","581","382","156"
"20233","11215810","광장동","16633","10092","6541","181","5160","4368","3223","2556","1145","56","2475","2824","2177","1712","848","125","2685","1544","1046","844","297"
"20233","11215830","자양2동","5005","3083","1922","20","716","1123","1284","1268","594","12","473","710","764","692","432","8","243","413","520","576","162"
"20233","11215847","자양4동","1152","729","423","6","101","178","269","290","308","5","46","95","157","184","242","1","55","83","112","106","66"
"20233","11215740","중곡1동","5496","2668","2828","82","1416","1044","1099","1287","568","28","605","563","545","517","410","54","811","481","554","770","158"
"20233","11230536","용신동","23899","12377","11522","56","2872","5303","5905","5893","3870","28","1358","3033","3112","2709","2137","28","1514","2270","2793","3184","1733"
"20233","11230720","휘경1동","1421","830","591","5","153","273","354","367","269","1","58","153","224","248","146","4","95","120","130","119","123"
"20233","11230730","휘경2동","4402","2273","2129","7","589","968","1138","1052","648","4","174","461","596","562","476","3","415","507","542","490","172"
"20233","11260655","망우본동","3417","1787","1630","14","378","624","763","1020","618","1","129","239","359","562","497","13","249","385","404","458","121"
"20233","11260570","면목7동","1410","772","638","2","173","268","338","383","246","2","59","120","177","222","192","0","114","148","161","161","54"
"20233","11260680","신내1동","4245","2030","2215","1","751","928","780","1114","671","1","204","390","376","549","510","0","547","538","404","565","161"
"20233","11290685","길음2동","722","307","415","3","80","138","190","198","113","2","35","58","87","70","55","1","45","80","103","128","58"
"20233","11290525","성북동","23717","18050","5667","44","3093","5817","6878","6849","1036","13","1710","4056","5451","6104","716","31","1383","1761","1427","745","320"
"20233","11290780","장위3동","1195","728","467","6","175","228","252","297","237","2","65","121","143","188","209","4","110","107","109","109","28"
"20233","11290705","종암동","22158","11647","10511","63","1867","5592","7813","6324","499","13","799","2048","3570","4921","296","50","1068","3544","4243","1403","203"
"20233","11305535","미아동","1850","1039","811","2","199","342","519","499","289","2","86","168","289","302","192","0","113","174","230","197","97"
"20233","11305608","번3동","1263","689","574","11","130","211","308","355","248","7","51","100","168","196","167","4","79","111","140","159","81"
"20233","11320670","쌍문2동","1469","825","644","1","171","253","341","415","288","0","53","115","179","260","218","1","118","138","162","155","70"
"20233","11350720","상계10동","1064","449","615","0","164","226","285","302","87","0","35","95","112","144","63","0","129","131","173","158","24"
"20233","11350570","월계2동","1268","617","651","8","146","281","342","348","143","6","54","111","154","182","110","2","92","170","188","166","33"
"20233","11410710","북가좌1동","1739","1357","382","0","49","113","193","345","1039","0","16","52","88","234","967","0","33","61","105","111","72"
"20233","11410655","홍제2동","739","379","360","0","113","162","187","163","114","0","40","107","95","79","58","0","73","55","92","84","56"
"20233","11440585","도화동","13141","7986","5155","24","2416","3200","3302","2929","1270","12","1264","2199","2176","1526","809","12","1152","1001","1126","1403","461"
"20233","11440740","상암동","15320","9403","5917","39","3231","5547","4162","1731","610","17","1420","3496","2771","1209","490","22","1811","2051","1391","522","120"
"20233","11440660","서교동","26960","13797","13163","135","5627","7574","6249","4402","2973","88","2301","3787","3449","2331","1841","47","3326","3787","2800","2071","1132"
"20233","11440710","연남동","3213","1975","1238","4","517","760","777","678","477","4","232","412","461","463","403","0","285","348","316","215","74"
"20233","11500535","등촌3동","15368","8147","7221","44","1901","3264","3431","3801","2927","22","831","1785","2013","1850","1646","22","1070","1479","1418","1951","1281"
"20233","11500640","방화2동","3390","2190","1200","9","367","654","764","880","716","8","200","392","490","561","539","1","167","262","274","319","177"
"20233","11500641","방화3동","5011","3236","1775","7","488","1063","1262","1375","816","5","248","561","780","968","674","2","240","502","482","407","142"
"20233","11500570","화곡4동","2710","1207","1503","3","637","730","552","506","282","2","151","317","267","269","201","1","486","413","285","237","81"
"20233","11500590","화곡본동","2983","1681","1302","13","337","586","716","710","621","11","127","318","406","374","445","2","210","268","310","336","176"
"20233","11530595","가리봉동","972","454","518","1","95","161","224","209","282","0","42","74","102","83","153","1","53","87","122","126","129"
"20233","11530520","구로1동","4769","2813","1956","5","551","1184","1128","986","915","3","307","754","763","603","383","2","244","430","365","383","532"
"20233","11530770","오류1동","4294","2719","1575","14","556","798","1050","1234","642","7","393","537","636","709","437","7","163","261","414","525","205"
"20233","11560650","신길3동","1332","863","469","2","100","223","302","327","378","2","41","133","192","209","286","0","59","90","110","118","92"
"20233","11560690","신길7동","2693","1837","856","6","318","515","610","768","476","4","198","350","406","493","386","2","120","165","204","275","90"
"20233","11590530","상도1동","6189","3568","2621","10","958","1525","1507","1366","823","2","406","854","904","844","558","8","552","671","603","522","265"
"20233","11620525","보라매동","1838","943","895","8","253","408","426","448","295","3","107","206","219","212","196","5","146","202","207","236","99"
"20233","11620695","신림동","1946","1168","778","4","173","275","462","443","589","1","63","144","255","257","448","3","110","131","207","186","141"
"20233","11620615","중앙동","1420","666","754","3","174","256","327","381","279","2","71","125","154","182","132","1","103","131","173","199","147"
"20233","11620545","청림동","2705","1543","1162","4","408","900","885","393","115","3","178","504","529","253","76","1","230","396","356","140","39"
"20233","11650600","방배1동","19003","12553","6450","92","3748","5826","4604","3465","1268","61","1778","3553","3393","2828","940","31","1970","2273","1211","637","328"
"20233","11650531","서초4동","37488","21433","16055","138","7320","11471","9418","6641","2500","63","2783","6553","6110","4162","1762","75","4537","4918","3308","2479","738"
"20233","11680531","논현2동","55372","35328","20044","151","10602","16012","13330","8967","6310","47","4602","9575","9465","6803","4836","104","6000","6437","3865","2164","1474"
"20233","11680580","삼성1동","130157","87840","42317","310","26223","39031","34864","23107","6622","153","14094","25801","25719","18114","3959","157","12129","13230","9145","4993","2663"
"20233","11710631","가락1동","5913","4134","1779","0","404","1101","1627","1695","1086","0","271","843","1198","1111","711","0","133","258","429","584","375"
"20233","11710540","마천1동","955","471","484","2","112","201","273","249","118","1","46","98","129","118","79","1","66","103","144","131","39"
"20233","11710510","풍납1동","1718","964","754","1","228","386","435","451","217","1","120","208","229","240","166","0","108","178","206","211","51"
"20233","11710520","풍납2동","23596","11568","12028","3","5113","8054","5886","3553","987","0","1384","4183","3091","2173","737","3","3729","3871","2795","1380","250"
"20233","11740640","성내1동","17072","11605","5467","42","2020","3567","3667","4407","3369","17","1169","2225","2403","3188","2603","25","851","1342","1264","1219","766"
"20233","11110570","무악동","608","169","439","7","168","169","147","80","37","6","35","32","47","26","23","1","133","137","100","54","14"
"20233","11140665","동화동","1504","682","822","2","239","362","395","319","187","1","62","126","191","176","126","1","177","236","204","143","61"
"20233","11140635","약수동","17658","6830","10828","51","2837","6596","4891","2424","859","11","862","2322","1622","1389","624","40","1975","4274","3269","1035","235"
"20233","11140605","을지로동","15914","8662","7252","70","3844","3863","3457","2755","1925","17","1005","2127","2244","1916","1353","53","2839","1736","1213","839","572"
"20233","11170530","남영동","21173","8924","12249","187","8038","5217","4031","2705","995","22","1507","2802","2399","1454","740","165","6531","2415","1632","1251","255"
"20233","11170685","한남동","41934","30661","11273","135","6886","12388","11000","9625","1900","89","3268","8250","8923","8616","1515","46","3618","4138","2077","1009","385"
"20233","11200650","성수1가1동","3550","2228","1322","3","452","745","793","940","617","1","207","466","510","640","404","2","245","279","283","300","213"
"20233","11200520","왕십리2동","1259","746","513","2","175","319","360","269","134","2","85","169","221","170","99","0","90","150","139","99","35"
"20233","11200580","응봉동","1688","695","993","12","400","449","373","285","169","2","89","156","175","146","127","10","311","293","198","139","42"
"20233","11200560","행당1동","2359","1588","771","1","298","491","600","671","298","0","148","303","414","507","216","1","150","188","186","164","82"
"20233","11215870","구의3동","12940","7885","5055","27","1521","2728","3129","3229","2306","8","873","1900","2126","1661","1317","19","648","828","1003","1568","989"
"20233","11230660","장안2동","6304","3377","2927","46","1936","1218","1256","1163","685","27","1005","698","580","567","500","19","931","520","676","596","185"
"20233","11290715","월곡1동","2594","1577","1017","4","204","338","530","555","963","4","76","163","278","360","696","0","128","175","252","195","267"
"20233","11290770","장위2동","1746","1050","696","3","158","292","415","420","458","2","57","144","233","260","354","1","101","148","182","160","104"
"20233","11290640","정릉3동","2441","1649","792","15","383","695","593","440","315","14","207","494","418","314","202","1","176","201","175","126","113"
"20233","11305595","번1동","2555","1499","1056","2","322","516","510","657","548","0","139","316","307","420","317","2","183","200","203","237","231"
"20233","11305575","삼각산동","1296","708","588","1","227","343","406","210","109","0","93","192","227","105","91","1","134","151","179","105","18"
"20233","11305625","수유2동","2222","1180","1042","1","105","171","422","658","865","0","30","90","266","448","346","1","75","81","156","210","519"
"20233","11305645","우이동","2841","1745","1096","4","171","263","394","669","1340","3","51","126","214","460","891","1","120","137","180","209","449"
"20233","11320515","창5동","7114","4495","2619","9","821","1589","1757","1497","1441","7","428","1090","1177","820","973","2","393","499","580","677","468"
"20233","11350595","공릉1동","6301","3404","2897","8","659","982","1376","1729","1547","4","299","541","682","893","985","4","360","441","694","836","562"
"20233","11350700","상계8동","1180","616","564","3","167","344","290","263","113","1","59","215","121","143","77","2","108","129","169","120","36"
"20233","11410690","남가좌1동","3997","2401","1596","11","278","509","695","992","1512","8","190","341","440","522","900","3","88","168","255","470","612"
"20233","11440565","공덕동","14467","8329","6138","84","3210","3917","3860","2545","851","33","1283","2076","2451","1878","608","51","1927","1841","1409","667","243"
"20233","11440610","염리동","3956","2587","1369","75","736","884","795","861","605","27","372","596","586","593","413","48","364","288","209","268","192"
"20233","11470550","목5동","31153","18954","12199","114","5058","8049","7547","6516","3869","55","2331","4850","4764","4269","2685","59","2727","3199","2783","2247","1184"
"20233","11470570","신월2동","2996","1737","1259","12","259","472","804","817","632","9","142","279","419","437","451","3","117","193","385","380","181"
"20233","11470670","신정6동","18155","11030","7125","92","3488","5238","4247","3672","1418","74","1698","3218","2712","2347","981","18","1790","2020","1535","1325","437"
"20233","11500540","화곡1동","5031","2822","2209","21","535","1016","1247","1402","810","17","249","591","676","789","500","4","286","425","571","613","310"
"20233","11530750","개봉2동","8038","3972","4066","37","1415","1946","1909","1903","828","17","804","1236","844","639","432","20","611","710","1065","1264","396"
"20233","11530730","고척2동","3143","1958","1185","10","356","698","794","841","444","7","220","440","469","485","337","3","136","258","325","356","107"
"20233","11530560","구로5동","14392","9095","5297","44","2014","3370","3745","3190","2029","33","1138","2322","2481","1889","1232","11","876","1048","1264","1301","797"
"20233","11560620","양평2동","14774","8451","6323","38","2693","4021","4060","2540","1422","15","1180","2429","2300","1491","1036","23","1513","1592","1760","1049","386"
"20233","11560535","영등포동","14217","7943","6274","48","2615","3539","3349","2794","1872","14","977","1979","2088","1652","1233","34","1638","1560","1261","1142","639"
"20233","11590670","신대방1동","7418","4694","2724","24","1422","2370","1722","1183","697","14","724","1528","1188","772","468","10","698","842","534","411","229"
"20233","11620645","서원동","2912","1206","1706","5","563","630","529","646","539","2","143","260","265","235","301","3","420","370","264","411","238"
"20233","11620625","인헌동","3435","1976","1459","13","701","985","867","536","333","5","324","608","515","277","247","8","377","377","352","259","86"
"20233","11620595","청룡동","6665","3660","3005","8","1087","1894","1590","1510","576","3","433","957","884","988","395","5","654","937","706","522","181"
"20233","11650570","반포2동","9861","5872","3989","18","1652","3059","2563","1656","913","10","723","1849","1650","999","641","8","929","1210","913","657","272"
"20233","11650520","서초2동","67858","45080","22778","159","14201","22383","16994","10387","3734","54","7752","15121","11691","7781","2681","105","6449","7262","5303","2606","1053"
"20233","11650652","양재2동","43401","32515","10886","106","5761","10598","12175","11422","3339","59","3488","7792","9341","9309","2526","47","2273","2806","2834","2113","813"
"20233","11680740","일원2동","5600","3682","1918","17","832","1447","1587","1319","398","5","407","891","1091","992","296","12","425","556","496","327","102"
"20233","11710620","가락본동","27955","16882","11073","89","3790","6716","6396","5452","5512","37","1813","4194","4281","3158","3399","52","1977","2522","2115","2294","2113"
"20233","11710562","방이2동","24911","14324","10587","53","4019","6387","5622","5295","3535","37","2261","4157","3442","2476","1951","16","1758","2230","2180","2819","1584"
"20233","11710670","잠실2동","7793","5196","2597","10","1494","2265","2042","1556","426","9","938","1589","1387","1026","247","1","556","676","655","530","179"
"20233","11740600","천호1동","2450","1407","1043","6","246","461","597","573","567","1","100","239","304","336","427","5","146","222","293","237","140"
"20233","11110540","삼청동","5862","4751","1111","3","726","1549","1817","1381","386","0","460","1187","1543","1230","331","3","266","362","274","151","55"
"20233","11110630","종로5?6가동","15588","9737","5851","407","3613","4484","3824","2369","891","114","1498","2891","2796","1819","619","293","2115","1593","1028","550","272"
"20233","11110670","창신1동","1307","566","741","1","117","231","397","315","246","0","47","88","128","140","163","1","70","143","269","175","83"
"20233","11110650","혜화동","6669","3263","3406","30","1094","1790","1598","1324","833","22","380","867","848","687","459","8","714","923","750","637","374"
"20233","11170690","서빙고동","14416","9448","4968","37","2566","4289","4433","2273","818","15","1228","2510","3241","1816","638","22","1338","1779","1192","457","180"
"20233","11170590","용문동","2710","1570","1140","11","527","732","741","503","196","7","221","430","439","338","135","4","306","302","302","165","61"
"20233","11170560","원효로1동","4677","3188","1489","21","727","1266","1220","852","591","12","430","908","848","583","407","9","297","358","372","269","184"
"20233","11170630","이촌1동","10866","6950","3916","53","1764","2919","3039","2219","872","34","876","1798","2142","1493","607","19","888","1121","897","726","265"
"20233","11170555","청파동","4834","2581","2253","14","753","1213","1147","1014","693","8","264","562","606","621","520","6","489","651","541","393","173"
"20233","11200590","금호1가동","2304","858","1446","15","272","750","937","260","70","0","88","248","371","102","49","15","184","502","566","158","21"
"20233","11200720","송정동","1247","754","493","1","181","290","313","250","212","0","88","178","172","148","168","1","93","112","141","102","44"
"20233","11215770","중곡4동","5044","2482","2562","6","871","1221","1285","1169","492","4","254","568","628","634","394","2","617","653","657","535","98"
"20233","11215710","화양동","2662","1687","975","9","348","425","650","775","455","4","133","230","426","533","361","5","215","195","224","242","94"
"20233","11230610","답십리2동","4215","3060","1155","32","687","954","962","850","730","28","504","727","697","583","521","4","183","227","265","267","209"
"20233","11230750","이문2동","2210","1168","1042","2","268","474","498","560","408","1","93","229","233","307","305","1","175","245","265","253","103"
"20233","11230650","장안1동","10768","6778","3990","34","1470","2114","2327","2359","2464","26","880","1351","1448","1427","1646","8","590","763","879","932","818"
"20233","11260540","면목4동","1624","1162","462","2","121","264","432","588","217","1","55","160","292","481","173","1","66","104","140","107","44"
"20233","11290660","길음1동","6329","3095","3234","419","2211","1546","1057","690","406","176","957","813","522","320","307","243","1254","733","535","370","99"
"20233","11290610","보문동","6952","5271","1681","6","667","2047","1463","1460","1309","2","365","1644","1172","1170","918","4","302","403","291","290","391"
"20233","11290555","삼선동","6459","3237","3222","8","699","1546","1938","1603","665","4","247","667","937","1001","381","4","452","879","1001","602","284"
"20233","11290760","장위1동","1324","690","634","2","238","278","309","277","220","1","110","154","156","135","134","1","128","124","153","142","86"
"20233","11290630","정릉2동","1757","773","984","0","286","418","473","380","200","0","74","179","186","185","149","0","212","239","287","195","51"
"20233","11305603","번2동","1380","655","725","1","201","205","357","391","225","0","85","107","157","187","119","1","116","98","200","204","106"
"20233","11350630","상계1동","5569","3527","2042","23","644","1148","1345","1414","995","18","369","775","875","881","609","5","275","373","470","533","386"
"20233","11350670","상계5동","1861","927","934","5","128","213","314","464","737","2","52","114","139","210","410","3","76","99","175","254","327"
"20233","11350695","상계6?7동","6346","2810","3536","19","890","1498","1624","1611","704","11","233","564","725","883","394","8","657","934","899","728","310"
"20233","11350560","월계1동","2778","1511","1267","13","430","656","717","544","418","5","200","395","362","278","271","8","230","261","355","266","147"
"20233","11350624","중계4동","2064","1128","936","12","201","421","483","539","408","7","75","203","253","283","307","5","126","218","230","256","101"
"20233","11350612","하계2동","1414","910","504","2","145","263","384","465","155","0","82","161","240","294","133","2","63","102","144","171","22"
"20233","11380570","대조동","2617","1284","1333","5","323","553","704","596","436","4","119","269","331","267","294","1","204","284","373","329","142"
"20233","11380640","증산동","2848","1844","1004","2","364","748","783","642","309","2","169","501","515","424","233","0","195","247","268","218","76"
"20233","11410585","신촌동","5047","2648","2399","12","786","1329","1274","1079","567","7","305","582","652","701","401","5","481","747","622","378","166"
"20233","11410620","홍제1동","2477","1275","1202","5","265","373","628","847","359","2","77","175","328","475","218","3","188","198","300","372","141"
"20233","11440690","망원1동","3153","1750","1403","10","855","862","647","467","312","3","496","462","313","276","200","7","359","400","334","191","112"
"20233","11440730","성산2동","2757","1239","1518","5","275","511","724","838","404","3","99","251","327","330","229","2","176","260","397","508","175"
"20233","11470510","목1동","17427","11303","6124","49","3004","4738","4346","3560","1730","31","1399","3112","3084","2553","1124","18","1605","1626","1262","1007","606"
"20233","11470600","신월5동","2190","1209","981","8","278","535","546","550","273","5","127","267","283","322","205","3","151","268","263","228","68"
"20233","11470610","신월6동","1115","652","463","1","118","205","253","306","232","0","45","105","138","173","191","1","73","100","115","133","41"
"20233","11470680","신정7동","5753","3432","2321","14","656","1376","1762","1305","640","8","306","770","1070","807","471","6","350","606","692","498","169"
"20233","11500620","공항동","33826","17706","16120","10","5671","11101","9233","6573","1238","2","1358","4648","5380","5415","903","8","4313","6453","3853","1158","335"
"20233","11500530","등촌2동","4992","2944","2048","6","614","985","1193","1272","922","2","259","533","721","804","625","4","355","452","472","468","297"
"20233","11500615","우장산동","6277","3448","2829","6","1358","1416","1329","1316","852","4","515","819","782","778","550","2","843","597","547","538","302"
"20233","11500550","화곡2동","1532","914","618","6","188","416","397","369","156","3","108","271","238","193","101","3","80","145","159","176","55"
"20233","11500591","화곡6동","10754","6820","3934","35","1515","2863","2741","2431","1169","9","750","1821","1754","1606","880","26","765","1042","987","825","289"
"20233","11530760","개봉3동","1995","1198","797","5","278","485","501","427","299","5","136","299","299","240","219","0","142","186","202","187","80"
"20233","11560630","신길1동","3535","1563","1972","4","633","842","785","696","575","0","202","405","373","294","289","4","431","437","412","402","286"
"20233","11560670","신길5동","1404","679","725","2","140","296","455","347","164","1","69","136","164","177","132","1","71","160","291","170","32"
"20233","11560540","여의동","217817","154569","63248","520","40050","78066","55998","33396","9787","195","22109","55804","43252","26581","6628","325","17941","22262","12746","6815","3159"
"20233","11620585","낙성대동","10344","5721","4623","20","1677","3541","2220","1585","1301","10","761","1862","1167","922","999","10","916","1679","1053","663","302"
"20233","11620685","신사동","4234","2870","1364","2","678","1206","1226","768","354","2","298","818","953","572","227","0","380","388","273","196","127"
"20233","11620605","은천동","4644","2204","2440","12","629","867","980","1276","880","1","210","402","501","575","515","11","419","465","479","701","365"
"20233","11650590","방배본동","28234","15628","12606","120","5284","7281","7505","5047","2997","82","1798","3804","4370","3275","2299","38","3486","3477","3135","1772","698"
"20233","11680610","대치2동","92377","51697","40680","530","16781","25425","21288","17434","10919","232","7729","15578","13694","8997","5467","298","9052","9847","7594","8437","5452"
"20233","11680590","삼성2동","62165","35711","26454","150","12530","20151","15787","8793","4754","61","5197","11854","10528","4946","3125","89","7333","8297","5259","3847","1629"
"20233","11680700","세곡동","1534","879","655","10","124","276","310","436","378","5","55","140","178","256","245","5","69","136","132","180","133"
"20233","11680650","역삼2동","51209","30365","20844","208","11790","14220","12162","9047","3782","85","5685","9112","8095","4730","2658","123","6105","5108","4067","4317","1124"
"20233","11680730","일원1동","2518","1370","1148","4","343","476","566","543","586","2","149","251","293","284","391","2","194","225","273","259","195"
"20233","11680565","청담동","57122","32691","24431","172","11877","18886","14178","8558","3451","72","4465","10782","9320","5650","2402","100","7412","8104","4858","2908","1049"
"20233","11710531","거여1동","3835","2832","1003","11","951","1067","919","530","357","9","659","841","701","364","258","2","292","226","218","166","99"
"20233","11710647","위례동","1268","1216","52","0","4","80","347","681","156","0","4","78","336","650","148","0","0","2","11","31","8"
"20233","11710690","잠실4동","9652","7756","1896","42","1285","3032","2803","2051","439","18","925","2493","2310","1675","335","24","360","539","493","376","104"
"20233","11710710","잠실6동","46691","24881","21810","93","7429","12391","13316","11902","1560","29","3439","7617","7686","4936","1174","64","3990","4774","5630","6966","386"
"20233","11710650","잠실본동","9422","6016","3406","45","1284","1797","2201","2088","2007","4","575","1097","1382","1438","1520","41","709","700","819","650","487"
"20233","11710646","장지동","6769","4617","2152","13","730","1085","1597","1784","1560","4","406","721","1070","1256","1160","9","324","364","527","528","400"
"20233","11740590","암사3동","3192","1912","1280","6","286","449","571","829","1051","3","146","269","312","478","704","3","140","180","259","351","347"
"20233","11140670","황학동","1714","1102","612","1","271","455","422","342","223","1","157","285","265","225","169","0","114","170","157","117","54"
"20233","11140540","회현동","58705","36279","22426","199","10994","20696","16047","8525","2244","68","5132","12355","10455","6703","1566","131","5862","8341","5592","1822","678"
"20233","11200690","성수2가3동","23863","15312","8551","83","3917","6067","5966","4768","3062","63","2176","4061","4011","2880","2121","20","1741","2006","1955","1888","941"
"20233","11215840","자양3동","3370","2410","960","8","406","863","937","843","313","3","252","605","689","618","243","5","154","258","248","225","70"
"20233","11260580","상봉1동","2499","1715","784","14","303","440","514","655","573","11","193","268","289","450","504","3","110","172","225","205","69"
"20233","11260590","상봉2동","5328","3673","1655","17","631","1376","1754","1205","345","13","369","964","1173","877","277","4","262","412","581","328","68"
"20233","11290600","안암동","4686","3030","1656","8","655","1203","1295","1013","512","3","333","745","832","715","402","5","322","458","463","298","110"
"20233","11320710","방학3동","3005","1804","1201","10","510","688","696","694","407","9","324","395","438","336","302","1","186","293","258","358","105"
"20233","11320680","쌍문3동","2022","963","1059","4","437","452","474","472","183","3","113","208","246","266","127","1","324","244","228","206","56"
"20233","11350710","상계9동","2626","1662","964","2","339","658","654","741","232","2","184","418","385","493","180","0","155","240","269","248","52"
"20233","11350580","월계3동","1502","756","746","1","166","265","395","434","241","1","63","137","182","228","145","0","103","128","213","206","96"
"20233","11350625","중계2?3동","2225","1256","969","5","288","582","570","571","209","4","170","349","294","305","134","1","118","233","276","266","75"
"20233","11380580","응암1동","2895","1605","1290","7","306","489","680","669","744","5","141","230","355","339","535","2","165","259","325","330","209"
"20233","11410615","연희동","14856","9739","5117","82","2345","3661","3196","4080","1492","43","1297","2440","1997","2924","1038","39","1048","1221","1199","1156","454"
"20233","11410660","홍은1동","7584","1500","6084","3","262","551","2062","3659","1047","1","98","189","374","439","399","2","164","362","1688","3220","648"
"20233","11440600","대흥동","5628","2774","2854","65","2228","1272","827","772","464","22","867","656","452","470","307","43","1361","616","375","302","157"
"20233","11440700","망원2동","5201","3099","2102","17","652","971","1126","1574","861","10","356","715","787","730","501","7","296","256","339","844","360"
"20233","11470611","신월7동","4357","2856","1501","4","467","719","894","1036","1237","3","345","547","587","630","744","1","122","172","307","406","493"
"20233","11470630","신정2동","13985","8015","5970","66","2513","4519","3729","2456","702","30","1020","2487","2309","1628","541","36","1493","2032","1420","828","161"
"20233","11530550","구로4동","2159","1229","930","5","243","425","532","527","427","3","112","228","294","293","299","2","131","197","238","234","128"
"20233","11545510","가산동","84451","55529","28922","300","16641","26228","20890","12369","8023","193","8827","17613","15063","8220","5613","107","7814","8615","5827","4149","2410"
"20233","11545620","독산2동","1789","993","796","1","230","372","417","495","274","0","125","176","207","282","203","1","105","196","210","213","71"
"20233","11545680","시흥2동","3435","2024","1411","4","342","681","873","1027","508","3","199","387","492","597","346","1","143","294","381","430","162"
"20233","11560585","도림동","1619","1028","591","12","144","272","393","413","385","10","65","165","247","262","279","2","79","107","146","151","106"
"20233","11560605","문래동","81647","59216","22431","162","12600","26629","25117","12877","4262","62","7033","20252","20512","8694","2663","100","5567","6377","4605","4183","1599"
"20233","11590660","대방동","11271","7474","3797","22","1880","3051","2637","2515","1166","7","998","2084","1836","1812","737","15","882","967","801","703","429"
"20233","11590560","상도4동","2530","1503","1027","3","355","559","610","636","367","2","174","328","367","445","187","1","181","231","243","191","180"
"20233","11620735","대학동","3077","2250","827","3","433","739","863","742","297","1","256","500","673","587","233","2","177","239","190","155","64"
"20233","11620665","서림동","1808","1022","786","8","273","316","451","387","373","2","137","168","241","231","243","6","136","148","210","156","130"
"20233","11650621","방배4동","21837","13492","8345","61","3771","6017","5424","4166","2398","27","1599","3546","3678","2918","1724","34","2172","2471","1746","1248","674"
"20233","11650651","양재1동","33395","21554","11841","445","7793","9217","7561","4987","3392","215","3960","6187","5334","3319","2539","230","3833","3030","2227","1668","853"
"20233","11680660","개포1동","18376","11295","7081","74","2873","4869","4780","3809","1971","30","1298","2691","3296","2574","1406","44","1575","2178","1484","1235","565"
"20233","11680656","도곡2동","192577","131699","60878","923","36796","75687","55314","19948","3909","583","19659","51843","42526","14511","2577","340","17137","23844","12788","5437","1332"
"20233","11680640","역삼1동","170825","101049","69776","494","34443","51961","43997","29792","10138","189","16474","32429","28719","16126","7112","305","17969","19532","15278","13666","3026"
"20233","11680720","일원본동","36779","20548","16231","181","9454","10978","8976","5878","1312","82","3541","6120","5771","4133","901","99","5913","4858","3205","1745","411"
"20233","11710550","마천2동","2599","1634","965","1","266","601","708","658","365","0","158","375","403","395","303","1","108","226","305","263","62"
"20233","11710561","방이1동","9129","6671","2458","30","952","1771","2392","2432","1552","19","450","1125","1786","1953","1338","11","502","646","606","479","214"
"20233","11710580","송파1동","8660","5413","3247","19","1228","1938","2145","1877","1453","8","530","1150","1399","1255","1071","11","698","788","746","622","382"
"20233","11740690","둔촌1동","1519","845","674","2","191","367","379","391","189","2","92","205","217","206","123","0","99","162","162","185","66"
"20233","11740520","상일동","3611","1827","1784","6","521","804","899","953","428","2","177","402","542","432","272","4","344","402","357","521","156"
"20233","11110640","이화동","5235","2876","2359","13","804","1303","1339","1082","694","6","257","600","777","725","511","7","547","703","562","357","183"
"20233","11110680","창신2동","344","116","228","0","22","40","89","116","77","0","4","11","32","39","30","0","18","29","57","77","47"
"20233","11110560","평창동","23179","12994","10185","45","2878","6197","7579","5016","1464","18","1373","3171","4476","3013","943","27","1505","3026","3103","2003","521"
"20233","11140590","광희동","42508","21177","21331","438","12207","11215","8725","6715","3208","189","5936","6526","5053","2274","1199","249","6271","4689","3672","4441","2009"
"20233","11140680","중림동","4348","2429","1919","3","913","1392","1134","599","307","2","420","754","630","399","224","1","493","638","504","200","83"
"20233","11170650","이태원1동","13034","5712","7322","26","3821","5020","2528","1242","397","14","981","2109","1400","906","302","12","2840","2911","1128","336","95"
"20233","11170625","한강로동","47142","23273","23869","183","9616","14692","13436","6917","2298","87","3914","6875","6681","4207","1509","96","5702","7817","6755","2710","789"
"20233","11215860","구의2동","4204","2612","1592","56","598","727","1055","1126","642","24","306","400","689","739","454","32","292","327","366","387","188"
"20233","11215760","중곡3동","1489","932","557","4","181","361","396","333","214","0","97","252","232","209","142","4","84","109","164","124","72"
"20233","11230560","전농1동","1537","956","581","2","180","270","401","417","267","0","113","170","263","260","150","2","67","100","138","157","117"
"20233","11230570","전농2동","4013","2089","1924","4","468","848","1061","1068","564","1","193","397","571","552","375","3","275","451","490","516","189"
"20233","11260550","면목5동","1080","728","352","1","105","184","287","266","237","1","67","138","140","175","207","0","38","46","147","91","30"
"20233","11260565","면목본동","1764","942","822","1","239","402","450","411","261","0","88","202","232","232","188","1","151","200","218","179","73"
"20233","11290810","석관동","3732","2418","1314","15","344","584","700","754","1335","8","170","353","396","466","1025","7","174","231","304","288","310"
"20233","11290620","정릉1동","1152","621","531","6","149","206","258","298","235","1","41","74","129","183","193","5","108","132","129","115","42"
"20233","11305615","수유1동","1920","874","1046","2","205","347","488","555","323","0","58","142","208","241","225","2","147","205","280","314","98"
"20233","11320522","도봉2동","2128","1350","778","1","113","274","364","537","839","0","39","137","202","352","620","1","74","137","162","185","219"
"20233","11320511","창1동","1790","815","975","6","246","361","472","484","221","3","96","141","213","228","134","3","150","220","259","256","87"
"20233","11350600","공릉2동","7078","3252","3826","29","1186","1746","1707","1652","758","3","368","800","796","808","477","26","818","946","911","844","281"
"20233","11350640","상계2동","2484","1209","1275","6","342","425","617","634","460","3","127","236","291","302","250","3","215","189","326","332","210"
"20233","11350621","중계1동","2169","1191","978","4","284","476","650","541","214","3","119","259","345","297","168","1","165","217","305","244","46"
"20233","11380552","갈현2동","3915","2012","1903","9","404","778","1023","1035","666","7","187","434","483","463","438","2","217","344","540","572","228"
"20233","11380560","구산동","4328","2305","2023","11","537","811","958","1354","657","1","205","363","455","843","438","10","332","448","503","511","219"
"20233","11380530","불광2동","3113","1510","1603","2","194","431","503","653","1330","1","68","222","203","273","743","1","126","209","300","380","587"
"20233","11380590","응암2동","1048","669","379","1","133","138","236","299","241","1","75","75","138","179","201","0","58","63","98","120","40"
"20233","11410700","남가좌2동","1792","933","859","1","205","375","486","493","232","0","73","179","233","280","168","1","132","196","253","213","64"
"20233","11410720","북가좌2동","3057","1561","1496","8","472","602","675","756","544","4","143","304","374","410","326","4","329","298","301","346","218"
"20233","11440655","서강동","6283","3927","2356","43","1080","1516","1510","1228","906","27","531","894","993","811","671","16","549","622","517","417","235"
"20233","11440720","성산1동","5829","3864","1965","19","753","1219","1334","1134","1370","15","369","757","847","790","1086","4","384","462","487","344","284"
"20233","11440590","용강동","13701","8118","5583","13","2008","3377","3238","2712","2353","9","969","1995","2139","1574","1432","4","1039","1382","1099","1138","921"
"20233","11470580","신월3동","1679","963","716","2","177","310","382","494","314","0","66","132","204","310","251","2","111","178","178","184","63"
"20233","11470590","신월4동","1813","1221","592","1","108","222","423","574","485","1","50","117","246","383","424","0","58","105","177","191","61"
"20233","11500604","가양2동","2849","1494","1355","9","375","668","690","678","429","6","175","360","369","336","248","3","200","308","321","342","181"
"20233","11500630","방화1동","7575","5922","1653","10","805","1601","1852","2167","1140","7","575","1308","1478","1793","761","3","230","293","374","374","379"
"20233","11500560","화곡3동","5333","3288","2045","10","724","1292","1364","1226","717","7","390","860","825","689","517","3","334","432","539","537","200"
"20233","11545610","독산1동","12850","8228","4622","40","1027","1759","2150","2804","5070","34","604","1165","1369","1723","3333","6","423","594","781","1081","1737"
"20233","11545630","독산3동","4188","2958","1230","10","366","639","730","800","1643","2","195","372","390","474","1525","8","171","267","340","326","118"
"20233","11560550","당산1동","9078","5438","3640","15","1539","2557","2014","1676","1277","8","613","1428","1263","1168","958","7","926","1129","751","508","319"
"20233","11560660","신길4동","1248","617","631","2","211","297","315","295","128","0","75","138","153","159","92","2","136","159","162","136","36"
"20233","11560680","신길6동","2634","1646","988","10","289","619","687","570","459","7","144","384","416","357","338","3","145","235","271","213","121"
"20233","11590510","노량진1동","5875","3297","2578","18","766","1395","1471","1398","827","12","329","798","898","755","505","6","437","597","573","643","322"
"20233","11590540","상도2동","1732","887","845","6","212","400","459","414","241","0","94","212","243","207","131","6","118","188","216","207","110"
"20233","11620630","남현동","3714","2442","1272","5","617","926","1001","721","444","3","338","621","701","472","307","2","279","305","300","249","137"
"20233","11620575","행운동","4257","2373","1884","15","636","1035","1002","964","605","8","316","584","534","500","431","7","320","451","468","464","174"
"20233","11650581","반포4동","94714","83567","11147","80","9480","20099","25531","35193","4331","34","7191","16727","22658","33449","3508","46","2289","3372","2873","1744","823"
"20233","11650610","방배2동","16805","8184","8621","37","2831","4294","4601","3237","1805","8","985","1931","2132","1909","1219","29","1846","2363","2469","1328","586"
"20233","11650510","서초1동","47386","26528","20858","101","9928","12282","10432","11564","3079","39","3558","6616","6055","8015","2245","62","6370","5666","4377","3549","834"
"20233","11650540","잠원동","16302","9442","6860","68","3397","4796","4022","2503","1516","36","1340","2803","2667","1569","1027","32","2057","1993","1355","934","489"
"20233","11680750","수서동","18037","9516","8521","27","2570","4859","4850","3583","2148","15","1151","2611","2544","1902","1293","12","1419","2248","2306","1681","855"
"20233","11710632","가락2동","10171","6862","3309","22","1354","2162","2015","1893","2725","16","801","1478","1339","1132","2096","6","553","684","676","761","629"
"20233","11710720","잠실7동","14130","6338","7792","52","1984","2775","3999","4487","833","31","995","1820","1888","1074","530","21","989","955","2111","3413","303"
"20233","11740700","둔촌2동","4961","2239","2722","4","946","1293","1058","1026","634","2","281","537","526","489","404","2","665","756","532","537","230"
"20233","11110615","종로1?2?3?4가동","97451","53687","43764","1427","19755","29598","26670","15288","4713","620","8610","14862","15621","10763","3211","807","11145","14736","11049","4525","1502"
"20233","11140650","신당5동","871","462","409","5","105","184","211","191","175","5","47","83","108","101","118","0","58","101","103","90","57"
"20233","11140645","청구동","3104","1714","1390","6","455","830","727","664","422","3","157","432","465","413","244","3","298","398","262","251","178"
"20233","11170580","효창동","1644","932","712","3","218","412","462","363","186","2","103","243","275","183","126","1","115","169","187","180","60"
"20233","11200620","금호4가동","1331","791","540","1","151","308","365","323","183","1","56","159","235","202","138","0","95","149","130","121","45"
"20233","11200670","성수2가1동","10042","6355","3687","107","2280","2880","2284","1625","866","57","1033","1862","1557","1147","699","50","1247","1018","727","478","167"
"20233","11200790","용답동","4708","2845","1863","30","1172","1311","961","753","481","2","511","843","633","476","380","28","661","468","328","277","101"
"20233","11200570","행당2동","268","104","164","0","31","57","76","66","38","0","14","23","24","16","27","0","17","34","52","50","11"
"20233","11215780","능동","2288","1405","883","7","330","533","589","459","370","3","160","314","371","276","281","4","170","219","218","183","89"
"20233","11230545","제기동","5479","3268","2211","10","735","1334","1323","1152","925","3","312","789","843","680","641","7","423","545","480","472","284"
"20233","11230710","회기동","784","371","413","1","93","180","195","178","137","1","28","71","89","84","98","0","65","109","106","94","39"
"20233","11260660","망우3동","1076","573","503","1","96","157","257","314","251","1","35","66","120","172","179","0","61","91","137","142","72"
"20233","11260620","묵1동","2604","1240","1364","4","285","604","740","629","342","1","102","281","337","286","233","3","183","323","403","343","109"
"20233","11260610","중화2동","1532","868","664","9","181","236","386","343","377","7","89","111","195","197","269","2","92","125","191","146","108"
"20233","11290725","월곡2동","4825","3059","1766","6","757","1363","1166","854","679","1","379","896","712","512","559","5","378","467","454","342","120"
"20233","11290650","정릉4동","2401","1467","934","2","203","363","582","760","491","0","64","182","369","511","341","2","139","181","213","249","150"
"20233","11305555","송천동","1900","953","947","3","145","324","405","482","541","2","42","149","190","273","297","1","103","175","215","209","244"
"20233","11320521","도봉1동","2162","1429","733","1","104","246","486","761","564","1","26","129","286","544","443","0","78","117","200","217","121"
"20233","11320660","쌍문1동","1769","844","925","0","216","280","472","488","313","0","56","101","185","251","251","0","160","179","287","237","62"
"20233","11350611","하계1동","4631","2934","1697","10","541","947","1177","1316","640","7","252","547","704","929","495","3","289","400","473","387","145"
"20233","11380551","갈현1동","2607","1348","1259","11","445","605","620","564","362","7","183","321","312","288","237","4","262","284","308","276","125"
"20233","11380510","녹번동","5199","2759","2440","14","602","1221","1380","1375","607","9","291","593","665","805","396","5","311","628","715","570","211"
"20233","11380650","수색동","1766","1115","651","0","231","468","426","349","292","0","114","299","263","220","219","0","117","169","163","129","73"
"20233","11380600","응암3동","2243","1094","1149","1","246","524","620","544","308","0","93","261","288","251","201","1","153","263","332","293","107"
"20233","11380690","진관동","3595","1885","1710","4","367","871","969","867","517","2","170","543","543","367","260","2","197","328","426","500","257"
"20233","11410555","북아현동","1845","1353","492","0","191","416","503","517","218","0","82","314","396","401","160","0","109","102","107","116","58"
"20233","11410565","충현동","14173","8784","5389","22","1788","3587","3729","3349","1698","13","845","2173","2366","2194","1193","9","943","1414","1363","1155","505"
"20233","11440630","신수동","5675","3230","2445","14","686","1567","1578","1378","452","12","255","740","902","974","347","2","431","827","676","404","105"
"20233","11470540","목4동","2879","1741","1138","7","354","627","828","712","351","4","144","373","493","453","274","3","210","254","335","259","77"
"20233","11470640","신정3동","7022","4988","2034","7","565","1340","1751","1490","1869","1","271","806","1186","1041","1683","6","294","534","565","449","186"
"20233","11500520","등촌1동","8609","5163","3446","22","1724","2223","1900","1545","1195","13","636","1404","1311","1008","791","9","1088","819","589","537","404"
"20233","11500510","염창동","19659","9116","10543","50","3048","5769","5855","3303","1634","29","1102","2522","2356","1821","1286","21","1946","3247","3499","1482","348"
"20233","11530740","개봉1동","4844","2808","2036","9","463","1029","1149","1259","935","7","239","570","592","717","683","2","224","459","557","542","252"
"20233","11530530","구로2동","13937","8549","5388","41","1703","3217","3450","3483","2043","20","796","1900","2064","2280","1489","21","907","1317","1386","1203","554"
"20233","11530540","구로3동","52394","34315","18079","202","10890","17618","13256","6528","3900","132","5505","11682","9334","4548","3114","70","5385","5936","3922","1980","786"
"20233","11530800","항동","1601","998","603","2","147","323","512","371","246","1","53","172","316","264","192","1","94","151","196","107","54"
"20233","11545670","시흥1동","6679","3563","3116","15","926","1606","1587","1664","881","10","425","798","798","941","591","5","501","808","789","723","290"
"20233","11560560","당산2동","14108","9461","4647","48","2208","3163","3415","3108","2166","22","1130","1980","2383","2282","1664","26","1078","1183","1032","826","502"
"20233","11590630","사당2동","2674","1472","1202","15","427","777","722","492","241","6","208","472","426","226","134","9","219","305","296","266","107"
"20233","11590640","사당3동","3596","2099","1497","3","446","802","955","838","552","0","176","433","585","500","405","3","270","369","370","338","147"
"20233","11590605","흑석동","1446","824","622","2","197","319","389","321","218","1","100","177","223","176","147","1","97","142","166","145","71"
"20233","11620715","난향동","1315","649","666","1","151","289","365","283","226","0","41","132","152","144","180","1","110","157","213","139","46"
"20233","11620655","신원동","1011","576","435","5","113","213","247","244","189","3","60","118","146","143","106","2","53","95","101","101","83"
"20233","11620725","조원동","3254","2026","1228","7","613","788","789","699","358","2","285","513","503","469","254","5","328","275","286","230","104"
"20233","11650550","반포본동","24429","13311","11118","37","4041","8064","6985","4177","1125","22","1479","4403","3916","2614","877","15","2562","3661","3069","1563","248"
"20233","11650530","서초3동","68236","40512","27724","193","11708","20440","17471","12437","5987","88","4953","11908","11177","8110","4276","105","6755","8532","6294","4327","1711"
"20233","11680690","개포4동","8809","6333","2476","21","1063","1992","2481","2105","1147","9","526","1333","1880","1637","948","12","537","659","601","468","199"
"20233","11680510","신사동","27942","16647","11295","98","5802","8429","7084","4252","2277","41","2251","5152","4743","2778","1682","57","3551","3277","2341","1474","595"
"20233","11710642","문정2동","41453","26054","15399","81","5936","12616","12707","7337","2776","36","2842","7120","8712","5617","1727","45","3094","5496","3995","1720","1049"
"20233","11710610","삼전동","7762","5230","2532","5","936","1763","1740","1549","1769","5","530","1154","1145","951","1445","0","406","609","595","598","324"
"20233","11710600","석촌동","8870","5856","3014","20","1074","2021","2072","1815","1868","12","607","1458","1402","1073","1304","8","467","563","670","742","564"
"20233","11710590","송파2동","14196","8974","5222","63","2237","3514","3721","3393","1268","47","1080","2233","2681","2128","805","16","1157","1281","1040","1265","463"
"20233","11740560","고덕2동","1985","1260","725","0","118","259","426","694","488","0","27","115","243","481","394","0","91","144","183","213","94"
"20233","11740650","성내2동","2304","1410","894","7","391","474","511","467","454","3","252","290","298","287","280","4","139","184","213","180","174"
"20233","11740580","암사2동","2638","964","1674","3","269","441","620","793","512","3","97","204","251","229","180","0","172","237","369","564","332"
"20233","11110580","교남동","847","498","349","3","100","217","222","173","132","1","35","111","132","116","103","2","65","106","90","57","29"
"20233","11110550","부암동","4115","2286","1829","8","695","1179","1099","798","336","3","287","651","630","483","232","5","408","528","469","315","104"
"20233","11110700","숭인1동","460","210","250","1","87","99","102","101","70","0","16","42","51","53","48","1","71","57","51","48","22"
"20233","11110710","숭인2동","1942","998","944","9","288","341","456","464","384","5","89","162","255","278","209","4","199","179","201","186","175"
"20233","11110515","청운효자동","10628","6827","3801","65","1929","3064","2954","1874","742","7","842","1921","2196","1349","512","58","1087","1143","758","525","230"
"20233","11140625","다산동","6567","4125","2442","12","1165","2090","1574","1149","577","3","481","1432","1099","702","408","9","684","658","475","447","169"
"20233","11140520","소공동","77533","41196","36337","404","22441","24493","17068","10242","2885","116","7294","12188","12180","7491","1927","288","15147","12305","4888","2751","958"
"20233","11140615","신당동","3199","1726","1473","33","894","680","608","585","399","13","401","354","314","373","271","20","493","326","294","212","128"
"20233","11140580","장충동","10396","5498","4898","51","2383","2853","2688","1978","443","13","839","1601","1603","1139","303","38","1544","1252","1085","839","140"
"20233","11170660","이태원2동","1258","696","562","5","213","404","318","198","120","2","96","223","170","110","95","3","117","181","148","88","25"
"20233","11200660","성수1가2동","6301","4314","1987","24","1008","1280","1327","1359","1303","15","599","850","854","963","1033","9","409","430","473","396","270"
"20233","11215730","군자동","2363","1289","1074","5","295","494","527","536","506","2","119","258","304","283","323","3","176","236","223","253","183"
"20233","11215820","자양1동","12355","9722","2633","5","841","1746","3348","5029","1386","5","376","1117","2681","4367","1176","0","465","629","667","662","210"
"20233","11215750","중곡2동","2814","1604","1210","4","390","568","717","661","474","1","239","330","379","348","307","3","151","238","338","313","167"
"20233","11230600","답십리1동","6333","3031","3302","9","924","1297","1755","1680","668","4","626","866","637","452","446","5","298","431","1118","1228","222"
"20233","11260520","면목2동","1492","821","671","4","152","249","327","436","324","2","51","112","171","247","238","2","101","137","156","189","86"
"20233","11290575","동선동","2511","1246","1265","27","334","520","566","624","440","16","114","226","274","337","279","11","220","294","292","287","161"
"20233","11305534","삼양동","1087","628","459","5","145","205","255","257","220","3","60","98","133","160","174","2","85","107","122","97","46"
"20233","11305635","수유3동","3385","1724","1661","10","367","814","869","876","449","8","144","349","405","534","284","2","223","465","464","342","165"
"20233","11320700","방학2동","1017","474","543","0","95","205","247","208","262","0","40","102","115","103","114","0","55","103","132","105","148"
"20233","11320681","쌍문4동","1365","711","654","0","144","324","378","347","172","0","43","156","192","184","136","0","101","168","186","163","36"
"20233","11320512","창2동","2466","1391","1075","11","299","549","665","571","371","10","137","321","363","293","267","1","162","228","302","278","104"
"20233","11320514","창4동","2724","1708","1016","2","286","524","672","743","497","1","127","277","399","498","406","1","159","247","273","245","91"
"20233","11350619","중계본동","1798","881","917","8","209","368","445","499","269","6","100","188","195","227","165","2","109","180","250","272","104"
"20233","11380520","불광1동","3646","1607","2039","6","523","861","954","838","464","2","193","377","428","368","239","4","330","484","526","470","225"
"20233","11470530","목3동","2504","1376","1128","3","327","551","660","602","361","2","163","320","355","306","230","1","164","231","305","296","131"
"20233","11470560","신월1동","2247","1444","803","6","213","373","517","727","411","3","111","232","314","480","304","3","102","141","203","247","107"
"20233","11470620","신정1동","11571","6760","4811","51","2043","2900","2904","2459","1214","46","852","1805","1741","1428","888","5","1191","1095","1163","1031","326"
"20233","11470650","신정4동","7226","3988","3238","16","1221","1286","1376","1506","1821","8","376","629","698","817","1460","8","845","657","678","689","361"
"20233","11500611","발산1동","3230","1862","1368","4","229","472","852","1035","638","2","103","237","408","598","514","2","126","235","444","437","124"
"20233","11500593","화곡8동","2037","1114","923","7","298","523","565","373","271","6","135","286","282","223","182","1","163","237","283","150","89"
"20233","11530790","수궁동","3693","2490","1203","23","382","709","841","1029","709","20","234","445","526","700","565","3","148","264","315","329","144"
"20233","11530510","신도림동","13037","8565","4472","38","2126","4038","3175","2358","1302","18","890","2755","2286","1629","987","20","1236","1283","889","729","315"
"20233","11530780","오류2동","2785","1685","1100","4","281","624","732","696","448","1","120","353","422","440","349","3","161","271","310","256","99"
"20233","11545690","시흥3동","7990","4735","3255","17","592","1163","1847","2084","2287","8","314","754","1071","1135","1453","9","278","409","776","949","834"
"20233","11545700","시흥4동","1558","936","622","16","243","318","440","378","163","12","148","218","263","176","119","4","95","100","177","202","44"
"20233","11545710","시흥5동","1721","1012","709","21","247","398","427","359","269","15","130","260","249","185","173","6","117","138","178","174","96"
"20233","11560700","대림1동","2425","937","1488","0","785","549","491","412","188","0","166","197","240","208","126","0","619","352","251","204","62"
"20233","11560610","양평1동","12821","7428","5393","53","2537","2953","2834","2570","1874","22","1298","1886","1691","1321","1210","31","1239","1067","1143","1249","664"
"20233","11590650","사당4동","1399","726","673","5","155","229","303","271","436","4","59","115","137","126","285","1","96","114","166","145","151"
"20233","11590651","사당5동","1931","1038","893","2","242","468","579","457","183","1","112","219","297","257","152","1","130","249","282","200","31"
"20233","11620745","삼성동","1795","991","804","9","195","365","476","476","274","2","83","180","251","260","215","7","112","185","225","216","59"
"20233","11620565","성현동","7335","2785","4550","55","1046","1290","1680","2205","1059","31","479","676","763","595","241","24","567","614","917","1610","818"
"20233","11650660","내곡동","14211","9232","4979","62","2050","2934","2992","3044","3129","53","1454","2116","2049","1745","1815","9","596","818","943","1299","1314"
"20233","11650560","반포1동","7332","4498","2834","9","1338","2420","1829","1125","611","2","633","1581","1213","625","444","7","705","839","616","500","167"
"20233","11650580","반포3동","8637","4815","3822","20","1367","2193","1912","1729","1416","7","578","1294","1265","1001","670","13","789","899","647","728","746"
"20233","11680521","논현1동","41576","24313","17263","162","10856","12491","8831","5739","3497","68","4624","7421","5950","3705","2545","94","6232","5070","2881","2034","952"
"20233","11680600","대치1동","20053","10683","9370","37","3668","6545","4998","3118","1687","15","1378","3248","2827","1994","1221","22","2290","3297","2171","1124","466"
"20233","11680545","압구정동","44490","25047","19443","256","9903","13905","10212","6655","3559","102","3671","7810","6873","4381","2210","154","6232","6095","3339","2274","1349"
"20233","11710570","오금동","27438","19217","8221","45","3630","6522","6925","6613","3703","29","2126","4408","5118","5012","2524","16","1504","2114","1807","1601","1179"
"20233","11710566","오륜동","25084","14536","10548","45","4062","7583","6511","5022","1861","14","1636","3946","4187","3325","1428","31","2426","3637","2324","1697","433"
"20233","11710680","잠실3동","21831","14806","7025","108","3990","5469","5434","4132","2698","48","2079","3783","4024","2965","1907","60","1911","1686","1410","1167","791"
"20233","11740515","강일동","1357","886","471","0","196","292","374","333","162","0","98","199","237","215","137","0","98","93","137","118","25"
"20233","11740550","고덕1동","2188","1136","1052","0","240","487","569","526","366","0","108","271","280","241","236","0","132","216","289","285","130"
"20233","11740685","길동","9468","4805","4663","25","1369","1886","2128","2298","1762","15","541","1001","1136","1055","1057","10","828","885","992","1243","705"
"20233","11740530","명일1동","4220","2357","1863","9","623","1131","1061","762","634","4","293","679","693","390","298","5","330","452","368","372","336"
"20233","11740570","암사1동","3940","2413","1527","6","504","843","830","791","966","2","246","550","529","537","549","4","258","293","301","254","417"
"20233","11110600","가회동","11728","8729","2999","7","1263","4028","3519","2201","710","6","655","2966","2750","1810","542","1","608","1062","769","391","168"
"20233","11110690","창신3동","300","142","158","1","38","80","74","78","29","0","14","34","35","41","18","1","24","46","39","37","11"
"20233","11140550","명동","72930","42220","30710","107","11914","24562","19786","12954","3607","41","4764","12669","12754","9554","2438","66","7150","11893","7032","3400","1169"
"20233","11140570","필동","17346","8148","9198","41","2497","4384","5350","3789","1285","16","843","2169","2511","1781","828","25","1654","2215","2839","2008","457"
"20233","11170570","원효로2동","4609","3303","1306","17","726","1387","1277","740","462","7","416","989","980","547","364","10","310","398","297","193","98"
"20233","11170510","후암동","2324","1371","953","9","361","509","641","516","288","7","137","304","418","306","199","2","224","205","223","210","89"
"20233","11200540","마장동","7683","5451","2232","32","651","1345","1769","2510","1376","28","387","920","1288","1803","1025","4","264","425","481","707","351"
"20233","11200550","사근동","2650","1837","813","2","159","472","841","788","388","2","59","297","569","596","314","0","100","175","272","192","74"
"20233","11200535","왕십리도선동","5949","2726","3223","23","982","1143","1247","1456","1098","4","341","631","669","614","467","19","641","512","578","842","631"
"20233","11215850","구의1동","3628","2155","1473","9","515","899","1000","818","387","8","269","519","553","530","276","1","246","380","447","288","111"
"20233","11230740","이문1동","4076","1851","2225","3","781","1042","1081","784","385","2","164","402","537","471","275","1","617","640","544","313","110"
"20233","11230705","청량리동","4909","2614","2295","7","873","1407","941","916","765","5","334","799","527","516","433","2","539","608","414","400","332"
"20233","11260575","면목3?8동","3459","2159","1300","7","341","614","876","936","685","2","118","323","518","673","525","5","223","291","358","263","160"
"20233","11260690","신내2동","3776","2095","1681","8","503","948","927","926","464","5","209","446","476","601","358","3","294","502","451","325","106"
"20233","11260600","중화1동","1955","1034","921","0","231","422","496","461","345","0","87","173","241","257","276","0","144","249","255","204","69"
"20233","11290580","돈암1동","2329","1067","1262","9","677","705","484","321","133","0","162","352","257","181","115","9","515","353","227","140","18"
"20233","11290590","돈암2동","11726","7090","4636","44","1806","2813","3721","2083","1259","13","834","1672","2483","1535","553","31","972","1141","1238","548","706"
"20233","11305545","송중동","2249","1126","1123","13","239","363","636","577","421","11","98","158","279","282","298","2","141","205","357","295","123"
"20233","11320513","창3동","775","403","372","1","82","159","233","192","108","0","23","87","136","93","64","1","59","72","97","99","44"
"20233","11350665","상계3?4동","2343","1623","720","1","143","225","563","854","557","0","53","113","356","647","454","1","90","112","207","207","103"
"20233","11380631","신사1동","2475","1318","1157","2","267","513","566","607","520","0","108","252","308","291","359","2","159","261","258","316","161"
"20233","11380632","신사2동","1918","1332","586","5","228","379","473","475","358","5","169","255","279","313","311","0","59","124","194","162","47"
"20233","11380625","역촌동","4694","2257","2437","13","779","952","1204","1060","686","3","282","432","566","512","462","10","497","520","638","548","224"
"20233","11410520","천연동","1823","985","838","2","163","301","468","629","260","2","55","136","264","369","159","0","108","165","204","260","101"
"20233","11410685","홍은2동","5835","3769","2066","38","926","1570","1420","1250","631","32","524","1029","916","820","448","6","402","541","504","430","183"
"20233","11410640","홍제3동","1201","596","605","4","116","149","247","307","378","1","41","59","115","157","223","3","75","90","132","150","155"
"20233","11440555","아현동","11780","6477","5303","23","2240","3776","3328","2004","409","9","975","2113","1872","1217","291","14","1265","1663","1456","787","118"
"20233","11440680","합정동","5738","3211","2527","14","955","1644","1487","1049","589","11","379","809","935","673","404","3","576","835","552","376","185"
"20233","11470520","목2동","5530","3082","2448","4","766","1343","1466","1257","694","3","362","729","810","727","451","1","404","614","656","530","243"
"20233","11500603","가양1동","5337","3304","2033","4","589","1111","1212","1288","1133","2","247","674","720","830","831","2","342","437","492","458","302"
"20233","11500605","가양3동","3216","2060","1156","13","542","708","898","664","391","7","352","475","573","394","259","6","190","233","325","270","132"
"20233","11530720","고척1동","7767","5490","2277","7","690","1575","2040","2362","1093","5","361","1045","1423","1771","885","2","329","530","617","591","208"
"20233","11545640","독산4동","1765","991","774","2","225","303","376","416","443","1","128","180","220","205","257","1","97","123","156","211","186"
"20233","11560710","대림2동","4606","2336","2270","27","855","1092","1021","707","904","8","328","577","443","397","583","19","527","515","578","310","321"
"20233","11560720","대림3동","6057","3897","2160","17","635","1258","1552","1442","1153","5","328","877","1105","901","681","12","307","381","447","541","472"
"20233","11560515","영등포본동","5708","3229","2479","36","808","1406","1461","1375","622","15","347","711","835","853","468","21","461","695","626","522","154"
"20233","11590520","노량진2동","4687","2431","2256","11","746","1363","1135","951","481","3","389","592","527","608","312","8","357","771","608","343","169"
"20233","11590620","사당1동","3916","2054","1862","9","659","963","1044","718","523","4","217","469","523","427","414","5","442","494","521","291","109"
"20233","11590550","상도3동","1371","776","595","1","119","278","361","320","292","1","68","182","212","159","154","0","51","96","149","161","138"
"20233","11590680","신대방2동","22031","14020","8011","54","4027","4597","4124","5144","4085","30","3041","3521","2633","2623","2172","24","986","1076","1491","2521","1913"
"20233","11620775","난곡동","1481","807","674","0","165","296","361","425","234","0","68","153","180","237","169","0","97","143","181","188","65"
"20233","11620765","미성동","3689","2177","1512","28","364","650","866","953","828","22","226","379","483","494","573","6","138","271","383","459","255"
"20233","11650620","방배3동","17809","11648","6161","114","2781","5297","4805","2896","1916","37","1413","3322","3453","1995","1428","77","1368","1975","1352","901","488"
"20233","11680670","개포2동","9490","6220","3270","35","1658","2701","2271","1757","1068","14","884","1810","1564","1122","826","21","774","891","707","635","242"
"20233","11680630","대치4동","33305","20468","12837","149","5336","9904","9047","5656","3213","21","2296","5995","6187","3965","2004","128","3040","3909","2860","1691","1209"
"20233","11680655","도곡1동","40888","28978","11910","97","6985","9515","11398","10350","2543","71","3545","6237","8574","8481","2070","26","3440","3278","2824","1869","473"
"20233","11710532","거여2동","2952","1523","1429","13","377","486","723","879","474","6","209","286","369","394","259","7","168","200","354","485","215"
"20233","11710641","문정1동","34975","27013","7962","17","3178","6528","10070","13196","1986","9","1869","4711","7830","11299","1295","8","1309","1817","2240","1897","691"
"20233","11740540","명일2동","2874","1969","905","5","337","819","768","610","335","3","172","581","558","393","262","2","165","238","210","217","73"
"20233","11740660","성내3동","4641","2789","1852","15","658","1034","1162","962","810","13","344","656","703","541","532","2","314","378","459","421","278"
"20233","11740610","천호2동","3817","1970","1847","14","484","802","933","884","700","8","199","378","464","440","481","6","285","424","469","444","219"
"20233","11740620","천호3동","2763","1566","1197","3","170","305","475","502","1308","3","64","139","236","255","869","0","106","166","239","247","439"